-0.4925 	0.00045985 	-6.17986e-18 	1.13026 	1.0358
-0.4875 	0.00075975 	-3.32978e-18 	1.19976 	1.05377
-0.4825 	0.00105965 	-5.4169e-18 	1.26438 	1.07
-0.4775 	0.00135955 	-1.06861e-17 	1.33976 	1.08843
-0.4725 	0.00165945 	-1.39157e-17 	1.393 	1.10116
-0.4675 	0.00195935 	-1.43914e-17 	1.42609 	1.10887
-0.4625 	0.00225925 	-1.56275e-17 	1.47055 	1.11883
-0.4575 	0.00255915 	-1.60666e-17 	1.50022 	1.12566
-0.4525 	0.00285905 	-1.73853e-17 	1.50965 	1.12787
-0.4475 	0.00315895 	-2.50994e-17 	1.52189 	1.13064
-0.4425 	0.00345885 	-2.82165e-17 	1.51991 	1.13032
-0.4375 	0.00375875 	-2.55535e-17 	1.51411 	1.12917
-0.4325 	0.00405865 	-2.8058e-17 	1.50161 	1.12656
-0.4275 	0.00435855 	-3.05137e-17 	1.48051 	1.12195
-0.4225 	0.00465845 	-3.24328e-17 	1.45761 	1.11678
-0.4175 	0.00495835 	-3.25331e-17 	1.43918 	1.11258
-0.4125 	0.00525825 	-2.87682e-17 	1.42303 	1.10889
-0.4075 	0.00555815 	-2.6631e-17 	1.40954 	1.10586
-0.4025 	0.00585805 	-2.53707e-17 	1.4026 	1.10411
-0.3975 	0.00615795 	-2.53842e-17 	1.40288 	1.10411
-0.3925 	0.00645785 	-2.34652e-17 	1.40362 	1.10423
-0.3875 	0.00675775 	-2.37688e-17 	1.40296 	1.10404
-0.3825 	0.00705765 	-2.81599e-17 	1.39964 	1.10328
-0.3775 	0.00735755 	-3.01629e-17 	1.39263 	1.10174
-0.3725 	0.00765745 	-3.20007e-17 	1.38903 	1.10091
-0.3675 	0.00795735 	-2.86153e-17 	1.38796 	1.10065
-0.3625 	0.00825725 	-2.27755e-17 	1.38622 	1.10024
-0.3575 	0.00855715 	-2.22321e-17 	1.38239 	1.09935
-0.3525 	0.00885705 	-2.34668e-17 	1.38134 	1.09913
-0.3475 	0.00915695 	-2.31957e-17 	1.38197 	1.09927
-0.3425 	0.00945685 	-2.11602e-17 	1.3837 	1.09967
-0.3375 	0.00975675 	-2.29857e-17 	1.3835 	1.09962
-0.3325 	0.0100567 	-2.39493e-17 	1.38322 	1.09953
-0.3275 	0.0103566 	-2.12144e-17 	1.38357 	1.09961
-0.3225 	0.0106565 	-2.48831e-17 	1.38469 	1.09986
-0.3175 	0.0109564 	-2.69892e-17 	1.38648 	1.10026
-0.3125 	0.0112563 	-2.77468e-17 	1.38874 	1.10077
-0.3075 	0.0115562 	-3.31719e-17 	1.39125 	1.10134
-0.3025 	0.0118561 	-3.46194e-17 	1.3948 	1.10214
-0.2975 	0.012156 	-3.66563e-17 	1.39611 	1.1024
-0.2925 	0.0124559 	-3.96867e-17 	1.39626 	1.10242
-0.2875 	0.0127558 	-3.84155e-17 	1.39642 	1.10245
-0.2825 	0.0130557 	-3.47984e-17 	1.39641 	1.10245
-0.2775 	0.0133556 	-2.96877e-17 	1.39594 	1.10236
-0.2725 	0.0136555 	-2.43481e-17 	1.39478 	1.10211
-0.2675 	0.0139554 	-1.64212e-17 	1.39429 	1.10197
-0.2625 	0.0142553 	-8.52282e-18 	1.39407 	1.10189
-0.2575 	0.0145552 	-1.11367e-18 	1.39359 	1.10176
-0.2525 	0.0148551 	8.41644e-18 	1.39341 	1.10174
-0.2475 	0.015155 	1.60221e-17 	1.39341 	1.10174
-0.2425 	0.0154549 	1.94319e-17 	1.39355 	1.10178
-0.2375 	0.0157548 	2.19215e-17 	1.39399 	1.10189
-0.2325 	0.0160547 	2.29853e-17 	1.39419 	1.10191
-0.2275 	0.0163546 	1.99698e-17 	1.39421 	1.1019
-0.2225 	0.0166545 	1.99468e-17 	1.39427 	1.1019
-0.2175 	0.0169544 	1.65139e-17 	1.39444 	1.10194
-0.2125 	0.0172543 	1.18518e-17 	1.39443 	1.10194
-0.2075 	0.0175542 	1.78894e-17 	1.39417 	1.10189
-0.2025 	0.0178541 	2.2355e-17 	1.39361 	1.10178
-0.1975 	0.018154 	2.05159e-17 	1.39328 	1.10168
-0.1925 	0.0184539 	1.86578e-17 	1.39317 	1.10165
-0.1875 	0.0187538 	1.60841e-17 	1.39326 	1.10166
-0.1825 	0.0190537 	1.2963e-17 	1.39392 	1.10181
-0.1775 	0.0193536 	1.48142e-17 	1.39465 	1.10199
-0.1725 	0.0196535 	1.93367e-17 	1.39479 	1.10202
-0.1675 	0.0199534 	1.80437e-17 	1.39459 	1.10197
-0.1625 	0.0202533 	1.54267e-17 	1.39405 	1.10184
-0.1575 	0.0205532 	1.45295e-17 	1.39344 	1.1017
-0.1525 	0.0208531 	1.38844e-17 	1.39298 	1.10159
-0.1475 	0.021153 	1.9777e-17 	1.39279 	1.10155
-0.1425 	0.0214529 	2.60139e-17 	1.39282 	1.10156
-0.1375 	0.0217528 	2.67945e-17 	1.39338 	1.10169
-0.1325 	0.0220527 	2.92813e-17 	1.39447 	1.10194
-0.1275 	0.0223526 	3.00281e-17 	1.39515 	1.10208
-0.1225 	0.0226525 	2.94222e-17 	1.39522 	1.10209
-0.1175 	0.0229524 	2.93721e-17 	1.39496 	1.10202
-0.1125 	0.0232523 	2.96594e-17 	1.39416 	1.10184
-0.1075 	0.0235522 	2.99453e-17 	1.39331 	1.10166
-0.1025 	0.0238521 	2.80466e-17 	1.39291 	1.10157
-0.0975 	0.024152 	2.37517e-17 	1.39284 	1.10155
-0.0925 	0.0244519 	2.24249e-17 	1.39294 	1.10157
-0.0875 	0.0247518 	2.53807e-17 	1.39359 	1.10171
-0.0825 	0.0250517 	2.39658e-17 	1.39451 	1.10191
-0.0775 	0.0253516 	2.15656e-17 	1.39498 	1.10202
-0.0725 	0.0256515 	2.22879e-17 	1.39503 	1.10203
-0.0675 	0.0259514 	2.10763e-17 	1.39477 	1.10197
-0.0625 	0.0262513 	1.60619e-17 	1.39388 	1.10177
-0.0575 	0.0265512 	1.12954e-17 	1.39324 	1.10162
-0.0525 	0.0268511 	1.20096e-17 	1.39308 	1.10158
-0.0475 	0.027151 	1.48692e-17 	1.39306 	1.10158
-0.0425 	0.0274509 	1.45744e-17 	1.39324 	1.10161
-0.0375 	0.0277508 	1.44808e-17 	1.39388 	1.10176
-0.0325 	0.0280507 	1.35138e-17 	1.39447 	1.10189
-0.0275 	0.0283506 	1.50486e-17 	1.3947 	1.10194
-0.0225 	0.0286505 	1.7713e-17 	1.39474 	1.10195
-0.0175 	0.0289504 	1.91774e-17 	1.39467 	1.10193
-0.0125 	0.0292503 	2.41945e-17 	1.39418 	1.10182
-0.0075 	0.0295502 	2.71896e-17 	1.3936 	1.10169
-0.0025 	0.0298501 	2.13376e-17 	1.39351 	1.10166
