-0.4975 	-0.00015995 	-2.77002e-18 	3.94092 	-0.00215912 	0
-0.4925 	-0.00045985 	-1.38226e-18 	3.93151 	0.00510876 	0
-0.4875 	-0.00075975 	-1.72923e-18 	3.91917 	-0.0380653 	0
-0.4825 	-0.00105965 	-4.85176e-18 	3.90836 	-0.0483888 	0
-0.4775 	-0.00135955 	-7.62734e-18 	3.90887 	-0.0283586 	0
-0.4725 	-0.00165945 	-6.23958e-18 	3.89158 	-0.0774321 	0
-0.4675 	-0.00195935 	-6.2396e-18 	3.88583 	-0.104308 	0
-0.4625 	-0.00225925 	-1.0056e-17 	3.89498 	-0.0994607 	0
-0.4575 	-0.00255915 	-9.01521e-18 	3.87299 	-0.130606 	0
-0.4525 	-0.00285905 	-8.32134e-18 	3.86762 	-0.150407 	0
-0.4475 	-0.00315895 	-1.83828e-17 	3.86791 	-0.16623 	0
-0.4425 	-0.00345885 	-2.324e-17 	3.86528 	-0.180564 	0
-0.4375 	-0.00375875 	-2.21992e-17 	3.86172 	-0.199701 	0
-0.4325 	-0.00405865 	-2.3587e-17 	3.85421 	-0.215527 	0
-0.4275 	-0.00435855 	-2.32401e-17 	3.84902 	-0.227242 	0
-0.4225 	-0.00465845 	-2.91382e-17 	3.84643 	-0.239392 	0
-0.4175 	-0.00495835 	-3.71179e-17 	3.84667 	-0.238295 	0
-0.4125 	-0.00525825 	-4.12813e-17 	3.84925 	-0.242062 	0
-0.4075 	-0.00555815 	-4.3363e-17 	3.84936 	-0.247968 	0
-0.4025 	-0.00585805 	-4.85672e-17 	3.84956 	-0.244172 	0
-0.3975 	-0.00615795 	-5.37714e-17 	3.8501 	-0.241832 	0
-0.3925 	-0.00645785 	-5.34244e-17 	3.85024 	-0.239242 	0
-0.3875 	-0.00675775 	-5.48122e-17 	3.85024 	-0.238593 	0
-0.3825 	-0.00705765 	-5.34245e-17 	3.85078 	-0.237863 	0
-0.3775 	-0.00735755 	-5.09959e-17 	3.85164 	-0.237607 	0
-0.3725 	-0.00765745 	-5.82818e-17 	3.85278 	-0.235908 	0
-0.3675 	-0.00795735 	-6.52207e-17 	3.85358 	-0.235789 	0
-0.3625 	-0.00825725 	-5.93226e-17 	3.8544 	-0.236595 	0
-0.3575 	-0.00855715 	-5.41185e-17 	3.85592 	-0.236574 	0
-0.3525 	-0.00885705 	-5.16899e-17 	3.85741 	-0.235841 	0
-0.3475 	-0.00915695 	-5.16899e-17 	3.85805 	-0.235021 	0
-0.3425 	-0.00945685 	-5.41186e-17 	3.8592 	-0.233324 	0
-0.3375 	-0.00975675 	-4.92614e-17 	3.8597 	-0.232811 	0
-0.3325 	-0.0100566 	-4.85675e-17 	3.86028 	-0.231723 	0
-0.3275 	-0.0103565 	-5.51595e-17 	3.86045 	-0.231104 	0
-0.3225 	-0.0106564 	-6.38331e-17 	3.85992 	-0.230708 	0
-0.3175 	-0.0109563 	-6.66087e-17 	3.85911 	-0.230209 	0
-0.3125 	-0.0112562 	-6.73026e-17 	3.85858 	-0.229736 	0
-0.3075 	-0.0115561 	-6.97312e-17 	3.85864 	-0.229166 	0
-0.3025 	-0.011856 	-6.97313e-17 	3.85983 	-0.228186 	0
-0.2975 	-0.0121559 	-6.93843e-17 	3.86123 	-0.229181 	0
-0.2925 	-0.0124558 	-7.1813e-17 	3.86195 	-0.230089 	0
-0.2875 	-0.0127557 	-7.59763e-17 	3.86143 	-0.230349 	0
-0.2825 	-0.0130556 	-7.35477e-17 	3.86128 	-0.23033 	0
-0.2775 	-0.0133555 	-7.00783e-17 	3.86114 	-0.230239 	0
-0.2725 	-0.0136554 	-6.48742e-17 	3.86249 	-0.230334 	0
-0.2675 	-0.0139553 	-5.27311e-17 	3.8639 	-0.230666 	0
-0.2625 	-0.0142552 	-4.44045e-17 	3.86435 	-0.231494 	0
-0.2575 	-0.0145551 	-4.33637e-17 	3.8645 	-0.231929 	0
-0.2525 	-0.014855 	-4.47515e-17 	3.86478 	-0.232011 	0
-0.2475 	-0.0151549 	-4.50984e-17 	3.86486 	-0.231912 	0
-0.2425 	-0.0154548 	-4.44046e-17 	3.8651 	-0.231744 	0
-0.2375 	-0.0157547 	-4.33638e-17 	3.86532 	-0.231577 	0
-0.2325 	-0.0160546 	-4.16291e-17 	3.86553 	-0.231517 	0
-0.2275 	-0.0163545 	-3.78127e-17 	3.86576 	-0.231526 	0
-0.2225 	-0.0166544 	-3.53841e-17 	3.86601 	-0.231566 	0
-0.2175 	-0.0169543 	-3.71189e-17 	3.86613 	-0.231589 	0
-0.2125 	-0.0172542 	-4.267e-17 	3.86612 	-0.231579 	0
-0.2075 	-0.0175541 	-4.96089e-17 	3.86618 	-0.231589 	0
-0.2025 	-0.017854 	-5.41192e-17 	3.86643 	-0.231762 	0
-0.1975 	-0.0181539 	-5.34254e-17 	3.86677 	-0.231969 	0
-0.1925 	-0.0184538 	-5.27315e-17 	3.86694 	-0.232086 	0
-0.1875 	-0.0187537 	-5.48132e-17 	3.86718 	-0.232186 	0
-0.1825 	-0.0190536 	-5.55071e-17 	3.86751 	-0.232134 	0
-0.1775 	-0.0193535 	-5.6548e-17 	3.86754 	-0.231805 	0
-0.1725 	-0.0196534 	-5.89766e-17 	3.86749 	-0.231626 	0
-0.1675 	-0.0199533 	-6.00175e-17 	3.86753 	-0.231566 	0
-0.1625 	-0.0202532 	-6.34869e-17 	3.86761 	-0.231609 	0
-0.1575 	-0.0205531 	-6.69564e-17 	3.86767 	-0.231769 	0
-0.1525 	-0.020853 	-6.62625e-17 	3.86779 	-0.232013 	0
-0.1475 	-0.0211529 	-6.52217e-17 	3.86791 	-0.232204 	0
-0.1425 	-0.0214528 	-6.48748e-17 	3.86797 	-0.232271 	0
-0.1375 	-0.0217527 	-6.62626e-17 	3.86823 	-0.2323 	0
-0.1325 	-0.0220526 	-6.62626e-17 	3.86853 	-0.232097 	0
-0.1275 	-0.0223525 	-6.86913e-17 	3.86856 	-0.231758 	0
-0.1225 	-0.0226524 	-7.28546e-17 	3.86856 	-0.231634 	0
-0.1175 	-0.0229523 	-7.35485e-17 	3.86856 	-0.23158 	0
-0.1125 	-0.0232522 	-7.56302e-17 	3.86852 	-0.231647 	0
-0.1075 	-0.0235521 	-7.80589e-17 	3.86852 	-0.231925 	0
-0.1025 	-0.023852 	-7.84058e-17 	3.86861 	-0.232179 	0
-0.0975 	-0.0241519 	-7.87528e-17 	3.86868 	-0.232278 	0
-0.0925 	-0.0244518 	-7.87528e-17 	3.8688 	-0.232345 	0
-0.0875 	-0.0247517 	-8.01406e-17 	3.86916 	-0.232367 	0
-0.0825 	-0.0250516 	-8.32632e-17 	3.86945 	-0.232195 	0
-0.0775 	-0.0253515 	-8.60387e-17 	3.86939 	-0.231913 	0
-0.0725 	-0.0256514 	-8.95082e-17 	3.86937 	-0.231796 	0
-0.0675 	-0.0259513 	-9.26307e-17 	3.8693 	-0.231718 	0
-0.0625 	-0.0262512 	-9.22838e-17 	3.86917 	-0.231772 	0
-0.0575 	-0.0265511 	-9.33247e-17 	3.86925 	-0.232015 	0
-0.0525 	-0.026851 	-9.47125e-17 	3.86938 	-0.232184 	0
-0.0475 	-0.0271509 	-9.43656e-17 	3.86943 	-0.23226 	0
-0.0425 	-0.0274508 	-9.67942e-17 	3.86958 	-0.232343 	0
-0.0375 	-0.0277507 	-9.99167e-17 	3.86991 	-0.232343 	0
-0.0325 	-0.0280506 	-9.95698e-17 	3.87006 	-0.232187 	0
-0.0275 	-0.0283505 	-9.67943e-17 	3.87 	-0.232011 	0
-0.0225 	-0.0286504 	-9.19371e-17 	3.86998 	-0.231914 	0
-0.0175 	-0.0289503 	-8.70799e-17 	3.86994 	-0.23185 	0
-0.0125 	-0.0292502 	-8.60391e-17 	3.8698 	-0.231791 	0
-0.0075 	-0.0295501 	-8.6386e-17 	3.86992 	-0.232047 	0
-0.0025 	-0.02985 	-8.84677e-17 	3.8701 	-0.232153 	0
