-0.49625 	0.000234925 	1.07907e-17 	3.92957 	0.0221684 	0
-0.49375 	0.000384875 	1.24035e-17 	3.91763 	0.0272642 	0
-0.49125 	0.000534825 	1.37939e-17 	3.91541 	0.0104461 	0
-0.48875 	0.000684775 	9.37037e-18 	3.90037 	0.0620331 	0
-0.48625 	0.000834725 	7.50281e-18 	3.8935 	0.0890535 	0
-0.48375 	0.000984675 	6.66795e-18 	3.89801 	0.0758531 	0
-0.48125 	0.00113463 	1.56134e-18 	3.87839 	0.110807 	0
-0.47875 	0.00128458 	2.65636e-18 	3.8718 	0.136002 	0
-0.47625 	0.00143453 	4.38835e-18 	3.87844 	0.143155 	0
-0.47375 	0.00158448 	4.38561e-18 	3.8693 	0.165171 	0
-0.47125 	0.00173443 	7.70054e-18 	3.86544 	0.184614 	0
-0.46875 	0.00188437 	1.30348e-17 	3.85869 	0.19951 	0
-0.46625 	0.00203432 	1.84829e-17 	3.85206 	0.213615 	0
-0.46375 	0.00218427 	1.97324e-17 	3.84758 	0.227051 	0
-0.46125 	0.00233422 	1.47125e-17 	3.84651 	0.235618 	0
-0.45875 	0.00248417 	1.18909e-17 	3.84914 	0.241714 	0
-0.45625 	0.00263412 	1.07768e-17 	3.85019 	0.249094 	0
-0.45375 	0.00278407 	1.27121e-17 	3.85014 	0.243818 	0
-0.45125 	0.00293402 	1.69378e-17 	3.84992 	0.240553 	0
-0.44875 	0.00308397 	1.44143e-17 	3.85015 	0.24109 	0
-0.44625 	0.00323392 	1.04352e-17 	3.85037 	0.24099 	0
-0.44375 	0.00338387 	1.21157e-17 	3.84991 	0.239007 	0
-0.44125 	0.00353382 	1.45063e-17 	3.85022 	0.237549 	0
-0.43875 	0.00368377 	1.30806e-17 	3.8511 	0.237201 	0
-0.43625 	0.00383372 	1.2037e-17 	3.85174 	0.236772 	0
-0.43375 	0.00398367 	1.3853e-17 	3.85296 	0.23759 	0
-0.43125 	0.00413362 	1.60214e-17 	3.8551 	0.237019 	0
-0.42875 	0.00428357 	1.84771e-17 	3.85699 	0.235237 	0
-0.42625 	0.00443352 	2.63565e-17 	3.85779 	0.23406 	0
-0.42375 	0.00458347 	3.36098e-17 	3.85856 	0.234373 	0
-0.42125 	0.00473342 	3.24605e-17 	3.85931 	0.233723 	0
-0.41875 	0.00488337 	2.98205e-17 	3.85957 	0.23304 	0
-0.41625 	0.00503332 	3.18371e-17 	3.85952 	0.232849 	0
-0.41375 	0.00518327 	3.48267e-17 	3.85928 	0.232444 	0
-0.41125 	0.00533322 	3.15795e-17 	3.85888 	0.231223 	0
-0.40875 	0.00548317 	2.8766e-17 	3.85907 	0.229879 	0
-0.40625 	0.00563312 	3.41599e-17 	3.86003 	0.229034 	0
-0.40375 	0.00578307 	3.99359e-17 	3.86093 	0.228751 	0
-0.40125 	0.00593302 	3.93505e-17 	3.86106 	0.229234 	0
-0.39875 	0.00608297 	3.57373e-17 	3.86097 	0.229802 	0
-0.39625 	0.00623292 	3.41273e-17 	3.85982 	0.229252 	0
-0.39375 	0.00638287 	3.04274e-17 	3.86019 	0.228951 	0
-0.39125 	0.00653282 	2.77494e-17 	3.86111 	0.229256 	0
-0.38875 	0.00668277 	3.04246e-17 	3.86296 	0.230333 	0
-0.38625 	0.00683272 	3.61655e-17 	3.86377 	0.231572 	0
-0.38375 	0.00698267 	3.75234e-17 	3.86385 	0.23208 	0
-0.38125 	0.00713262 	3.15196e-17 	3.8641 	0.231943 	0
-0.37875 	0.00728257 	2.6085e-17 	3.86452 	0.231674 	0
-0.37625 	0.00743252 	2.59359e-17 	3.86474 	0.231475 	0
-0.37375 	0.00758247 	2.79878e-17 	3.86501 	0.231432 	0
-0.37125 	0.00773242 	2.79742e-17 	3.86514 	0.231462 	0
-0.36875 	0.00788237 	2.67951e-17 	3.8654 	0.231495 	0
-0.36625 	0.00803232 	2.97387e-17 	3.8656 	0.23152 	0
-0.36375 	0.00818227 	2.97929e-17 	3.86572 	0.231611 	0
-0.36125 	0.00833222 	2.91179e-17 	3.86577 	0.231641 	0
-0.35875 	0.00848218 	2.66053e-17 	3.86592 	0.231719 	0
-0.35625 	0.00863213 	2.34096e-17 	3.86617 	0.231798 	0
-0.35375 	0.00878208 	2.51388e-17 	3.8664 	0.231855 	0
-0.35125 	0.00893203 	2.35748e-17 	3.86676 	0.231959 	0
-0.34875 	0.00908198 	2.15365e-17 	3.867 	0.231945 	0
-0.34625 	0.00923193 	2.13684e-17 	3.86703 	0.231705 	0
-0.34375 	0.00938187 	1.93952e-17 	3.86703 	0.231611 	0
-0.34125 	0.00953182 	1.87772e-17 	3.86714 	0.231551 	0
-0.33875 	0.00968177 	1.72674e-17 	3.86733 	0.231682 	0
-0.33625 	0.00983172 	1.12121e-17 	3.86746 	0.231944 	0
-0.33375 	0.00998167 	1.0155e-17 	3.86756 	0.23215 	0
-0.33125 	0.0101316 	1.46381e-17 	3.86764 	0.232243 	0
-0.32875 	0.0102816 	1.521e-17 	3.86777 	0.232283 	0
-0.32625 	0.0104315 	9.58569e-18 	3.86814 	0.232217 	0
-0.32375 	0.0105815 	9.73474e-18 	3.86829 	0.23189 	0
-0.32125 	0.0107314 	1.63321e-17 	3.86823 	0.231628 	0
-0.31875 	0.0108814 	1.9067e-17 	3.86821 	0.231562 	0
-0.31625 	0.0110313 	1.9422e-17 	3.86822 	0.231527 	0
-0.31375 	0.0111813 	2.02135e-17 	3.86823 	0.231693 	0
-0.31125 	0.0113312 	2.05279e-17 	3.86832 	0.232027 	0
-0.30875 	0.0114812 	2.34877e-17 	3.8684 	0.232238 	0
-0.30625 	0.0116311 	2.65506e-17 	3.86844 	0.232298 	0
-0.30375 	0.0117811 	2.44878e-17 	3.86865 	0.232336 	0
-0.30125 	0.011931 	2.21188e-17 	3.86907 	0.232223 	0
-0.29875 	0.012081 	2.31623e-17 	3.8692 	0.23195 	0
-0.29625 	0.0122309 	2.06199e-17 	3.86919 	0.231788 	0
-0.29375 	0.0123809 	1.79121e-17 	3.86917 	0.231727 	0
-0.29125 	0.0125308 	2.08583e-17 	3.86903 	0.231704 	0
-0.28875 	0.0126808 	2.41624e-17 	3.86894 	0.23189 	0
-0.28625 	0.0128307 	2.13679e-17 	3.8691 	0.232162 	0
-0.28375 	0.0129807 	1.98418e-17 	3.8692 	0.232285 	0
-0.28125 	0.0131306 	2.16389e-17 	3.86928 	0.232356 	0
-0.27875 	0.0132806 	2.06414e-17 	3.86957 	0.232387 	0
-0.27625 	0.0134305 	2.58618e-17 	3.86986 	0.232222 	0
-0.27375 	0.0135805 	3.58229e-17 	3.86984 	0.231994 	0
-0.27125 	0.0137304 	4.01109e-17 	3.86983 	0.231894 	0
-0.26875 	0.0138804 	4.27861e-17 	3.86982 	0.231831 	0
-0.26625 	0.0140303 	4.83535e-17 	3.86971 	0.231822 	0
-0.26375 	0.0141803 	5.1663e-17 	3.86963 	0.231953 	0
-0.26125 	0.0143302 	5.214e-17 	3.86978 	0.232114 	0
-0.25875 	0.0144802 	5.25276e-17 	3.86992 	0.232224 	0
-0.25625 	0.0146301 	4.98089e-17 	3.87006 	0.232318 	0
-0.25375 	0.0147801 	4.55344e-17 	3.87035 	0.232394 	0
-0.25125 	0.01493 	4.76784e-17 	3.87048 	0.2323 	0
-0.24875 	0.01508 	5.50998e-17 	3.87036 	0.232113 	0
-0.24625 	0.0152299 	5.79485e-17 	3.87032 	0.231964 	0
-0.24375 	0.0153799 	5.67098e-17 	3.87032 	0.231887 	0
-0.24125 	0.0155298 	5.94121e-17 	3.87031 	0.231871 	0
-0.23875 	0.0156798 	5.78942e-17 	3.87036 	0.232016 	0
-0.23625 	0.0158297 	4.88248e-17 	3.8705 	0.232181 	0
-0.23375 	0.0159797 	4.57402e-17 	3.87058 	0.232282 	0
-0.23125 	0.0161296 	4.75454e-17 	3.87064 	0.232338 	0
-0.22875 	0.0162796 	4.66238e-17 	3.87079 	0.232366 	0
-0.22625 	0.0164295 	4.69463e-17 	3.87092 	0.232297 	0
-0.22375 	0.0165795 	4.74342e-17 	3.8709 	0.232167 	0
-0.22125 	0.0167294 	4.73447e-17 	3.87087 	0.232041 	0
-0.21875 	0.0168794 	5.03127e-17 	3.87085 	0.231976 	0
-0.21625 	0.0170293 	5.16408e-17 	3.87083 	0.231947 	0
-0.21375 	0.0171793 	4.85725e-17 	3.87085 	0.232017 	0
-0.21125 	0.0173292 	4.62117e-17 	3.87096 	0.23216 	0
-0.20875 	0.0174792 	4.0544e-17 	3.87105 	0.23228 	0
-0.20625 	0.0176291 	3.66056e-17 	3.87109 	0.232345 	0
-0.20375 	0.0177791 	3.88986e-17 	3.87115 	0.232375 	0
-0.20125 	0.017929 	3.77141e-17 	3.87129 	0.232345 	0
-0.19875 	0.018079 	3.21603e-17 	3.87133 	0.232214 	0
-0.19625 	0.0182289 	2.72434e-17 	3.87131 	0.232074 	0
-0.19375 	0.0183789 	2.7593e-17 	3.87129 	0.232014 	0
-0.19125 	0.0185288 	2.97641e-17 	3.87127 	0.231994 	0
-0.18875 	0.0186788 	2.54463e-17 	3.87124 	0.232048 	0
-0.18625 	0.0188287 	1.62901e-17 	3.8713 	0.23219 	0
-0.18375 	0.0189787 	1.11944e-17 	3.87138 	0.232301 	0
-0.18125 	0.0191286 	1.13787e-17 	3.87141 	0.232342 	0
-0.17875 	0.0192786 	1.27095e-17 	3.87149 	0.232379 	0
-0.17625 	0.0194285 	1.05844e-17 	3.87166 	0.232351 	0
-0.17375 	0.0195785 	4.36109e-18 	3.8717 	0.232213 	0
-0.17125 	0.0197284 	6.56741e-18 	3.87166 	0.232118 	0
-0.16875 	0.0198784 	1.22866e-17 	3.87164 	0.232083 	0
-0.16625 	0.0200283 	9.47032e-18 	3.87158 	0.232084 	0
-0.16375 	0.0201783 	4.57512e-18 	3.87157 	0.232174 	0
-0.16125 	0.0203282 	-7.23943e-19 	3.87164 	0.232251 	0
-0.15875 	0.0204782 	-3.14445e-18 	3.87169 	0.23229 	0
-0.15625 	0.0206281 	-3.41552e-18 	3.87175 	0.232327 	0
-0.15375 	0.0207781 	-2.58071e-18 	3.87192 	0.232346 	0
-0.15125 	0.020928 	-5.34304e-19 	3.87205 	0.232282 	0
-0.14875 	0.021078 	-4.05528e-18 	3.87199 	0.232199 	0
-0.14625 	0.0212279 	-7.93674e-18 	3.87195 	0.232164 	0
-0.14375 	0.0213779 	-7.36485e-18 	3.87186 	0.232129 	0
-0.14125 	0.0215278 	-7.08569e-18 	3.87178 	0.232138 	0
-0.13875 	0.0216778 	-7.0288e-18 	3.87185 	0.232204 	0
-0.13625 	0.0218277 	-1.04131e-18 	3.87193 	0.232256 	0
-0.13375 	0.0219777 	-2.39029e-19 	3.87199 	0.232299 	0
-0.13125 	0.0221276 	-4.38613e-18 	3.87212 	0.232348 	0
-0.12875 	0.0222776 	-4.61925e-18 	3.87229 	0.232351 	0
-0.12625 	0.0224275 	-3.17706e-19 	3.8723 	0.232292 	0
-0.12375 	0.0225775 	6.51274e-18 	3.87226 	0.232247 	0
-0.12125 	0.0227274 	6.21727e-18 	3.87222 	0.23221 	0
-0.11875 	0.0228774 	4.41747e-18 	3.87214 	0.232186 	0
-0.11625 	0.0230273 	6.83522e-18 	3.87217 	0.232213 	0
-0.11375 	0.0231773 	1.11503e-17 	3.87222 	0.23224 	0
-0.11125 	0.0233272 	1.31127e-17 	3.87227 	0.232267 	0
-0.10875 	0.0234772 	1.11557e-17 	3.87233 	0.232298 	0
-0.10625 	0.0236271 	1.10283e-17 	3.87245 	0.23232 	0
-0.10375 	0.0237771 	1.2538e-17 	3.87248 	0.232298 	0
-0.10125 	0.023927 	9.8085e-18 	3.87245 	0.232279 	0
-0.09875 	0.024077 	5.74272e-18 	3.87241 	0.232256 	0
-0.09625 	0.0242269 	5.3063e-18 	3.87233 	0.23223 	0
-0.09375 	0.0243769 	7.041e-18 	3.8724 	0.232262 	0
-0.09125 	0.0245268 	9.7054e-18 	3.87247 	0.232293 	0
-0.08875 	0.0246768 	1.00279e-17 	3.8725 	0.232319 	0
-0.08625 	0.0248267 	9.99267e-18 	3.87255 	0.23234 	0
-0.08375 	0.0249767 	1.16406e-17 	3.87264 	0.232342 	0
-0.08125 	0.0251266 	8.97076e-18 	3.87266 	0.232307 	0
-0.07875 	0.0252766 	7.49622e-18 	3.87264 	0.232287 	0
-0.07625 	0.0254265 	1.07244e-17 	3.87257 	0.232254 	0
-0.07375 	0.0255765 	8.846e-18 	3.87257 	0.232258 	0
-0.07125 	0.0257264 	7.37959e-18 	3.87262 	0.232288 	0
-0.06875 	0.0258764 	1.08707e-17 	3.87265 	0.232316 	0
-0.06625 	0.0260263 	1.30743e-17 	3.87267 	0.232343 	0
-0.06375 	0.0261763 	1.27246e-17 	3.87272 	0.232373 	0
-0.06125 	0.0263262 	1.19575e-17 	3.87283 	0.232379 	0
-0.05875 	0.0264762 	1.09302e-17 	3.87287 	0.23234 	0
-0.05625 	0.0266261 	1.36272e-17 	3.87284 	0.232318 	0
-0.05375 	0.0267761 	2.0501e-17 	3.87282 	0.232309 	0
-0.05125 	0.026926 	2.31762e-17 	3.8728 	0.232301 	0
-0.04875 	0.027076 	2.28726e-17 	3.87282 	0.232306 	0
-0.04625 	0.0272259 	2.62119e-17 	3.87283 	0.232308 	0
-0.04375 	0.0273759 	2.85308e-17 	3.87284 	0.232307 	0
-0.04125 	0.0275258 	2.52117e-17 	3.87285 	0.232295 	0
-0.03875 	0.0276758 	2.33211e-17 	3.87286 	0.23228 	0
-0.03625 	0.0278257 	2.04222e-17 	3.87286 	0.232257 	0
-0.03375 	0.0279757 	1.769e-17 	3.87287 	0.232239 	0
-0.03125 	0.0281256 	2.01945e-17 	3.87288 	0.232257 	0
-0.02875 	0.0282756 	2.07853e-17 	3.87292 	0.232322 	0
-0.02625 	0.0284255 	1.58224e-17 	3.87295 	0.232381 	0
-0.02375 	0.0285755 	1.23163e-17 	3.87296 	0.23241 	0
-0.02125 	0.0287254 	9.61798e-18 	3.87297 	0.232428 	0
-0.01875 	0.0288754 	1.02143e-17 	3.873 	0.232443 	0
-0.01625 	0.0290253 	1.43356e-17 	3.87309 	0.232415 	0
-0.01375 	0.0291753 	1.48587e-17 	3.87313 	0.232328 	0
-0.01125 	0.0293252 	1.43057e-17 	3.87313 	0.232261 	0
-0.00875 	0.0294752 	1.37975e-17 	3.87312 	0.232239 	0
-0.00625 	0.0296251 	1.47149e-17 	3.87309 	0.232218 	0
-0.00375 	0.0297751 	1.68359e-17 	3.87304 	0.232263 	0
-0.00125 	0.029925 	2.0102e-17 	3.87308 	0.232344 	0
