-0.999134 	1e-05 	7.18136e-18 	3.95 	-7.2848e-16 	0
-0.997402 	1e-05 	6.83442e-18 	3.95 	-1.81721e-15 	0
-0.995674 	1e-05 	6.48747e-18 	3.95 	-2.32563e-15 	0
-0.993948 	1e-05 	6.48747e-18 	3.95 	-1.69072e-15 	0
-0.992226 	1e-05 	6.48747e-18 	3.95 	2.12155e-16 	0
-0.990506 	1e-05 	6.48747e-18 	3.95 	2.5395e-15 	0
-0.98879 	1e-05 	6.48747e-18 	3.95 	1.97739e-15 	0
-0.987076 	1e-05 	6.48747e-18 	3.95 	1.24706e-15 	0
-0.985366 	1e-05 	6.48747e-18 	3.95 	1.27457e-15 	0
-0.983658 	1e-05 	6.48747e-18 	3.95 	1.411e-15 	0
-0.981954 	1e-05 	6.48747e-18 	3.95 	2.26007e-15 	0
-0.980252 	1e-05 	6.48747e-18 	3.95 	6.55181e-16 	0
-0.978553 	1e-05 	6.48747e-18 	3.95 	-2.0783e-16 	0
-0.976858 	1e-05 	6.48747e-18 	3.95 	1.16151e-15 	0
-0.975165 	1e-05 	4.75275e-18 	3.95 	8.45203e-16 	0
-0.973475 	1e-05 	3.01803e-18 	3.95 	-3.29917e-17 	0
-0.971788 	1e-05 	3.01803e-18 	3.95 	-4.88329e-16 	0
-0.970104 	1e-05 	3.01803e-18 	3.95 	-1.88682e-15 	0
-0.968423 	1e-05 	3.01803e-18 	3.95 	3.0212e-16 	0
-0.966745 	1e-05 	-2.09941e-18 	3.95 	2.74596e-15 	0
-0.96507 	1e-05 	-7.56379e-18 	3.95 	3.74529e-15 	0
-0.963397 	1e-05 	-7.91073e-18 	3.95 	3.42959e-15 	0
-0.961728 	1e-05 	-7.91073e-18 	3.95 	4.94927e-15 	0
-0.960061 	1e-05 	-7.91073e-18 	3.95 	4.08821e-15 	0
-0.958398 	1e-05 	-8.25768e-18 	3.95 	3.25391e-15 	0
-0.956737 	1e-05 	-8.95157e-18 	3.95 	3.47216e-15 	0
-0.955079 	1e-05 	-9.29851e-18 	3.95 	1.03861e-15 	0
-0.953424 	1e-05 	-9.29851e-18 	3.95 	-2.60475e-15 	0
-0.951772 	1e-05 	-9.29851e-18 	3.95 	-2.85296e-15 	0
-0.950123 	1e-05 	-9.29851e-18 	3.95 	-1.09659e-15 	0
-0.948476 	1e-05 	-9.29851e-18 	3.95 	1.01579e-16 	0
-0.946833 	1e-05 	-9.29851e-18 	3.95 	4.40925e-16 	0
-0.945192 	1e-05 	-9.29851e-18 	3.95 	-1.88751e-16 	0
-0.943554 	1e-05 	-9.29851e-18 	3.95 	-8.20624e-16 	0
-0.941919 	1e-05 	-9.29851e-18 	3.95 	-2.29947e-15 	0
-0.940287 	1e-05 	-9.29851e-18 	3.95 	-3.87832e-15 	0
-0.938658 	1e-05 	-9.29851e-18 	3.95 	-4.30322e-15 	0
-0.937031 	1e-05 	-9.29851e-18 	3.95 	-2.9817e-15 	0
-0.935408 	1e-05 	-9.29851e-18 	3.95 	-2.30405e-15 	0
-0.933787 	1e-05 	-9.29851e-18 	3.95 	-7.83349e-16 	0
-0.932169 	1e-05 	-9.29851e-18 	3.95 	3.90474e-16 	0
-0.930553 	1e-05 	-9.29851e-18 	3.95 	5.02356e-16 	0
-0.928941 	1e-05 	-9.29851e-18 	3.95 	1.1716e-15 	0
-0.927331 	1e-05 	-9.29851e-18 	3.95 	1.19303e-16 	0
-0.925725 	1e-05 	-9.29851e-18 	3.95 	-2.27397e-16 	0
-0.924121 	1e-05 	-9.29851e-18 	3.95 	2.23987e-16 	0
-0.922519 	1e-05 	-9.29851e-18 	3.95 	-1.74038e-16 	0
-0.920921 	1e-05 	-9.29851e-18 	3.95 	-8.1756e-16 	0
-0.919325 	1e-05 	-9.29851e-18 	3.95 	-1.84371e-15 	0
-0.917732 	1e-05 	-9.29851e-18 	3.95 	-1.92857e-15 	0
-0.916142 	1e-05 	-8.95157e-18 	3.95 	-7.63419e-16 	0
-0.914555 	1e-05 	-8.60462e-18 	3.95 	1.45147e-15 	0
-0.91297 	1e-05 	-8.60462e-18 	3.95 	1.76277e-15 	0
-0.911388 	1e-05 	-8.60462e-18 	3.95 	3.17929e-15 	0
-0.909809 	1e-05 	-8.60462e-18 	3.95 	4.58112e-15 	0
-0.908233 	1e-05 	-8.60462e-18 	3.95 	4.57338e-15 	0
-0.906659 	1e-05 	-8.60462e-18 	3.95 	5.81325e-15 	0
-0.905088 	1e-05 	-8.60462e-18 	3.95 	7.01404e-15 	0
-0.90352 	1e-05 	-8.60462e-18 	3.95 	7.59497e-15 	0
-0.901954 	1e-05 	-8.60462e-18 	3.95 	6.67446e-15 	0
-0.900391 	1e-05 	-8.60462e-18 	3.95 	3.91969e-15 	0
-0.898831 	1e-05 	-8.60462e-18 	3.95 	2.9022e-15 	0
-0.897274 	1e-05 	-8.60462e-18 	3.95 	3.16177e-15 	0
-0.895719 	1e-05 	-8.60462e-18 	3.95 	2.10753e-15 	0
-0.894167 	1e-05 	-8.60462e-18 	3.95 	-4.94911e-21 	0
-0.892618 	1e-05 	-8.60462e-18 	3.95 	1.51918e-16 	0
-0.891072 	1e-05 	-8.60462e-18 	3.95 	-1.20139e-16 	0
-0.889528 	1e-05 	-8.60462e-18 	3.95 	-2.57154e-15 	0
-0.887986 	1e-05 	-8.60462e-18 	3.95 	-4.48894e-15 	0
-0.886448 	1e-05 	-8.60462e-18 	3.95 	-5.08853e-15 	0
-0.884912 	1e-05 	-8.60462e-18 	3.95 	-4.86348e-15 	0
-0.883379 	1e-05 	-8.60462e-18 	3.95 	-3.44591e-15 	0
-0.881848 	1e-05 	-8.60462e-18 	3.95 	-2.86108e-15 	0
-0.88032 	1e-05 	-8.60462e-18 	3.95 	-3.24711e-15 	0
-0.878795 	1e-05 	-8.60462e-18 	3.95 	-2.76545e-15 	0
-0.877273 	1e-05 	-8.60462e-18 	3.95 	-2.86789e-15 	0
-0.875753 	1e-05 	-8.60462e-18 	3.95 	-1.22251e-15 	0
-0.874235 	1e-05 	-8.95157e-18 	3.95 	-3.14335e-16 	0
-0.872721 	1e-05 	-9.29851e-18 	3.95 	-9.52788e-16 	0
-0.871209 	1e-05 	-9.29851e-18 	3.95 	-1.62213e-15 	0
-0.869699 	1e-05 	-9.29851e-18 	3.95 	-3.38941e-15 	0
-0.868192 	1e-05 	-9.29851e-18 	3.95 	-2.61019e-15 	0
-0.866688 	1e-05 	-9.29851e-18 	3.95 	1.33412e-15 	0
-0.865187 	1e-05 	-9.29851e-18 	3.95 	2.46253e-15 	0
-0.863688 	1e-05 	-9.29851e-18 	3.95 	1.32637e-15 	0
-0.862191 	1e-05 	-9.29851e-18 	3.95 	-2.40902e-15 	0
-0.860698 	1e-05 	-9.29851e-18 	3.95 	-2.95639e-15 	0
-0.859206 	1e-05 	-9.29851e-18 	3.95 	-5.64903e-16 	0
-0.857718 	1e-05 	-9.29851e-18 	3.95 	7.36444e-16 	0
-0.856232 	1e-05 	-9.29851e-18 	3.95 	1.37127e-15 	0
-0.854748 	1e-05 	-9.29851e-18 	3.95 	2.01666e-15 	0
-0.853268 	1e-05 	-9.29851e-18 	3.95 	1.84032e-15 	0
-0.851789 	1e-05 	-9.29851e-18 	3.95 	-9.80418e-16 	0
-0.850314 	1e-05 	-9.29851e-18 	3.95 	-3.36608e-15 	0
-0.84884 	1e-05 	-9.29851e-18 	3.95 	-4.51554e-15 	0
-0.84737 	1e-05 	-9.29851e-18 	3.95 	-3.28094e-15 	0
-0.845902 	1e-05 	-9.29851e-18 	3.95 	-6.58175e-16 	0
-0.844436 	1e-05 	-9.29851e-18 	3.95 	1.70746e-15 	0
-0.842973 	1e-05 	-9.29851e-18 	3.95 	1.49028e-15 	0
-0.841513 	1e-05 	-8.95157e-18 	3.95 	1.29354e-15 	0
-0.840055 	1e-05 	-8.60462e-18 	3.95 	1.31703e-15 	0
-0.8386 	1e-05 	-8.60462e-18 	3.95 	1.2725e-15 	0
-0.837147 	1e-05 	-8.60462e-18 	3.95 	1.12124e-15 	0
-0.835697 	1e-05 	-8.60462e-18 	3.95 	8.1142e-16 	0
-0.834249 	1e-05 	-8.60462e-18 	3.95 	4.8769e-16 	0
-0.832804 	1e-05 	-8.60462e-18 	3.95 	1.91133e-15 	0
-0.831361 	1e-05 	-8.60462e-18 	3.95 	2.55432e-15 	0
-0.829921 	1e-05 	-8.60462e-18 	3.95 	4.95842e-15 	0
-0.828483 	1e-05 	-8.60462e-18 	3.95 	6.83669e-15 	0
-0.827048 	1e-05 	-8.60462e-18 	3.95 	7.48295e-15 	0
-0.825615 	1e-05 	-8.60462e-18 	3.95 	6.99017e-15 	0
-0.824184 	1e-05 	-8.51788e-18 	3.95 	5.87208e-15 	0
-0.822757 	1e-05 	-8.43115e-18 	3.95 	3.54846e-15 	0
-0.821331 	1e-05 	-8.43115e-18 	3.95 	1.69909e-15 	0
-0.819909 	1e-05 	-8.43115e-18 	3.95 	1.83264e-15 	0
-0.818488 	1e-05 	-8.43115e-18 	3.95 	3.00448e-15 	0
-0.81707 	1e-05 	-8.43115e-18 	3.95 	3.32421e-15 	0
-0.815655 	1e-05 	-8.43115e-18 	3.95 	2.78302e-15 	0
-0.814242 	1e-05 	-8.43115e-18 	3.95 	1.37639e-15 	0
-0.812831 	1e-05 	-8.43115e-18 	3.95 	2.4502e-15 	0
-0.811423 	1e-05 	-8.43115e-18 	3.95 	3.69488e-15 	0
-0.810018 	1e-05 	-8.43115e-18 	3.95 	4.15075e-15 	0
-0.808614 	1e-05 	-8.43115e-18 	3.95 	6.62981e-15 	0
-0.807214 	1e-05 	-8.43115e-18 	3.95 	9.2678e-15 	0
-0.805815 	1e-05 	-8.0842e-18 	3.95 	1.07677e-14 	0
-0.804419 	1e-05 	-7.73726e-18 	3.95 	1.02895e-14 	0
-0.803026 	1e-05 	-7.73726e-18 	3.95 	9.254e-15 	0
-0.801635 	1e-05 	-7.73726e-18 	3.95 	6.93253e-15 	0
-0.800246 	1e-05 	-7.73726e-18 	3.95 	5.58421e-15 	0
-0.79886 	1e-05 	-7.73726e-18 	3.95 	4.22225e-15 	0
-0.797476 	1e-05 	-7.73726e-18 	3.95 	4.27435e-15 	0
-0.796095 	1e-05 	-7.73726e-18 	3.95 	7.48752e-15 	0
-0.794716 	1e-05 	-7.73726e-18 	3.95 	8.51109e-15 	0
-0.793339 	1e-05 	-7.73726e-18 	3.95 	8.4674e-15 	0
-0.791965 	1e-05 	-7.73726e-18 	3.95 	8.2793e-15 	0
-0.790593 	1e-05 	-7.73726e-18 	3.95 	7.80609e-15 	0
-0.789223 	1e-05 	-7.73726e-18 	3.95 	6.49452e-15 	0
-0.787856 	1e-05 	-7.73726e-18 	3.95 	5.27351e-15 	0
-0.786491 	1e-05 	-7.73726e-18 	3.95 	6.95736e-15 	0
-0.785129 	1e-05 	-7.73726e-18 	3.95 	9.08803e-15 	0
-0.783769 	1e-05 	-7.73726e-18 	3.95 	9.5547e-15 	0
-0.782411 	1e-05 	-7.73726e-18 	3.95 	9.30671e-15 	0
-0.781056 	1e-05 	-7.73726e-18 	3.95 	1.12195e-14 	0
-0.779703 	1e-05 	-7.73726e-18 	3.95 	1.22828e-14 	0
-0.778353 	1e-05 	-7.73726e-18 	3.95 	1.16804e-14 	0
-0.777004 	1e-05 	-7.73726e-18 	3.95 	1.10071e-14 	0
-0.775658 	1e-05 	-7.73726e-18 	3.95 	9.63182e-15 	0
-0.774315 	1e-05 	-5.9158e-18 	3.95 	7.92905e-15 	0
-0.772974 	1e-05 	-4.09434e-18 	3.95 	6.02177e-15 	0
-0.771635 	1e-05 	-4.09434e-18 	3.95 	4.23274e-15 	0
-0.770298 	1e-05 	-4.09434e-18 	3.95 	3.84621e-15 	0
-0.768964 	1e-05 	-4.09434e-18 	3.95 	4.99485e-15 	0
-0.767632 	1e-05 	-4.09434e-18 	3.95 	2.2367e-15 	0
-0.766302 	1e-05 	-4.09434e-18 	3.95 	-5.21731e-16 	0
-0.764975 	1e-05 	-4.09434e-18 	3.95 	-1.06859e-15 	0
-0.76365 	1e-05 	-4.09434e-18 	3.95 	-8.50745e-16 	0
-0.762327 	1e-05 	-4.09434e-18 	3.95 	8.66272e-16 	0
-0.761007 	1e-05 	-4.09434e-18 	3.95 	3.53208e-15 	0
-0.759689 	1e-05 	-4.09434e-18 	3.95 	4.0222e-15 	0
-0.758373 	1e-05 	-4.09434e-18 	3.95 	3.71853e-15 	0
-0.757059 	1e-05 	-4.09434e-18 	3.95 	2.97056e-15 	0
-0.755748 	1e-05 	-4.09434e-18 	3.95 	2.7679e-15 	0
-0.754439 	1e-05 	-4.09434e-18 	3.95 	1.34376e-15 	0
-0.753132 	1e-05 	-4.09434e-18 	3.95 	-2.04762e-15 	0
-0.751828 	1e-05 	-4.09434e-18 	3.95 	-3.50409e-15 	0
-0.750525 	1e-05 	-4.09434e-18 	3.95 	-5.40796e-15 	0
-0.749226 	1e-05 	-4.09434e-18 	3.95 	-6.67522e-15 	0
-0.747928 	1e-05 	-4.09434e-18 	3.95 	-6.75364e-15 	0
-0.746632 	1e-05 	-4.09434e-18 	3.95 	-7.02835e-15 	0
-0.745339 	1e-05 	-4.09434e-18 	3.95 	-5.74262e-15 	0
-0.744048 	1e-05 	-4.09434e-18 	3.95 	-3.81428e-15 	0
-0.74276 	1e-05 	-3.7474e-18 	3.95 	-3.06635e-15 	0
-0.741473 	1e-05 	-3.40045e-18 	3.95 	-1.78138e-15 	0
-0.740189 	1e-05 	-3.40045e-18 	3.95 	3.71354e-16 	0
-0.738907 	1e-05 	-3.40045e-18 	3.95 	-5.7977e-16 	0
-0.737627 	1e-05 	-3.40045e-18 	3.95 	-1.95525e-15 	0
-0.73635 	1e-05 	-3.40045e-18 	3.95 	-2.56467e-15 	0
-0.735074 	1e-05 	-3.40045e-18 	3.95 	-3.38502e-15 	0
-0.733801 	1e-05 	-3.40045e-18 	3.95 	-2.63197e-15 	0
-0.73253 	1e-05 	-3.40045e-18 	3.95 	-5.89695e-16 	0
-0.731261 	1e-05 	-3.40045e-18 	3.95 	-2.92915e-17 	0
-0.729995 	1e-05 	-3.40045e-18 	3.95 	-2.98316e-16 	0
-0.728731 	1e-05 	-3.40045e-18 	3.95 	-8.08317e-16 	0
-0.727469 	1e-05 	-3.40045e-18 	3.95 	-1.2563e-15 	0
-0.726209 	1e-05 	-3.40045e-18 	3.95 	-1.99096e-15 	0
-0.724951 	1e-05 	-3.40045e-18 	3.95 	-3.48162e-15 	0
-0.723695 	1e-05 	-3.40045e-18 	3.95 	-4.19311e-15 	0
-0.722442 	1e-05 	-3.7474e-18 	3.95 	-2.45599e-15 	0
-0.721191 	1e-05 	-4.09434e-18 	3.95 	8.61346e-16 	0
-0.719942 	1e-05 	-4.09434e-18 	3.95 	2.50918e-15 	0
-0.718695 	1e-05 	-4.09434e-18 	3.95 	1.52005e-15 	0
-0.71745 	1e-05 	-4.09434e-18 	3.95 	-5.37399e-16 	0
-0.716208 	1e-05 	-4.09434e-18 	3.95 	-1.08664e-15 	0
-0.714967 	1e-05 	-4.09434e-18 	3.95 	-5.48984e-17 	0
-0.713729 	1e-05 	-5.82906e-18 	3.95 	1.00068e-16 	0
-0.712493 	1e-05 	-7.56379e-18 	3.95 	2.60577e-16 	0
-0.711259 	1e-05 	-7.56379e-18 	3.95 	1.45567e-15 	0
-0.710027 	1e-05 	-7.56379e-18 	3.95 	2.03645e-15 	0
-0.708798 	1e-05 	-7.56379e-18 	3.95 	2.54368e-15 	0
-0.70757 	1e-05 	-7.56379e-18 	3.95 	-3.78435e-16 	0
-0.706345 	1e-05 	-7.56379e-18 	3.95 	-6.0655e-16 	0
-0.705121 	1e-05 	-7.56379e-18 	3.95 	9.67082e-16 	0
-0.7039 	1e-05 	-7.56379e-18 	3.95 	1.57489e-15 	0
-0.702681 	1e-05 	-7.21684e-18 	3.95 	1.60054e-16 	0
-0.701464 	1e-05 	-6.8699e-18 	3.95 	-1.52691e-16 	0
-0.70025 	1e-05 	-6.52295e-18 	3.95 	5.12405e-16 	0
-0.699037 	1e-05 	-4.44128e-18 	3.95 	5.09802e-18 	0
-0.697826 	1e-05 	-2.70656e-18 	3.95 	-4.5331e-15 	0
-0.696618 	1e-05 	-2.70656e-18 	3.95 	-7.43163e-15 	0
-0.695411 	1e-05 	-2.70656e-18 	3.95 	-7.78853e-15 	0
-0.694207 	1e-05 	-2.70656e-18 	3.95 	-8.82555e-15 	0
-0.693005 	1e-05 	-2.70656e-18 	3.95 	-8.84348e-15 	0
-0.691805 	1e-05 	-2.70656e-18 	3.95 	-6.2216e-15 	0
-0.690607 	1e-05 	-2.70656e-18 	3.95 	-4.61163e-15 	0
-0.689411 	1e-05 	-2.70656e-18 	3.95 	-4.14318e-15 	0
-0.688217 	1e-05 	-2.70656e-18 	3.95 	-3.84688e-15 	0
-0.687025 	1e-05 	-2.70656e-18 	3.95 	-4.24074e-15 	0
-0.685835 	1e-05 	-2.70656e-18 	3.95 	-4.85981e-15 	0
-0.684648 	1e-05 	-2.70656e-18 	3.95 	-4.20334e-15 	0
-0.683462 	1e-05 	-2.70656e-18 	3.95 	-1.59859e-15 	0
-0.682279 	1e-05 	-2.70656e-18 	3.95 	-1.5909e-15 	0
-0.681097 	1e-05 	-2.70656e-18 	3.95 	-1.4259e-15 	0
-0.679918 	1e-05 	-2.70656e-18 	3.95 	-4.72462e-17 	0
-0.67874 	1e-05 	-2.70656e-18 	3.95 	1.70181e-15 	0
-0.677565 	1e-05 	-2.70656e-18 	3.95 	2.14216e-15 	0
-0.676392 	1e-05 	-2.70656e-18 	3.95 	3.42073e-15 	0
-0.67522 	1e-05 	-2.70656e-18 	3.95 	4.17758e-15 	0
-0.674051 	1e-05 	-2.70656e-18 	3.95 	4.47883e-15 	0
-0.672884 	1e-05 	-2.70656e-18 	3.95 	3.21306e-15 	0
-0.671719 	1e-05 	-2.70656e-18 	3.95 	1.48307e-15 	0
-0.670556 	1e-05 	-2.70656e-18 	3.95 	-2.87553e-16 	0
-0.669394 	1e-05 	-2.70656e-18 	3.95 	-7.30792e-16 	0
-0.668235 	1e-05 	-2.70656e-18 	3.95 	-1.53091e-15 	0
-0.667078 	1e-05 	-2.70656e-18 	3.95 	-2.52115e-15 	0
-0.665923 	1e-05 	-2.70656e-18 	3.95 	-1.86869e-15 	0
-0.66477 	1e-05 	-2.70656e-18 	3.95 	-1.128e-15 	0
-0.663619 	1e-05 	-2.70656e-18 	3.95 	-2.21687e-15 	0
-0.66247 	1e-05 	-2.70656e-18 	3.95 	-1.62513e-15 	0
-0.661323 	1e-05 	-2.70656e-18 	3.95 	-7.02192e-17 	0
-0.660178 	1e-05 	-2.70656e-18 	3.95 	1.82005e-15 	0
-0.659034 	1e-05 	-3.05351e-18 	3.95 	2.29189e-15 	0
-0.657893 	1e-05 	-3.40045e-18 	3.95 	2.27417e-15 	0
-0.656754 	1e-05 	-3.40045e-18 	3.95 	1.46801e-15 	0
-0.655617 	1e-05 	-3.40045e-18 	3.95 	9.2047e-16 	0
-0.654482 	1e-05 	-3.40045e-18 	3.95 	1.14588e-16 	0
-0.653349 	1e-05 	-3.40045e-18 	3.95 	-4.70021e-16 	0
-0.652217 	1e-05 	-3.40045e-18 	3.95 	-1.36745e-17 	0
-0.651088 	1e-05 	-3.40045e-18 	3.95 	5.48593e-17 	0
-0.649961 	1e-05 	-3.7474e-18 	3.95 	-4.0655e-16 	0
-0.648835 	1e-05 	-4.09434e-18 	3.95 	-1.23555e-15 	0
-0.647712 	1e-05 	-4.09434e-18 	3.95 	-1.41688e-15 	0
-0.64659 	1e-05 	-4.09434e-18 	3.95 	-5.35702e-16 	0
-0.645471 	1e-05 	-4.09434e-18 	3.95 	-1.63199e-16 	0
-0.644353 	1e-05 	-4.09434e-18 	3.95 	-2.99256e-16 	0
-0.643237 	1e-05 	-4.09434e-18 	3.95 	-5.30162e-16 	0
-0.642124 	1e-05 	-4.09434e-18 	3.95 	-6.75674e-16 	0
-0.641012 	1e-05 	-4.09434e-18 	3.95 	-7.32564e-16 	0
-0.639902 	1e-05 	-4.09434e-18 	3.95 	-2.11784e-15 	0
-0.638794 	1e-05 	-4.09434e-18 	3.95 	-1.81965e-15 	0
-0.637688 	1e-05 	-4.09434e-18 	3.95 	-1.38321e-15 	0
-0.636584 	1e-05 	-4.09434e-18 	3.95 	-1.90172e-15 	0
-0.635482 	1e-05 	-4.09434e-18 	3.95 	-2.10452e-15 	0
-0.634382 	1e-05 	-4.09434e-18 	3.95 	-2.26017e-15 	0
-0.633283 	1e-05 	-4.09434e-18 	3.95 	-8.03572e-16 	0
-0.632187 	1e-05 	-4.09434e-18 	3.95 	-3.71981e-15 	0
-0.631092 	1e-05 	-4.09434e-18 	3.95 	-5.43238e-15 	0
-0.63 	1e-05 	-4.09434e-18 	3.95 	-5.84713e-15 	0
-0.628909 	1e-05 	-4.09434e-18 	3.95 	-4.62508e-15 	0
-0.62782 	1e-05 	-4.09434e-18 	3.95 	-4.1098e-15 	0
-0.626733 	1e-05 	-4.09434e-18 	3.95 	-4.24516e-15 	0
-0.625648 	1e-05 	-4.09434e-18 	3.95 	-4.63783e-15 	0
-0.624565 	1e-05 	-4.09434e-18 	3.95 	-6.14402e-15 	0
-0.623483 	1e-05 	-4.09434e-18 	3.95 	-7.01389e-15 	0
-0.622404 	1e-05 	-4.09434e-18 	3.95 	-6.57853e-15 	0
-0.621326 	1e-05 	-3.7474e-18 	3.95 	-5.10414e-15 	0
-0.620251 	1e-05 	-3.40045e-18 	3.95 	-2.87607e-15 	0
-0.619177 	1e-05 	-3.40045e-18 	3.95 	-3.91353e-15 	0
-0.618105 	1e-05 	-3.40045e-18 	3.95 	-5.42549e-15 	0
-0.617035 	1e-05 	-3.40045e-18 	3.95 	-5.59121e-15 	0
-0.615967 	1e-05 	-3.40045e-18 	3.95 	-3.74555e-15 	0
-0.6149 	1e-05 	-3.40045e-18 	3.95 	-2.16353e-15 	0
-0.613836 	1e-05 	-3.40045e-18 	3.95 	-1.71347e-15 	0
-0.612773 	1e-05 	-3.40045e-18 	3.95 	-1.04619e-15 	0
-0.611712 	1e-05 	-3.7474e-18 	3.95 	-7.64823e-16 	0
-0.610653 	1e-05 	-4.09434e-18 	3.95 	-2.45622e-16 	0
-0.609596 	1e-05 	-4.09434e-18 	3.95 	1.05479e-16 	0
-0.608541 	1e-05 	-4.09434e-18 	3.95 	1.25305e-15 	0
-0.607487 	1e-05 	-4.09434e-18 	3.95 	1.33753e-15 	0
-0.606435 	1e-05 	-4.09434e-18 	3.95 	6.47849e-16 	0
-0.605386 	1e-05 	-4.09434e-18 	3.95 	-8.73141e-16 	0
-0.604338 	1e-05 	-4.09434e-18 	3.95 	-1.30904e-15 	0
-0.603291 	1e-05 	-4.09434e-18 	3.95 	-6.24574e-16 	0
-0.602247 	1e-05 	-4.09434e-18 	3.95 	1.02302e-15 	0
-0.601204 	1e-05 	-4.09434e-18 	3.95 	1.91294e-15 	0
-0.600164 	1e-05 	-4.09434e-18 	3.95 	-8.27199e-16 	0
-0.599125 	1e-05 	-4.09434e-18 	3.95 	-2.98073e-15 	0
-0.598087 	1e-05 	-4.09434e-18 	3.95 	-4.93571e-15 	0
-0.597052 	1e-05 	-5.39538e-18 	3.95 	-6.95732e-15 	0
-0.596019 	1e-05 	-6.69643e-18 	3.95 	-8.56346e-15 	0
-0.594987 	1e-05 	-6.69643e-18 	3.95 	-9.47881e-15 	0
-0.593957 	1e-05 	-6.69643e-18 	3.95 	-1.00545e-14 	0
-0.592929 	1e-05 	-9.73219e-18 	3.95 	-7.81304e-15 	0
-0.591902 	1e-05 	-1.14669e-17 	3.95 	-6.11586e-15 	0
-0.590878 	1e-05 	-1.19006e-17 	3.95 	-4.42184e-15 	0
-0.589855 	1e-05 	-1.36353e-17 	3.95 	-4.06317e-15 	0
-0.588834 	1e-05 	-1.19006e-17 	3.95 	-4.16425e-15 	0
-0.587814 	1e-05 	-1.22475e-17 	3.95 	-4.48443e-15 	0
-0.586797 	1e-05 	-1.43292e-17 	3.95 	-4.50744e-15 	0
-0.585781 	1e-05 	-1.30282e-17 	3.95 	-3.27441e-15 	0
-0.584767 	1e-05 	-8.69136e-18 	3.95 	-2.45244e-15 	0
-0.583755 	1e-05 	-4.35455e-18 	3.95 	-2.59437e-15 	0
-0.582744 	1e-05 	-4.78823e-18 	3.95 	-2.35983e-15 	0
-0.581736 	1e-05 	-7.824e-18 	3.95 	-1.64247e-15 	0
-0.580729 	1e-05 	-7.39031e-18 	3.95 	-1.4731e-15 	0
-0.579723 	1e-05 	-5.65559e-18 	3.95 	-1.59581e-15 	0
-0.57872 	1e-05 	-7.39031e-18 	3.95 	-2.80804e-16 	0
-0.577718 	1e-05 	-7.824e-18 	3.95 	-7.82107e-16 	0
-0.576718 	1e-05 	-4.78823e-18 	3.95 	-1.87047e-15 	0
-0.57572 	1e-05 	-3.05351e-18 	3.95 	-3.38451e-15 	0
-0.574723 	1e-05 	-3.40045e-18 	3.95 	-3.6732e-15 	0
-0.573729 	1e-05 	-5.48212e-18 	3.95 	-4.64152e-15 	0
-0.572736 	1e-05 	-7.21684e-18 	3.95 	-4.52797e-15 	0
-0.571744 	1e-05 	-7.21684e-18 	3.95 	-4.92633e-15 	0
-0.570755 	1e-05 	-3.7474e-18 	3.95 	-5.73913e-15 	0
-0.569767 	1e-05 	-1.57899e-18 	3.95 	-5.42624e-15 	0
-0.56878 	1e-05 	-2.88003e-18 	3.95 	-5.59269e-15 	0
-0.567796 	1e-05 	-4.18108e-18 	3.95 	-4.76883e-15 	0
-0.566813 	1e-05 	-4.18108e-18 	3.95 	-2.0514e-15 	0
-0.565832 	1e-05 	-1.14531e-18 	3.95 	-2.71482e-16 	0
-0.564853 	1e-05 	5.89413e-19 	3.95 	5.91297e-16 	0
-0.563875 	1e-05 	4.05886e-18 	3.95 	5.38467e-16 	0
-0.562899 	1e-05 	7.52831e-18 	3.95 	1.4818e-15 	0
-0.561925 	1e-05 	7.52831e-18 	3.95 	2.11418e-15 	0
-0.560952 	1e-05 	7.52831e-18 	3.95 	1.73807e-15 	0
-0.559981 	1e-05 	5.79358e-18 	3.95 	2.58679e-15 	0
-0.559012 	1e-05 	5.79358e-18 	3.95 	2.46668e-15 	0
-0.558045 	1e-05 	7.96199e-18 	3.95 	1.75399e-15 	0
-0.557079 	1e-05 	8.39567e-18 	3.95 	1.84682e-15 	0
-0.556114 	1e-05 	8.39567e-18 	3.95 	2.89711e-15 	0
-0.555152 	1e-05 	9.69671e-18 	3.95 	5.35067e-15 	0
-0.554191 	1e-05 	9.69671e-18 	3.95 	6.37525e-15 	0
-0.553232 	1e-05 	7.09463e-18 	3.95 	7.21934e-15 	0
-0.552274 	1e-05 	7.09463e-18 	3.95 	1.3907e-15 	0
-0.551319 	1e-05 	1.31662e-17 	3.95 	-4.0079e-15 	0
-0.550364 	1e-05 	1.92377e-17 	3.95 	-5.33906e-15 	0
-0.549412 	1e-05 	2.05387e-17 	3.95 	-5.69622e-15 	0
-0.548461 	1e-05 	2.05387e-17 	3.95 	-4.84956e-15 	0
-0.547512 	1e-05 	2.01918e-17 	3.95 	-7.76164e-15 	0
-0.546564 	1e-05 	1.98448e-17 	3.95 	-9.76873e-15 	0
-0.545618 	1e-05 	1.98448e-17 	3.95 	-1.08071e-14 	0
-0.544674 	1e-05 	1.98448e-17 	3.95 	-1.28298e-14 	0
-0.543731 	1e-05 	1.98448e-17 	3.95 	-1.49382e-14 	0
-0.54279 	1e-05 	1.98448e-17 	3.95 	-1.46844e-14 	0
-0.541851 	1e-05 	1.94112e-17 	3.95 	-1.2155e-14 	0
-0.540913 	1e-05 	2.02785e-17 	3.95 	-6.65775e-15 	0
-0.539977 	1e-05 	2.02785e-17 	3.95 	-4.99206e-15 	0
-0.539043 	1e-05 	2.02785e-17 	3.95 	-8.0562e-15 	0
-0.53811 	1e-05 	2.15796e-17 	3.95 	-9.06943e-15 	0
-0.537179 	1e-05 	2.20132e-17 	3.95 	-9.2415e-15 	0
-0.536249 	1e-05 	1.94112e-17 	3.95 	-1.02636e-14 	0
-0.535321 	1e-05 	1.63754e-17 	3.95 	-1.08721e-14 	0
-0.534394 	1e-05 	1.63754e-17 	3.95 	-1.00319e-14 	0
-0.53347 	1e-05 	1.76764e-17 	3.95 	-9.03473e-15 	0
-0.532546 	1e-05 	1.76764e-17 	3.95 	-8.94645e-15 	0
-0.531625 	1e-05 	1.94112e-17 	3.95 	-8.66629e-15 	0
-0.530705 	1e-05 	2.07122e-17 	3.95 	-9.04155e-15 	0
-0.529786 	1e-05 	1.89775e-17 	3.95 	-8.90553e-15 	0
-0.52887 	1e-05 	1.87173e-17 	3.95 	-7.41447e-15 	0
-0.527954 	1e-05 	1.84571e-17 	3.95 	-5.90129e-15 	0
-0.527041 	1e-05 	1.84571e-17 	3.95 	-5.62681e-15 	0
-0.526129 	1e-05 	1.54213e-17 	3.95 	-6.38698e-15 	0
-0.525218 	1e-05 	1.36866e-17 	3.95 	-7.78927e-15 	0
-0.524309 	1e-05 	1.53346e-17 	3.95 	-8.25259e-15 	0
-0.523402 	1e-05 	1.61152e-17 	3.95 	-9.49231e-15 	0
-0.522496 	1e-05 	1.65489e-17 	3.95 	-8.08643e-15 	0
-0.521592 	1e-05 	1.48141e-17 	3.95 	-7.32298e-15 	0
-0.52069 	1e-05 	1.13447e-17 	3.95 	-8.17634e-15 	0
-0.519789 	1e-05 	1.0911e-17 	3.95 	-5.79835e-15 	0
-0.518889 	1e-05 	1.22121e-17 	3.95 	-1.29458e-15 	0
-0.517991 	1e-05 	1.57682e-17 	3.95 	1.3072e-15 	0
-0.517095 	1e-05 	1.88907e-17 	3.95 	9.67424e-16 	0
-0.5162 	1e-05 	1.84571e-17 	3.95 	1.14216e-15 	0
-0.515307 	1e-05 	1.88907e-17 	3.95 	1.49431e-15 	0
-0.514415 	1e-05 	1.93244e-17 	3.95 	2.07344e-15 	0
-0.513525 	1e-05 	2.10592e-17 	3.95 	2.64764e-15 	0
-0.512637 	1e-05 	2.27939e-17 	3.95 	2.64179e-15 	0
-0.511749 	1e-05 	2.27939e-17 	3.95 	3.66581e-15 	0
-0.510864 	1e-05 	2.27939e-17 	3.95 	2.56702e-15 	0
-0.50998 	1e-05 	2.27939e-17 	3.95 	-1.54149e-16 	0
-0.509098 	1e-05 	2.27939e-17 	3.95 	-8.28235e-16 	0
-0.508217 	1e-05 	2.23602e-17 	3.95 	-1.32185e-15 	0
-0.507337 	1e-05 	2.19265e-17 	3.95 	-1.28188e-15 	0
-0.506459 	1e-05 	1.98448e-17 	3.95 	1.82036e-15 	0
-0.505583 	1e-05 	1.94979e-17 	3.95 	2.70701e-15 	0
-0.504708 	1e-05 	2.12326e-17 	3.95 	3.5401e-15 	0
-0.503835 	1e-05 	2.12326e-17 	3.95 	4.84772e-15 	0
-0.502963 	1e-05 	2.08857e-17 	3.95 	4.76025e-15 	0
-0.502093 	1e-05 	1.8804e-17 	3.95 	4.38776e-15 	0
-0.501224 	1e-05 	1.57682e-17 	3.95 	5.24738e-15 	0
-0.500357 	1e-05 	1.27325e-17 	3.95 	7.4922e-15 	0
-0.4993 	1e-05 	1.23177e-17 	3.95 	9.91872e-15 	0
-0.498051 	1e-05 	1.40902e-17 	3.95 	8.36307e-15 	0
-0.496803 	1e-05 	1.39545e-17 	3.95 	7.055e-15 	0
-0.495554 	1e-05 	1.41659e-17 	3.95 	4.42282e-15 	0
-0.494306 	1e-05 	1.88875e-17 	3.95 	4.06124e-15 	0
-0.493057 	1e-05 	2.24023e-17 	3.95 	-7.06698e-15 	0
-0.491809 	1e-05 	2.07183e-17 	3.95 	-2.36352e-13 	0
-0.49056 	1e-05 	1.88155e-17 	3.95 	-4.50947e-12 	0
-0.489312 	1e-05 	1.65223e-17 	3.95 	-5.7997e-11 	0
-0.488063 	1e-05 	1.70046e-17 	3.95 	-5.18775e-10 	0
-0.486815 	1e-05 	1.76603e-17 	3.95 	-4.18094e-09 	0
-0.485579 	1e-05 	1.53692e-17 	3.95 	-2.78304e-08 	0
-0.484955 	1e-05 	1.46715e-17 	3.94999 	-1.88474e-05 	0
-0.484318 	1e-05 	1.33484e-17 	3.94997 	-7.19682e-05 	0
-0.483069 	1e-05 	1.38095e-17 	3.94991 	-0.000215179 	0
-0.481821 	1e-05 	1.56259e-17 	3.94973 	-0.000646059 	0
-0.480572 	1e-05 	1.86133e-17 	3.9493 	-0.00173016 	0
-0.479324 	1e-05 	2.14273e-17 	3.94832 	-0.00424871 	0
-0.478075 	1e-05 	1.99045e-17 	3.94644 	-0.00921249 	0
-0.476827 	1e-05 	2.05589e-17 	3.94302 	-0.0185276 	0
-0.475578 	1e-05 	2.2541e-17 	3.93691 	-0.0386626 	0
-0.47433 	1e-05 	2.03991e-17 	3.93052 	-0.0565897 	0
-0.473081 	1e-05 	1.94931e-17 	3.9197 	-0.0893817 	0
-0.471833 	1e-05 	1.96279e-17 	3.90986 	-0.132448 	0
-0.470584 	1e-05 	1.55994e-17 	3.90369 	-0.164291 	0
-0.469336 	1e-05 	1.12239e-17 	3.88208 	-0.226465 	0
-0.468666 	1e-05 	7.5391e-18 	3.87869 	-0.23699 	0
-0.468041 	1e-05 	5.37457e-18 	3.87527 	-0.279868 	0
-0.466839 	1e-05 	4.29275e-18 	3.87443 	-0.291138 	0
-0.46559 	1e-05 	-1.04605e-18 	3.86974 	-0.29694 	0
-0.464342 	1e-05 	-4.12966e-18 	3.86441 	-0.301862 	0
-0.463093 	1e-05 	-4.78463e-18 	3.86287 	-0.302706 	0
-0.461845 	1e-05 	-7.86816e-18 	3.86303 	-0.304814 	0
-0.460596 	1e-05 	-1.21409e-17 	3.86234 	-0.309433 	0
-0.459348 	1e-05 	-1.27447e-17 	3.86005 	-0.314018 	0
-0.458099 	1e-05 	-1.16779e-17 	3.85827 	-0.316255 	0
-0.456851 	1e-05 	-1.1717e-17 	3.85715 	-0.315613 	0
-0.455602 	1e-05 	-1.26235e-17 	3.85873 	-0.312117 	0
-0.454354 	1e-05 	-1.4571e-17 	3.85915 	-0.311252 	0
-0.453105 	1e-05 	-1.54776e-17 	3.85898 	-0.308469 	0
-0.452397 	1e-05 	-1.61315e-17 	3.85807 	-0.30696 	0
-0.451773 	1e-05 	-1.4319e-17 	3.86588 	-0.301233 	0
-0.450608 	1e-05 	-1.23729e-17 	3.86638 	-0.297829 	0
-0.44936 	1e-05 	-1.05988e-17 	3.8661 	-0.296546 	0
-0.448111 	1e-05 	-1.00389e-17 	3.8641 	-0.296492 	0
-0.446863 	1e-05 	-9.65251e-18 	3.86272 	-0.296441 	0
-0.445614 	1e-05 	-9.95996e-18 	3.86125 	-0.295396 	0
-0.444366 	1e-05 	-1.06666e-17 	3.86026 	-0.294406 	0
-0.443117 	1e-05 	-1.22152e-17 	3.86042 	-0.294671 	0
-0.441869 	1e-05 	-1.33173e-17 	3.86031 	-0.295242 	0
-0.44062 	1e-05 	-1.56989e-17 	3.85995 	-0.296835 	0
-0.439372 	1e-05 	-2.14632e-17 	3.85929 	-0.298448 	0
-0.438123 	1e-05 	-2.1156e-17 	3.8589 	-0.298647 	0
-0.436875 	1e-05 	-1.54712e-17 	3.85907 	-0.298336 	0
-0.436149 	1e-05 	-1.16576e-17 	3.85914 	-0.298168 	0
-0.435524 	1e-05 	-1.19326e-17 	3.85151 	-0.297699 	0
-0.434378 	1e-05 	-1.25517e-17 	3.85177 	-0.297788 	0
-0.433129 	1e-05 	-1.38995e-17 	3.85127 	-0.298173 	0
-0.431881 	1e-05 	-1.438e-17 	3.85038 	-0.298401 	0
-0.430632 	1e-05 	-1.36461e-17 	3.85025 	-0.298471 	0
-0.429384 	1e-05 	-1.34326e-17 	3.85026 	-0.298504 	0
-0.428135 	1e-05 	-1.10789e-17 	3.85064 	-0.298445 	0
-0.426887 	1e-05 	-1.23649e-17 	3.85145 	-0.298248 	0
-0.425638 	1e-05 	-1.53107e-17 	3.85168 	-0.298027 	0
-0.42439 	1e-05 	-1.62182e-17 	3.85135 	-0.297961 	0
-0.423141 	1e-05 	-1.55646e-17 	3.85098 	-0.297912 	0
-0.421893 	1e-05 	-1.17885e-17 	3.85008 	-0.297884 	0
-0.420644 	1e-05 	-1.09614e-17 	3.84931 	-0.298019 	0
-0.419921 	1e-05 	-1.16521e-17 	3.84933 	-0.29819 	0
-0.419297 	1e-05 	-8.84686e-18 	3.84288 	-0.298326 	0
-0.418147 	1e-05 	-2.61873e-18 	3.84309 	-0.298205 	0
-0.416899 	1e-05 	5.96522e-18 	3.84363 	-0.297828 	0
-0.41565 	1e-05 	1.02558e-17 	3.84422 	-0.297292 	0
-0.414402 	1e-05 	1.01228e-17 	3.84442 	-0.297099 	0
-0.413153 	1e-05 	9.81647e-18 	3.8444 	-0.297095 	0
-0.411905 	1e-05 	1.12554e-17 	3.84431 	-0.297194 	0
-0.410656 	1e-05 	1.60364e-17 	3.84399 	-0.297603 	0
-0.409408 	1e-05 	1.90315e-17 	3.8437 	-0.298257 	0
-0.408159 	1e-05 	1.69091e-17 	3.84372 	-0.298488 	0
-0.406911 	1e-05 	1.66948e-17 	3.84381 	-0.298484 	0
-0.405662 	1e-05 	1.52662e-17 	3.84418 	-0.298325 	0
-0.404414 	1e-05 	1.08885e-17 	3.84471 	-0.297886 	0
-0.403713 	1e-05 	9.21173e-18 	3.84502 	-0.297364 	0
-0.403089 	1e-05 	8.9459e-18 	3.84217 	-0.29733 	0
-0.401917 	1e-05 	8.27526e-18 	3.84223 	-0.297366 	0
-0.400668 	1e-05 	9.8775e-18 	3.84215 	-0.297564 	0
-0.39942 	1e-05 	1.32145e-17 	3.84212 	-0.297915 	0
-0.398171 	1e-05 	1.23882e-17 	3.84221 	-0.298135 	0
-0.396923 	1e-05 	1.05211e-17 	3.84228 	-0.298206 	0
-0.395674 	1e-05 	1.07781e-17 	3.84259 	-0.298252 	0
-0.394426 	1e-05 	1.43332e-17 	3.843 	-0.298054 	0
-0.393177 	1e-05 	1.86721e-17 	3.84311 	-0.297633 	0
-0.391929 	1e-05 	1.81104e-17 	3.84314 	-0.297451 	0
-0.39068 	1e-05 	1.73752e-17 	3.84314 	-0.297385 	0
-0.389432 	1e-05 	1.6293e-17 	3.843 	-0.297422 	0
-0.388183 	1e-05 	1.7119e-17 	3.84287 	-0.297765 	0
-0.387526 	1e-05 	1.90737e-17 	3.84293 	-0.298111 	0
0.387397 	1e-05 	-1.46836e-18 	4.02118 	-0.311748 	0
0.388183 	1e-05 	-1.59328e-18 	4.02119 	-0.31173 	0
0.389432 	1e-05 	-1.96388e-18 	4.02116 	-0.31171 	0
0.39068 	1e-05 	5.9282e-19 	4.02118 	-0.311698 	0
0.391929 	1e-05 	4.624e-18 	4.0212 	-0.3117 	0
0.393177 	1e-05 	7.26735e-18 	4.0212 	-0.3117 	0
0.394426 	1e-05 	4.35955e-18 	4.0212 	-0.311701 	0
0.395674 	1e-05 	3.70907e-18 	4.0212 	-0.311703 	0
0.396923 	1e-05 	4.57868e-18 	4.02121 	-0.311714 	0
0.398171 	1e-05 	6.79272e-18 	4.02122 	-0.311725 	0
0.39942 	1e-05 	7.27207e-18 	4.02123 	-0.311737 	0
0.400668 	1e-05 	3.93507e-18 	4.02126 	-0.311764 	0
0.401917 	1e-05 	1.63895e-18 	4.02129 	-0.311799 	0
0.40296 	1e-05 	7.19796e-20 	4.02134 	-0.311824 	0
0.403584 	1e-05 	-6.58674e-19 	4.02081 	-0.31186 	0
0.404414 	1e-05 	4.37813e-19 	4.02092 	-0.311884 	0
0.405662 	1e-05 	3.60117e-18 	4.02102 	-0.311866 	0
0.406911 	1e-05 	2.68789e-18 	4.02111 	-0.311819 	0
0.408159 	1e-05 	2.38171e-18 	4.02113 	-0.311781 	0
0.409408 	1e-05 	4.50411e-18 	4.02114 	-0.311772 	0
0.410656 	1e-05 	7.14689e-18 	4.02113 	-0.31176 	0
0.411905 	1e-05 	8.56657e-18 	4.02112 	-0.311723 	0
0.413153 	1e-05 	5.95575e-18 	4.02109 	-0.311674 	0
0.414402 	1e-05 	2.79269e-18 	4.02104 	-0.31165 	0
0.41565 	1e-05 	1.8848e-18 	4.02097 	-0.311639 	0
0.416899 	1e-05 	-2.37351e-19 	4.02088 	-0.311629 	0
0.418147 	1e-05 	-2.87988e-18 	4.02078 	-0.311597 	0
0.419167 	1e-05 	-4.44244e-18 	4.02069 	-0.311557 	0
0.419792 	1e-05 	-4.83982e-18 	4.01894 	-0.311341 	0
0.420644 	1e-05 	-3.73973e-18 	4.01894 	-0.311338 	0
0.421893 	1e-05 	-6.80023e-18 	4.01891 	-0.311332 	0
0.423141 	1e-05 	-9.10183e-18 	4.01887 	-0.311337 	0
0.42439 	1e-05 	-6.63298e-18 	4.01883 	-0.311366 	0
0.425638 	1e-05 	-5.8989e-18 	4.01879 	-0.311398 	0
0.426887 	1e-05 	-8.11389e-18 	4.01876 	-0.311405 	0
0.428135 	1e-05 	-9.51766e-18 	4.01872 	-0.311419 	0
0.429384 	1e-05 	-7.70891e-18 	4.01871 	-0.311521 	0
0.430632 	1e-05 	-5.27696e-18 	4.0187 	-0.311615 	0
0.431881 	1e-05 	-4.18937e-18 	4.01869 	-0.311638 	0
0.433129 	1e-05 	-5.6171e-18 	4.01875 	-0.311647 	0
0.434378 	1e-05 	-6.69784e-18 	4.01885 	-0.311654 	0
0.435395 	1e-05 	-4.44309e-18 	4.0189 	-0.311651 	0
0.436019 	1e-05 	-2.97461e-18 	4.01615 	-0.311465 	0
0.436875 	1e-05 	-3.86934e-18 	4.01622 	-0.311471 	0
0.438123 	1e-05 	-8.10131e-18 	4.01628 	-0.311475 	0
0.439372 	1e-05 	-1.08371e-17 	4.01635 	-0.311484 	0
0.44062 	1e-05 	-1.28791e-17 	4.01641 	-0.311472 	0
0.441869 	1e-05 	-1.38803e-17 	4.0164 	-0.311464 	0
0.443117 	1e-05 	-1.22794e-17 	4.01637 	-0.31147 	0
0.444366 	1e-05 	-9.73423e-18 	4.01633 	-0.311469 	0
0.445614 	1e-05 	-6.62146e-18 	4.01626 	-0.311473 	0
0.446863 	1e-05 	-6.74769e-18 	4.0161 	-0.311467 	0
0.448111 	1e-05 	-8.86881e-18 	4.01608 	-0.311465 	0
0.44936 	1e-05 	-1.13368e-17 	4.01604 	-0.311446 	0
0.450608 	1e-05 	-1.01619e-17 	4.01602 	-0.311427 	0
0.451643 	1e-05 	-5.4811e-18 	4.01602 	-0.311423 	0
0.452267 	1e-05 	-1.3514e-18 	4.01304 	-0.311215 	0
0.453105 	1e-05 	-3.03011e-18 	4.01305 	-0.311187 	0
0.454354 	1e-05 	-6.98073e-18 	4.01308 	-0.31107 	0
0.455602 	1e-05 	-1.01508e-17 	4.01307 	-0.310934 	0
0.456851 	1e-05 	-1.54892e-17 	4.01301 	-0.310882 	0
0.458099 	1e-05 	-1.87461e-17 	4.01296 	-0.310859 	0
0.459348 	1e-05 	-1.92274e-17 	4.01295 	-0.310823 	0
0.460596 	1e-05 	-1.87979e-17 	4.01298 	-0.310816 	0
0.461845 	1e-05 	-1.3767e-17 	4.01302 	-0.310838 	0
0.463093 	1e-05 	-6.39003e-18 	4.01304 	-0.310852 	0
0.464342 	1e-05 	-4.8677e-18 	4.01306 	-0.310879 	0
0.46559 	1e-05 	-1.6106e-18 	4.01308 	-0.310936 	0
0.466839 	1e-05 	4.07514e-18 	4.01313 	-0.310979 	0
0.467912 	1e-05 	5.28047e-18 	4.01317 	-0.311014 	0
0.468536 	1e-05 	5.19062e-18 	4.01104 	-0.310867 	0
0.469336 	1e-05 	3.24488e-18 	4.01107 	-0.310894 	0
0.470584 	1e-05 	1.93919e-18 	4.01107 	-0.310897 	0
0.471833 	1e-05 	-7.97692e-19 	4.0111 	-0.310892 	0
0.473081 	1e-05 	2.81778e-19 	4.01117 	-0.310901 	0
0.47433 	1e-05 	4.48371e-18 	4.01126 	-0.310919 	0
0.475578 	1e-05 	1.92018e-18 	4.01133 	-0.31093 	0
0.476827 	1e-05 	-1.5805e-18 	4.0114 	-0.310935 	0
0.478075 	1e-05 	-1.21654e-18 	4.01148 	-0.310958 	0
0.479324 	1e-05 	2.47469e-18 	4.01153 	-0.310986 	0
0.480572 	1e-05 	2.78324e-18 	4.01156 	-0.311004 	0
0.481821 	1e-05 	-2.28581e-18 	4.0116 	-0.31102 	0
0.483069 	1e-05 	-1.08243e-17 	4.0116 	-0.311021 	0
0.484201 	1e-05 	-1.58734e-17 	4.01161 	-0.31105 	0
0.484825 	1e-05 	-1.51699e-17 	4.01097 	-0.311014 	0
0.485566 	1e-05 	-1.51309e-17 	4.01095 	-0.311039 	0
0.486815 	1e-05 	-1.63829e-17 	4.01091 	-0.311049 	0
0.488063 	1e-05 	-1.6605e-17 	4.01084 	-0.311041 	0
0.489312 	1e-05 	-1.63934e-17 	4.01076 	-0.311018 	0
0.49056 	1e-05 	-1.49676e-17 	4.01068 	-0.310994 	0
0.491809 	1e-05 	-1.26744e-17 	4.0106 	-0.310974 	0
0.493057 	1e-05 	-1.54147e-17 	4.01051 	-0.310955 	0
0.494306 	1e-05 	-1.62413e-17 	4.01045 	-0.310946 	0
0.495554 	1e-05 	-1.57154e-17 	4.01042 	-0.310942 	0
0.496803 	1e-05 	-1.67941e-17 	4.0104 	-0.310938 	0
0.498051 	1e-05 	-1.52707e-17 	4.0104 	-0.310898 	0
0.4993 	1e-05 	-1.73901e-17 	4.01045 	-0.310824 	0
0.500861 	1e-05 	-1.71488e-17 	4.01051 	-0.310761 	0
0.502736 	1e-05 	-1.36793e-17 	4.01059 	-0.310759 	0
0.504612 	1e-05 	-1.36793e-17 	4.01061 	-0.310774 	0
0.506487 	1e-05 	-1.36793e-17 	4.01063 	-0.310773 	0
0.508362 	1e-05 	-1.36793e-17 	4.01068 	-0.310811 	0
0.510237 	1e-05 	-1.54141e-17 	4.01077 	-0.310845 	0
0.512112 	1e-05 	-1.71488e-17 	4.0109 	-0.310913 	0
0.513987 	1e-05 	-1.71488e-17 	4.011 	-0.311052 	0
0.515862 	1e-05 	-1.71488e-17 	4.01109 	-0.311255 	0
0.517737 	1e-05 	-1.71488e-17 	4.01132 	-0.311257 	0
0.519612 	1e-05 	-1.71488e-17 	4.0115 	-0.311216 	0
0.521487 	1e-05 	-1.71488e-17 	4.01158 	-0.311037 	0
0.523363 	1e-05 	-1.71488e-17 	4.0116 	-0.310566 	0
0.525238 	1e-05 	-1.71488e-17 	4.01128 	-0.308529 	0
0.527113 	1e-05 	-1.71488e-17 	4.01038 	-0.304363 	0
0.528988 	1e-05 	-1.71488e-17 	4.00841 	-0.294832 	0
0.530863 	1e-05 	-1.71488e-17 	4.00354 	-0.274408 	0
0.532738 	1e-05 	-1.71488e-17 	3.99772 	-0.249326 	0
0.534613 	1e-05 	-1.71488e-17 	3.98925 	-0.197689 	0
0.536488 	1e-05 	-1.71488e-17 	3.98268 	-0.162903 	0
0.538363 	1e-05 	-1.71488e-17 	3.98307 	-0.155776 	0
0.540238 	1e-05 	-1.71488e-17 	3.97055 	-0.0940667 	0
0.542113 	1e-05 	-1.71488e-17 	3.967 	-0.0586136 	0
0.543989 	1e-05 	-1.71488e-17 	3.97304 	-0.0702078 	0
0.545864 	1e-05 	-1.71488e-17 	3.96309 	-0.0492671 	0
0.547739 	1e-05 	-1.71488e-17 	3.9555 	-0.0302495 	0
0.549614 	1e-05 	-1.71488e-17 	3.95604 	-0.0216888 	0
0.551489 	1e-05 	-1.54141e-17 	3.95345 	-0.0144562 	0
0.553364 	1e-05 	-1.36793e-17 	3.95089 	-0.00948142 	0
0.555239 	1e-05 	-1.36793e-17 	3.94713 	-0.0017855 	0
0.557114 	1e-05 	-1.36793e-17 	3.945 	0.00597919 	0
0.558989 	1e-05 	-1.36793e-17 	3.94302 	0.00422277 	0
0.560864 	1e-05 	-1.36793e-17 	3.94294 	-0.000755446 	0
0.56274 	1e-05 	-1.36793e-17 	3.94452 	-0.000602336 	0
0.564615 	1e-05 	-1.36793e-17 	3.94494 	-0.000740599 	0
0.56649 	1e-05 	-1.36793e-17 	3.944 	-0.00196654 	0
0.568365 	1e-05 	-1.36793e-17 	3.94342 	-0.00257253 	0
0.57024 	1e-05 	-1.36793e-17 	3.94376 	-0.00244917 	0
0.572115 	1e-05 	-1.36793e-17 	3.94462 	-0.000264948 	0
0.57399 	1e-05 	-1.36793e-17 	3.94446 	0.00120808 	0
0.575865 	1e-05 	-1.36793e-17 	3.94417 	0.0011572 	0
0.57774 	1e-05 	-1.36793e-17 	3.94469 	0.00148418 	0
0.579615 	1e-05 	-1.36793e-17 	3.94486 	0.00147218 	0
0.58149 	1e-05 	-1.36793e-17 	3.9449 	0.00129503 	0
0.583366 	1e-05 	-1.36793e-17 	3.94444 	0.000507973 	0
0.585241 	1e-05 	-1.36793e-17 	3.94412 	-0.00016658 	0
0.587116 	1e-05 	-1.36793e-17 	3.94397 	-0.0001696 	0
0.588991 	1e-05 	-1.22916e-17 	3.94382 	-0.000213525 	0
0.590866 	1e-05 	-9.16906e-18 	3.94391 	-0.000489005 	0
0.592741 	1e-05 	-3.96489e-18 	3.94438 	-0.000729198 	0
0.594616 	1e-05 	-4.95445e-19 	3.94476 	-0.000750152 	0
0.596491 	1e-05 	-4.95445e-19 	3.94522 	-0.000627807 	0
0.598366 	1e-05 	-4.95445e-19 	3.94522 	-0.000274254 	0
0.600241 	1e-05 	-4.95445e-19 	3.94483 	0.000193283 	0
0.602117 	1e-05 	-2.23017e-18 	3.94466 	0.000387651 	0
0.603992 	1e-05 	-7.08739e-18 	3.94463 	0.000397858 	0
0.605867 	1e-05 	-1.02099e-17 	3.94465 	0.000146501 	0
0.607742 	1e-05 	-1.02099e-17 	3.94493 	-0.00036611 	0
0.609617 	1e-05 	-1.02099e-17 	3.94523 	-0.000598233 	0
0.611492 	1e-05 	-8.82212e-18 	3.94528 	-0.000570176 	0
0.613367 	1e-05 	-7.43434e-18 	3.94526 	-0.000409335 	0
0.615242 	1e-05 	-5.69962e-18 	3.9451 	-5.10569e-05 	0
0.617117 	1e-05 	-8.4239e-19 	3.94492 	0.00033272 	0
0.618992 	1e-05 	2.28011e-18 	3.94487 	0.000409836 	0
0.620867 	1e-05 	8.92333e-19 	3.94484 	0.000369615 	0
0.622743 	1e-05 	-4.95445e-19 	3.94479 	0.000185185 	0
0.624618 	1e-05 	2.62706e-18 	3.94474 	-6.29383e-06 	0
0.626493 	1e-05 	5.74956e-18 	3.94461 	-2.91721e-05 	0
0.628368 	1e-05 	5.74956e-18 	3.94455 	2.33194e-05 	0
0.630243 	1e-05 	4.36178e-18 	3.94443 	0.000167464 	0
0.632118 	1e-05 	2.974e-18 	3.94436 	0.000267404 	0
0.633993 	1e-05 	1.58622e-18 	3.94445 	0.000227642 	0
0.635868 	1e-05 	1.98444e-19 	3.94457 	0.000104222 	0
0.637743 	1e-05 	1.98444e-19 	3.94481 	-9.71495e-05 	0
0.639618 	1e-05 	1.98444e-19 	3.94498 	-0.000297491 	0
0.641494 	1e-05 	1.98444e-19 	3.94503 	-0.000334213 	0
0.643369 	1e-05 	1.98444e-19 	3.94507 	-0.000253944 	0
0.645244 	1e-05 	1.58622e-18 	3.94508 	-6.59169e-05 	0
0.647119 	1e-05 	2.974e-18 	3.94506 	0.000121927 	0
0.648994 	1e-05 	4.36178e-18 	3.94506 	0.000166133 	0
0.650869 	1e-05 	5.74956e-18 	3.94507 	0.000100305 	0
0.652744 	1e-05 	4.01484e-18 	3.94509 	-2.22039e-06 	0
0.654619 	1e-05 	1.93317e-18 	3.94506 	-5.18254e-06 	0
0.656494 	1e-05 	1.58622e-18 	3.94503 	3.85168e-05 	0
0.658369 	1e-05 	1.93317e-18 	3.94494 	0.000158539 	0
0.660244 	1e-05 	2.28011e-18 	3.94491 	0.000400267 	0
0.66212 	1e-05 	3.66789e-18 	3.94493 	0.000562311 	0
0.663995 	1e-05 	5.05567e-18 	3.94493 	0.000582084 	0
0.66587 	1e-05 	5.05567e-18 	3.94492 	0.000544151 	0
0.667745 	1e-05 	3.66789e-18 	3.94493 	0.00045271 	0
0.66962 	1e-05 	2.28011e-18 	3.94496 	0.0003708 	0
0.671495 	1e-05 	2.28011e-18 	3.94496 	0.000332477 	0
0.67337 	1e-05 	2.28011e-18 	3.94497 	0.000336517 	0
0.675245 	1e-05 	2.28011e-18 	3.94499 	0.000369651 	0
0.67712 	1e-05 	2.28011e-18 	3.94499 	0.000379699 	0
0.678995 	1e-05 	5.45389e-19 	3.94499 	0.000323247 	0
0.680871 	1e-05 	-1.18933e-18 	3.94501 	0.000224597 	0
0.682746 	1e-05 	-1.18933e-18 	3.94506 	0.000109208 	0
0.684621 	1e-05 	-2.92406e-18 	3.94513 	-8.85051e-06 	0
0.686496 	1e-05 	-3.271e-18 	3.94519 	-5.45394e-05 	0
0.688371 	1e-05 	-1.88322e-18 	3.94522 	-4.7345e-05 	0
0.690246 	1e-05 	-1.88322e-18 	3.94528 	5.56888e-06 	0
0.692121 	1e-05 	-1.88322e-18 	3.94531 	0.000122621 	0
0.693996 	1e-05 	-1.88322e-18 	3.94532 	0.000240183 	0
0.695871 	1e-05 	-3.271e-18 	3.94533 	0.000274763 	0
0.697746 	1e-05 	-6.04656e-18 	3.94533 	0.000279357 	0
0.699621 	1e-05 	-9.16906e-18 	3.94535 	0.000268049 	0
0.701497 	1e-05 	-1.09038e-17 	3.94534 	0.000263323 	0
0.703372 	1e-05 	-1.09038e-17 	3.9453 	0.000298971 	0
0.705247 	1e-05 	-1.09038e-17 	3.94529 	0.000368842 	0
0.707122 	1e-05 	-1.09038e-17 	3.94529 	0.000486977 	0
0.708997 	1e-05 	-1.09038e-17 	3.94519 	0.000575731 	0
0.710872 	1e-05 	-1.09038e-17 	3.94513 	0.000577721 	0
0.712747 	1e-05 	-1.09038e-17 	3.9451 	0.000525992 	0
0.714622 	1e-05 	-1.09038e-17 	3.94508 	0.000405189 	0
0.716497 	1e-05 	-9.51601e-18 	3.94504 	0.000310211 	0
0.718372 	1e-05 	-9.86295e-18 	3.94503 	0.000239003 	0
0.720248 	1e-05 	-1.33324e-17 	3.94503 	0.000174596 	0
0.722123 	1e-05 	-1.50671e-17 	3.94503 	8.78267e-05 	0
0.723998 	1e-05 	-1.50671e-17 	3.94506 	-4.98804e-06 	0
0.725873 	1e-05 	-1.50671e-17 	3.94512 	-3.07693e-05 	0
0.727748 	1e-05 	-1.36793e-17 	3.94516 	-5.80345e-05 	0
0.729623 	1e-05 	-1.22916e-17 	3.94522 	-8.19553e-05 	0
0.731498 	1e-05 	-1.09038e-17 	3.94529 	-7.30002e-05 	0
0.733373 	1e-05 	-7.78128e-18 	3.94535 	-1.92639e-05 	0
0.735248 	1e-05 	-6.04656e-18 	3.9454 	5.23517e-05 	0
0.737123 	1e-05 	-6.04656e-18 	3.94544 	0.000159431 	0
0.738998 	1e-05 	-6.04656e-18 	3.94548 	0.00028883 	0
0.740874 	1e-05 	-6.04656e-18 	3.94551 	0.000332887 	0
0.742749 	1e-05 	-6.04656e-18 	3.94552 	0.000324843 	0
0.744624 	1e-05 	-6.04656e-18 	3.94552 	0.000298439 	0
0.746499 	1e-05 	-7.78128e-18 	3.94551 	0.000287461 	0
0.748374 	1e-05 	-9.51601e-18 	3.94549 	0.00029788 	0
0.750249 	1e-05 	-9.51601e-18 	3.94548 	0.000310406 	0
0.752124 	1e-05 	-9.51601e-18 	3.94548 	0.000307796 	0
0.753999 	1e-05 	-9.51601e-18 	3.94548 	0.000283921 	0
0.755874 	1e-05 	-9.51601e-18 	3.94546 	0.000260254 	0
0.757749 	1e-05 	-9.51601e-18 	3.94542 	0.000250486 	0
0.759625 	1e-05 	-9.51601e-18 	3.94537 	0.000239747 	0
0.7615 	1e-05 	-9.51601e-18 	3.94532 	0.000218259 	0
0.763375 	1e-05 	-9.51601e-18 	3.9453 	0.000208011 	0
0.76525 	1e-05 	-9.51601e-18 	3.94526 	0.000197754 	0
0.767125 	1e-05 	-9.51601e-18 	3.94521 	0.000210804 	0
0.769 	1e-05 	-9.51601e-18 	3.9452 	0.000266096 	0
0.770875 	1e-05 	-9.51601e-18 	3.94524 	0.000337696 	0
0.77275 	1e-05 	-9.51601e-18 	3.94532 	0.000391517 	0
0.774625 	1e-05 	-9.51601e-18 	3.94543 	0.000403987 	0
0.7765 	1e-05 	-9.51601e-18 	3.94548 	0.000390222 	0
0.778375 	1e-05 	-9.51601e-18 	3.94553 	0.000351863 	0
0.780251 	1e-05 	-9.51601e-18 	3.94558 	0.000257253 	0
0.782126 	1e-05 	-9.51601e-18 	3.94559 	0.000165716 	0
0.784001 	1e-05 	-9.51601e-18 	3.94558 	0.000134595 	0
0.785876 	1e-05 	-9.51601e-18 	3.94556 	0.000124379 	0
0.787751 	1e-05 	-9.51601e-18 	3.94553 	0.000115017 	0
0.789626 	1e-05 	-9.51601e-18 	3.9455 	0.000110943 	0
0.791501 	1e-05 	-9.51601e-18 	3.94545 	0.000118156 	0
0.793376 	1e-05 	-9.51601e-18 	3.94538 	0.000149051 	0
0.795251 	1e-05 	-1.12507e-17 	3.9453 	0.000195996 	0
0.797126 	1e-05 	-1.29855e-17 	3.94523 	0.000223791 	0
0.799002 	1e-05 	-1.29855e-17 	3.94521 	0.000223407 	0
0.800877 	1e-05 	-1.29855e-17 	3.9452 	0.000227595 	0
0.802752 	1e-05 	-1.47202e-17 	3.94523 	0.000235099 	0
0.804627 	1e-05 	-1.81896e-17 	3.94527 	0.000254684 	0
0.806502 	1e-05 	-1.81896e-17 	3.94531 	0.000273541 	0
0.808377 	1e-05 	-1.64549e-17 	3.94536 	0.00029012 	0
0.810252 	1e-05 	-1.64549e-17 	3.94539 	0.000282723 	0
0.812127 	1e-05 	-1.78427e-17 	3.94541 	0.000262443 	0
0.814002 	1e-05 	-2.06182e-17 	3.94545 	0.000245273 	0
0.815877 	1e-05 	-2.02713e-17 	3.94549 	0.000219938 	0
0.817752 	1e-05 	-1.71488e-17 	3.94551 	0.000173417 	0
0.819628 	1e-05 	-1.5761e-17 	3.94551 	0.000152233 	0
0.821503 	1e-05 	-1.5761e-17 	3.94552 	0.00013689 	0
0.823378 	1e-05 	-1.26385e-17 	3.94553 	0.000136693 	0
0.825253 	1e-05 	-1.26385e-17 	3.94551 	0.000144147 	0
0.827128 	1e-05 	-1.5761e-17 	3.9455 	0.000151274 	0
0.829003 	1e-05 	-1.5761e-17 	3.94547 	0.000184004 	0
0.830878 	1e-05 	-1.5761e-17 	3.94546 	0.000238217 	0
0.832753 	1e-05 	-1.5761e-17 	3.94546 	0.000279378 	0
0.834628 	1e-05 	-1.5761e-17 	3.94545 	0.00032598 	0
0.836503 	1e-05 	-1.74957e-17 	3.94546 	0.000361867 	0
0.838379 	1e-05 	-1.92305e-17 	3.94545 	0.000334686 	0
0.840254 	1e-05 	-2.09652e-17 	3.94544 	0.000314809 	0
0.842129 	1e-05 	-2.26999e-17 	3.94543 	0.000300962 	0
0.844004 	1e-05 	-2.13121e-17 	3.94543 	0.000264994 	0
0.845879 	1e-05 	-1.99243e-17 	3.94543 	0.000251528 	0
0.847754 	1e-05 	-1.99243e-17 	3.94544 	0.000248063 	0
0.849629 	1e-05 	-2.16591e-17 	3.94545 	0.000221736 	0
0.851504 	1e-05 	-2.33938e-17 	3.94546 	0.000213925 	0
0.853379 	1e-05 	-2.33938e-17 	3.94547 	0.000209734 	0
0.855254 	1e-05 	-2.33938e-17 	3.94548 	0.000182445 	0
0.857129 	1e-05 	-2.33938e-17 	3.94551 	0.000168123 	0
0.859005 	1e-05 	-2.16591e-17 	3.94554 	0.000193783 	0
0.86088 	1e-05 	-1.99243e-17 	3.94555 	0.000199465 	0
0.862755 	1e-05 	-2.02713e-17 	3.94559 	0.000191435 	0
0.86463 	1e-05 	-1.88835e-17 	3.94562 	0.000166727 	0
0.866505 	1e-05 	-1.71488e-17 	3.94565 	0.000153791 	0
0.86838 	1e-05 	-1.85366e-17 	3.94565 	0.000168118 	0
0.870255 	1e-05 	-1.99243e-17 	3.94564 	0.000190569 	0
0.87213 	1e-05 	-1.99243e-17 	3.94562 	0.000205874 	0
0.874005 	1e-05 	-2.13121e-17 	3.94559 	0.000234674 	0
0.87588 	1e-05 	-2.26999e-17 	3.94558 	0.000252009 	0
0.877756 	1e-05 	-2.26999e-17 	3.94556 	0.00026376 	0
0.879631 	1e-05 	-2.26999e-17 	3.94551 	0.000290677 	0
0.881506 	1e-05 	-2.26999e-17 	3.94545 	0.000302268 	0
0.883381 	1e-05 	-2.26999e-17 	3.94543 	0.000301964 	0
0.885256 	1e-05 	-2.26999e-17 	3.94542 	0.000298562 	0
0.887131 	1e-05 	-2.26999e-17 	3.94541 	0.000298489 	0
0.889006 	1e-05 	-2.26999e-17 	3.94542 	0.000304074 	0
0.890881 	1e-05 	-2.26999e-17 	3.94544 	0.00031692 	0
0.892756 	1e-05 	-2.26999e-17 	3.94549 	0.000333771 	0
0.894631 	1e-05 	-2.26999e-17 	3.94557 	0.000357178 	0
0.896506 	1e-05 	-2.26999e-17 	3.94562 	0.000375791 	0
0.898382 	1e-05 	-2.40877e-17 	3.94567 	0.000379817 	0
0.900257 	1e-05 	-2.54755e-17 	3.94573 	0.000374261 	0
0.902132 	1e-05 	-2.54755e-17 	3.94577 	0.00034373 	0
0.904007 	1e-05 	-2.68632e-17 	3.94577 	0.000291922 	0
0.905882 	1e-05 	-2.8251e-17 	3.94574 	0.000252955 	0
0.907757 	1e-05 	-2.8598e-17 	3.94569 	0.000236293 	0
0.909632 	1e-05 	-2.72102e-17 	3.94565 	0.000233113 	0
0.911507 	1e-05 	-2.54755e-17 	3.94561 	0.000247702 	0
0.913382 	1e-05 	-2.68632e-17 	3.94556 	0.00027695 	0
0.915257 	1e-05 	-2.99857e-17 	3.94551 	0.000310622 	0
0.917133 	1e-05 	-3.17205e-17 	3.94545 	0.000340181 	0
0.919008 	1e-05 	-3.17205e-17 	3.9454 	0.000355179 	0
0.920883 	1e-05 	-3.31082e-17 	3.94539 	0.000357655 	0
0.922758 	1e-05 	-3.4496e-17 	3.94537 	0.000360681 	0
0.924633 	1e-05 	-3.4496e-17 	3.94535 	0.000361954 	0
0.926508 	1e-05 	-3.4496e-17 	3.94534 	0.000358216 	0
0.928383 	1e-05 	-3.4496e-17 	3.94535 	0.000359626 	0
0.930258 	1e-05 	-3.4496e-17 	3.94536 	0.000360694 	0
0.932133 	1e-05 	-3.4496e-17 	3.94537 	0.000355545 	0
0.934008 	1e-05 	-3.4496e-17 	3.94537 	0.000356707 	0
0.935883 	1e-05 	-3.4496e-17 	3.94538 	0.000363476 	0
0.937759 	1e-05 	-3.4496e-17 	3.9454 	0.000376847 	0
0.939634 	1e-05 	-3.4496e-17 	3.94543 	0.000393116 	0
0.941509 	1e-05 	-3.4496e-17 	3.94546 	0.000392284 	0
0.943384 	1e-05 	-3.4496e-17 	3.94549 	0.000379103 	0
0.945259 	1e-05 	-3.4496e-17 	3.94552 	0.000363578 	0
0.947134 	1e-05 	-3.4496e-17 	3.94555 	0.00035023 	0
0.949009 	1e-05 	-3.4496e-17 	3.94558 	0.000334219 	0
0.950884 	1e-05 	-3.76185e-17 	3.94562 	0.00030491 	0
0.952759 	1e-05 	-4.0741e-17 	3.94562 	0.000295718 	0
0.954634 	1e-05 	-4.0741e-17 	3.94562 	0.00028969 	0
0.95651 	1e-05 	-4.24758e-17 	3.94561 	0.000290962 	0
0.958385 	1e-05 	-4.42105e-17 	3.94559 	0.000298906 	0
0.96026 	1e-05 	-4.42105e-17 	3.94556 	0.000299748 	0
0.962135 	1e-05 	-4.42105e-17 	3.94553 	0.000273876 	0
0.96401 	1e-05 	-4.42105e-17 	3.94548 	0.000247503 	0
0.965885 	1e-05 	-4.42105e-17 	3.94544 	0.000242671 	0
0.96776 	1e-05 	-4.42105e-17 	3.94539 	0.000246827 	0
0.969635 	1e-05 	-4.42105e-17 	3.94534 	0.000234697 	0
0.97151 	1e-05 	-4.42105e-17 	3.94535 	0.000214032 	0
0.973385 	1e-05 	-4.42105e-17 	3.94538 	0.000202589 	0
0.97526 	1e-05 	-4.28227e-17 	3.9454 	0.000186473 	0
0.977136 	1e-05 	-4.14349e-17 	3.94544 	0.000171946 	0
0.979011 	1e-05 	-4.00471e-17 	3.9455 	0.000168472 	0
0.980886 	1e-05 	-4.00471e-17 	3.94557 	0.000178276 	0
0.982761 	1e-05 	-4.28227e-17 	3.94564 	0.000200948 	0
0.984636 	1e-05 	-4.42105e-17 	3.94569 	0.000243927 	0
0.986511 	1e-05 	-4.42105e-17 	3.94573 	0.00028391 	0
0.988386 	1e-05 	-4.42105e-17 	3.94575 	0.000299059 	0
0.990261 	1e-05 	-4.42105e-17 	3.94578 	0.000304867 	0
0.992136 	1e-05 	-4.42105e-17 	3.94578 	0.000297993 	0
0.994011 	1e-05 	-4.55983e-17 	3.94575 	0.000288574 	0
0.995887 	1e-05 	-4.52513e-17 	3.94573 	0.00027836 	0
0.997762 	1e-05 	-4.35166e-17 	3.94571 	0.000262722 	0
