0.602117 	0.20001 	-1.22749e-15 	3.93414 	0.0569255 	0
0.603992 	0.20001 	-1.22402e-15 	3.93446 	0.0557579 	0
0.605867 	0.20001 	-1.2202e-15 	3.9345 	0.0553352 	0
0.607742 	0.20001 	-1.21986e-15 	3.93613 	0.0514513 	0
0.609617 	0.20001 	-1.21951e-15 	3.9372 	0.0474939 	0
0.611492 	0.20001 	-1.21916e-15 	3.93716 	0.0451022 	0
0.613367 	0.20001 	-1.21778e-15 	3.93782 	0.0445241 	0
0.615242 	0.20001 	-1.21812e-15 	3.93755 	0.0438138 	0
0.617117 	0.20001 	-1.21986e-15 	3.93931 	0.0388233 	0
0.618992 	0.20001 	-1.21812e-15 	3.93986 	0.0347285 	0
0.620867 	0.20001 	-1.21292e-15 	3.94006 	0.0325454 	0
0.622743 	0.20001 	-1.20667e-15 	3.94103 	0.033116 	0
0.624618 	0.20001 	-1.20425e-15 	3.9418 	0.032525 	0
0.626493 	0.20001 	-1.20459e-15 	3.9434 	0.0286344 	0
0.628368 	0.20001 	-1.20459e-15 	3.94364 	0.0252984 	0
0.630243 	0.20001 	-1.2032e-15 	3.94385 	0.0228785 	0
0.632118 	0.20001 	-1.20216e-15 	3.94368 	0.0213556 	0
0.633993 	0.20001 	-1.19904e-15 	3.94298 	0.0188129 	0
0.635868 	0.20001 	-1.19731e-15 	3.94438 	0.0158272 	0
0.637743 	0.20001 	-1.19731e-15 	3.94472 	0.0132217 	0
0.639618 	0.20001 	-1.19314e-15 	3.94558 	0.0124381 	0
0.641494 	0.20001 	-1.19037e-15 	3.94697 	0.0129689 	0
0.643369 	0.20001 	-1.18863e-15 	3.94841 	0.0100826 	0
0.645244 	0.20001 	-1.18551e-15 	3.94898 	0.0055785 	0
0.647119 	0.20001 	-1.18204e-15 	3.94873 	0.0027937 	0
0.648994 	0.20001 	-1.17718e-15 	3.94841 	0.00126317 	0
0.650869 	0.20001 	-1.17406e-15 	3.9487 	-0.000644651 	0
0.652744 	0.20001 	-1.17059e-15 	3.95029 	-0.00274021 	0
0.654619 	0.20001 	-1.16712e-15 	3.9511 	-0.00536245 	0
0.656494 	0.20001 	-1.16539e-15 	3.9515 	-0.00742577 	0
0.658369 	0.20001 	-1.16816e-15 	3.95279 	-0.00813148 	0
0.660244 	0.20001 	-1.1692e-15 	3.9534 	-0.00866112 	0
0.66212 	0.20001 	-1.16747e-15 	3.95416 	-0.0122862 	0
0.663995 	0.20001 	-1.16747e-15 	3.95442 	-0.0160266 	0
0.66587 	0.20001 	-1.16435e-15 	3.95434 	-0.0186403 	0
0.667745 	0.20001 	-1.16296e-15 	3.95384 	-0.0202722 	0
0.66962 	0.20001 	-1.16296e-15 	3.95309 	-0.022448 	0
0.671495 	0.20001 	-1.16296e-15 	3.95426 	-0.0242146 	0
0.67337 	0.20001 	-1.15949e-15 	3.95516 	-0.026351 	0
0.675245 	0.20001 	-1.15637e-15 	3.95598 	-0.0277588 	0
0.67712 	0.20001 	-1.15845e-15 	3.95788 	-0.0279287 	0
0.678995 	0.20001 	-1.15671e-15 	3.95931 	-0.0286211 	0
0.680871 	0.20001 	-1.14977e-15 	3.95998 	-0.0313119 	0
0.682746 	0.20001 	-1.14804e-15 	3.95991 	-0.0346419 	0
0.684621 	0.20001 	-1.14804e-15 	3.95932 	-0.037627 	0
0.686496 	0.20001 	-1.14457e-15 	3.95826 	-0.0397281 	0
0.688371 	0.20001 	-1.14457e-15 	3.95833 	-0.0416919 	0
0.690246 	0.20001 	-1.14631e-15 	3.95917 	-0.042722 	0
0.692121 	0.20001 	-1.14457e-15 	3.95971 	-0.045216 	0
0.693996 	0.20001 	-1.14041e-15 	3.96031 	-0.0465288 	0
0.695871 	0.20001 	-1.13798e-15 	3.962 	-0.0462393 	0
0.697746 	0.20001 	-1.13659e-15 	3.96362 	-0.0478504 	0
0.699621 	0.20001 	-1.1352e-15 	3.9647 	-0.0517823 	0
0.701497 	0.20001 	-1.13694e-15 	3.96474 	-0.0545981 	0
0.703372 	0.20001 	-1.13902e-15 	3.965 	-0.0557204 	0
0.705247 	0.20001 	-1.1411e-15 	3.96475 	-0.0561695 	0
0.707122 	0.20001 	-1.13971e-15 	3.96436 	-0.0597328 	0
0.708997 	0.20001 	-1.13624e-15 	3.96466 	-0.0639538 	0
0.710872 	0.20001 	-1.13555e-15 	3.96462 	-0.0659333 	0
0.712747 	0.20001 	-1.1352e-15 	3.96497 	-0.0660631 	0
0.714622 	0.20001 	-1.13173e-15 	3.96547 	-0.0658918 	0
0.716497 	0.20001 	-1.13173e-15 	3.96676 	-0.068848 	0
0.718372 	0.20001 	-1.1352e-15 	3.96715 	-0.0719679 	0
0.720248 	0.20001 	-1.13624e-15 	3.96701 	-0.0736651 	0
0.722123 	0.20001 	-1.13728e-15 	3.96722 	-0.0744977 	0
0.723998 	0.20001 	-1.13728e-15 	3.96787 	-0.0758402 	0
0.725873 	0.20001 	-1.13208e-15 	3.96954 	-0.078043 	0
0.727748 	0.20001 	-1.12549e-15 	3.97008 	-0.080079 	0
0.729623 	0.20001 	-1.12375e-15 	3.97035 	-0.0811179 	0
0.731498 	0.20001 	-1.12167e-15 	3.97115 	-0.0813347 	0
0.733373 	0.20001 	-1.12133e-15 	3.97136 	-0.0823539 	0
0.735248 	0.20001 	-1.12445e-15 	3.97118 	-0.086736 	0
0.737123 	0.20001 	-1.12445e-15 	3.97083 	-0.0909641 	0
0.738998 	0.20001 	-1.12271e-15 	3.97085 	-0.0924085 	0
0.740874 	0.20001 	-1.12237e-15 	3.97149 	-0.0917434 	0
0.742749 	0.20001 	-1.12028e-15 	3.9726 	-0.0922369 	0
0.744624 	0.20001 	-1.11681e-15 	3.97406 	-0.0945453 	0
0.746499 	0.20001 	-1.11265e-15 	3.97443 	-0.0965737 	0
0.748374 	0.20001 	-1.11022e-15 	3.97487 	-0.098124 	0
0.750249 	0.20001 	-1.11196e-15 	3.97532 	-0.0988136 	0
0.752124 	0.20001 	-1.11196e-15 	3.97473 	-0.100969 	0
0.753999 	0.20001 	-1.10849e-15 	3.97491 	-0.104784 	0
0.755874 	0.20001 	-1.10745e-15 	3.97485 	-0.106522 	0
0.757749 	0.20001 	-1.10675e-15 	3.97506 	-0.107078 	0
0.759625 	0.20001 	-1.10328e-15 	3.97551 	-0.107604 	0
0.7615 	0.20001 	-1.1012e-15 	3.97582 	-0.10983 	0
0.763375 	0.20001 	-1.09947e-15 	3.9759 	-0.112629 	0
0.76525 	0.20001 	-1.09635e-15 	3.97616 	-0.114116 	0
0.767125 	0.20001 	-1.09496e-15 	3.97702 	-0.114106 	0
0.769 	0.20001 	-1.09218e-15 	3.97801 	-0.114072 	0
0.770875 	0.20001 	-1.08941e-15 	3.9794 	-0.116166 	0
0.77275 	0.20001 	-1.08975e-15 	3.98059 	-0.118965 	0
0.774625 	0.20001 	-1.08559e-15 	3.98088 	-0.121747 	0
0.7765 	0.20001 	-1.07761e-15 	3.98055 	-0.124235 	0
0.778375 	0.20001 	-1.07241e-15 	3.97971 	-0.125938 	0
0.780251 	0.20001 	-1.06894e-15 	3.97819 	-0.12728 	0
0.782126 	0.20001 	-1.06581e-15 	3.97805 	-0.129563 	0
0.784001 	0.20001 	-1.06165e-15 	3.9785 	-0.130861 	0
0.785876 	0.20001 	-1.06061e-15 	3.97918 	-0.131204 	0
0.787751 	0.20001 	-1.06234e-15 	3.98048 	-0.130847 	0
0.789626 	0.20001 	-1.062e-15 	3.98241 	-0.132552 	0
0.791501 	0.20001 	-1.06061e-15 	3.98336 	-0.135584 	0
0.793376 	0.20001 	-1.0613e-15 	3.98312 	-0.136889 	0
0.795251 	0.20001 	-1.0613e-15 	3.98331 	-0.136866 	0
0.797126 	0.20001 	-1.0613e-15 	3.98418 	-0.137965 	0
0.799002 	0.20001 	-1.0613e-15 	3.98442 	-0.140989 	0
0.800877 	0.20001 	-1.05853e-15 	3.98322 	-0.143473 	0
0.802752 	0.20001 	-1.05402e-15 	3.98271 	-0.146706 	0
0.804627 	0.20001 	-1.04985e-15 	3.98372 	-0.148057 	0
0.806502 	0.20001 	-1.04916e-15 	3.98413 	-0.148583 	0
0.808377 	0.20001 	-1.04916e-15 	3.9844 	-0.149154 	0
0.810252 	0.20001 	-1.04326e-15 	3.98489 	-0.149526 	0
0.812127 	0.20001 	-1.03736e-15 	3.9856 	-0.150317 	0
0.814002 	0.20001 	-1.03736e-15 	3.98647 	-0.152291 	0
0.815877 	0.20001 	-1.03563e-15 	3.98679 	-0.15511 	0
0.817752 	0.20001 	-1.0339e-15 	3.9864 	-0.15601 	0
0.819628 	0.20001 	-1.03285e-15 	3.98541 	-0.157028 	0
0.821503 	0.20001 	-1.03181e-15 	3.98628 	-0.159773 	0
0.823378 	0.20001 	-1.03008e-15 	3.98757 	-0.160776 	0
0.825253 	0.20001 	-1.03008e-15 	3.98802 	-0.161702 	0
0.827128 	0.20001 	-1.03251e-15 	3.98778 	-0.163832 	0
0.829003 	0.20001 	-1.0332e-15 	3.98772 	-0.163962 	0
0.830878 	0.20001 	-1.03147e-15 	3.98764 	-0.163252 	0
0.832753 	0.20001 	-1.03147e-15 	3.98831 	-0.165292 	0
0.834628 	0.20001 	-1.0332e-15 	3.98878 	-0.168741 	0
0.836503 	0.20001 	-1.03043e-15 	3.9884 	-0.170327 	0
0.838379 	0.20001 	-1.02765e-15 	3.9886 	-0.172626 	0
0.840254 	0.20001 	-1.02418e-15 	3.99035 	-0.174038 	0
0.842129 	0.20001 	-1.02071e-15 	3.99119 	-0.175093 	0
0.844004 	0.20001 	-1.02071e-15 	3.99192 	-0.17553 	0
0.845879 	0.20001 	-1.01759e-15 	3.99289 	-0.177022 	0
0.847754 	0.20001 	-1.01273e-15 	3.99288 	-0.180169 	0
0.849629 	0.20001 	-1.01273e-15 	3.9912 	-0.182832 	0
0.851504 	0.20001 	-1.01447e-15 	3.98993 	-0.183487 	0
0.853379 	0.20001 	-1.01447e-15 	3.98968 	-0.18271 	0
0.855254 	0.20001 	-1.01308e-15 	3.99006 	-0.182285 	0
0.857129 	0.20001 	-1.00996e-15 	3.99156 	-0.184281 	0
0.859005 	0.20001 	-1.00822e-15 	3.99275 	-0.186648 	0
0.86088 	0.20001 	-1.00649e-15 	3.99372 	-0.187768 	0
0.862755 	0.20001 	-1.00649e-15 	3.99497 	-0.188885 	0
0.86463 	0.20001 	-1.00787e-15 	3.99559 	-0.190508 	0
0.866505 	0.20001 	-1.00753e-15 	3.9945 	-0.192177 	0
0.86838 	0.20001 	-1.00406e-15 	3.99342 	-0.19317 	0
0.870255 	0.20001 	-1.00059e-15 	3.9932 	-0.193661 	0
0.87213 	0.20001 	-9.94343e-16 	3.99298 	-0.195397 	0
0.874005 	0.20001 	-9.86364e-16 	3.99324 	-0.195832 	0
0.87588 	0.20001 	-9.84629e-16 	3.99417 	-0.19678 	0
0.877756 	0.20001 	-9.82547e-16 	3.99522 	-0.199074 	0
0.879631 	0.20001 	-9.75262e-16 	3.99562 	-0.200023 	0
0.881506 	0.20001 	-9.68323e-16 	3.99603 	-0.200477 	0
0.883381 	0.20001 	-9.66588e-16 	3.99614 	-0.201856 	0
0.885256 	0.20001 	-9.66588e-16 	3.99583 	-0.203856 	0
0.887131 	0.20001 	-9.68323e-16 	3.99597 	-0.20494 	0
0.889006 	0.20001 	-9.66588e-16 	3.99592 	-0.205944 	0
0.890881 	0.20001 	-9.60343e-16 	3.99623 	-0.206218 	0
0.892756 	0.20001 	-9.57567e-16 	3.9975 	-0.206445 	0
0.894631 	0.20001 	-9.55833e-16 	3.99902 	-0.207017 	0
0.896506 	0.20001 	-9.52363e-16 	3.99936 	-0.209579 	0
0.898382 	0.20001 	-9.45424e-16 	3.99804 	-0.213441 	0
0.900257 	0.20001 	-9.40914e-16 	3.99647 	-0.215145 	0
0.902132 	0.20001 	-9.39873e-16 	3.99498 	-0.216106 	0
0.904007 	0.20001 	-9.38138e-16 	3.99615 	-0.217575 	0
0.905882 	0.20001 	-9.38138e-16 	3.99731 	-0.217834 	0
0.907757 	0.20001 	-9.37792e-16 	3.998 	-0.218486 	0
0.909632 	0.20001 	-9.38832e-16 	3.99851 	-0.220378 	0
0.911507 	0.20001 	-9.41955e-16 	3.9988 	-0.220954 	0
0.913382 	0.20001 	-9.42996e-16 	3.99991 	-0.220582 	0
0.915257 	0.20001 	-9.42302e-16 	4.0016 	-0.220804 	0
0.917133 	0.20001 	-9.44383e-16 	4.00302 	-0.224576 	0
0.919008 	0.20001 	-9.46465e-16 	4.00195 	-0.227341 	0
0.920883 	0.20001 	-9.44383e-16 	4.00076 	-0.227304 	0
0.922758 	0.20001 	-9.40567e-16 	3.99949 	-0.226188 	0
0.924633 	0.20001 	-9.38832e-16 	3.99915 	-0.227136 	0
0.926508 	0.20001 	-9.39873e-16 	3.99991 	-0.22975 	0
0.928383 	0.20001 	-9.40914e-16 	4.0002 	-0.231625 	0
0.930258 	0.20001 	-9.44383e-16 	4.00074 	-0.232707 	0
0.932133 	0.20001 	-9.46118e-16 	4.00183 	-0.232367 	0
0.934008 	0.20001 	-9.42649e-16 	4.00271 	-0.23132 	0
0.935883 	0.20001 	-9.4022e-16 	4.00281 	-0.231791 	0
0.937759 	0.20001 	-9.39873e-16 	4.00396 	-0.235514 	0
0.939634 	0.20001 	-9.41955e-16 	4.00387 	-0.238441 	0
0.941509 	0.20001 	-9.41955e-16 	4.00311 	-0.240402 	0
0.943384 	0.20001 	-9.4022e-16 	4.00229 	-0.242591 	0
0.945259 	0.20001 	-9.38832e-16 	4.00178 	-0.24504 	0
0.947134 	0.20001 	-9.3571e-16 	4.00181 	-0.246289 	0
0.949009 	0.20001 	-9.32934e-16 	4.00189 	-0.246587 	0
0.950884 	0.20001 	-9.31893e-16 	4.00182 	-0.247397 	0
0.952759 	0.20001 	-9.30853e-16 	4.00194 	-0.24766 	0
0.954634 	0.20001 	-9.31547e-16 	4.0028 	-0.246995 	0
0.95651 	0.20001 	-9.35363e-16 	4.00408 	-0.245998 	0
0.958385 	0.20001 	-9.33628e-16 	4.0066 	-0.248842 	0
0.96026 	0.20001 	-9.29812e-16 	4.00665 	-0.251192 	0
0.962135 	0.20001 	-9.2773e-16 	4.00608 	-0.25201 	0
0.96401 	0.20001 	-9.23914e-16 	4.00579 	-0.251958 	0
0.965885 	0.20001 	-9.20444e-16 	4.00596 	-0.251734 	0
0.96776 	0.20001 	-9.14893e-16 	4.00609 	-0.252541 	0
0.969635 	0.20001 	-9.12811e-16 	4.00524 	-0.254851 	0
0.97151 	0.20001 	-9.11424e-16 	4.0039 	-0.25782 	0
0.973385 	0.20001 	-9.04832e-16 	4.00331 	-0.260149 	0
0.97526 	0.20001 	-9.01362e-16 	4.00366 	-0.260606 	0
0.977136 	0.20001 	-9.01015e-16 	4.00387 	-0.26031 	0
0.979011 	0.20001 	-9.02403e-16 	4.0059 	-0.261305 	0
0.980886 	0.20001 	-9.00668e-16 	4.00696 	-0.262383 	0
0.982761 	0.20001 	-8.97199e-16 	4.00739 	-0.262946 	0
0.984636 	0.20001 	-8.99975e-16 	4.0079 	-0.26287 	0
0.986511 	0.20001 	-9.03097e-16 	4.00847 	-0.262978 	0
0.988386 	0.20001 	-9.03444e-16 	4.0096 	-0.265534 	0
0.990261 	0.20001 	-8.98934e-16 	4.0095 	-0.269076 	0
0.992136 	0.20001 	-8.92689e-16 	4.00804 	-0.272226 	0
0.994011 	0.20001 	-8.92342e-16 	4.00648 	-0.274646 	0
0.995887 	0.20001 	-8.91995e-16 	4.00659 	-0.274698 	0
0.997762 	0.20001 	-8.86097e-16 	4.00722 	-0.273933 	0
0.999637 	0.20001 	-8.83668e-16 	4.0078 	-0.273592 	0
1.00151 	0.20001 	-8.81933e-16 	4.00876 	-0.273438 	0
1.00339 	0.20001 	-8.76729e-16 	4.0101 	-0.273317 	0
1.00526 	0.20001 	-8.7326e-16 	4.0113 	-0.273704 	0
1.00714 	0.20001 	-8.71872e-16 	4.01177 	-0.275177 	0
1.00901 	0.20001 	-8.70137e-16 	4.01142 	-0.277543 	0
1.01089 	0.20001 	-8.68403e-16 	4.01005 	-0.28075 	0
1.01276 	0.20001 	-8.65627e-16 	4.00807 	-0.284352 	0
1.01464 	0.20001 	-8.64239e-16 	4.00713 	-0.286242 	0
1.01651 	0.20001 	-8.62505e-16 	4.00709 	-0.286512 	0
1.01839 	0.20001 	-8.62505e-16 	4.00769 	-0.285884 	0
1.02026 	0.20001 	-8.66321e-16 	4.00874 	-0.285017 	0
1.02214 	0.20001 	-8.68056e-16 	4.0093 	-0.284924 	0
1.02401 	0.20001 	-8.67362e-16 	4.01016 	-0.28513 	0
1.02589 	0.20001 	-8.6528e-16 	4.01142 	-0.285294 	0
1.02776 	0.20001 	-8.63545e-16 	4.0129 	-0.285229 	0
1.02964 	0.20001 	-8.63198e-16 	4.01438 	-0.285846 	0
1.03151 	0.20001 	-8.62851e-16 	4.01532 	-0.287336 	0
1.03339 	0.20001 	-8.61464e-16 	4.01522 	-0.288896 	0
1.03526 	0.20001 	-8.59729e-16 	4.01393 	-0.290529 	0
1.03714 	0.20001 	-8.59382e-16 	4.01154 	-0.292196 	0
1.03901 	0.20001 	-8.59382e-16 	4.00971 	-0.29307 	0
1.04089 	0.20001 	-8.57647e-16 	4.0094 	-0.293202 	0
1.04276 	0.20001 	-8.55913e-16 	4.00925 	-0.293684 	0
1.04464 	0.20001 	-8.54178e-16 	4.00968 	-0.294676 	0
1.04651 	0.20001 	-8.52443e-16 	4.01088 	-0.295692 	0
1.04839 	0.20001 	-8.50708e-16 	4.01148 	-0.296069 	0
1.05026 	0.20001 	-8.47239e-16 	4.01237 	-0.296746 	0
1.05214 	0.20001 	-8.45504e-16 	4.01331 	-0.298613 	0
1.05401 	0.20001 	-8.43769e-16 	4.01367 	-0.300608 	0
1.05589 	0.20001 	-8.42035e-16 	4.01349 	-0.302521 	0
1.05776 	0.20001 	-8.42035e-16 	4.01299 	-0.303938 	0
1.05964 	0.20001 	-8.403e-16 	4.01276 	-0.304293 	0
1.06151 	0.20001 	-8.35096e-16 	4.01277 	-0.304236 	0
1.06339 	0.20001 	-8.28157e-16 	4.01279 	-0.304321 	0
1.06527 	0.20001 	-8.22953e-16 	4.0129 	-0.304677 	0
1.06714 	0.20001 	-8.21218e-16 	4.01317 	-0.304805 	0
1.06902 	0.20001 	-8.19483e-16 	4.01329 	-0.304772 	0
1.07089 	0.20001 	-8.16014e-16 	4.01364 	-0.304915 	0
1.07277 	0.20001 	-8.14279e-16 	4.01424 	-0.305604 	0
1.07464 	0.20001 	-8.12544e-16 	4.01447 	-0.306247 	0
1.07652 	0.20001 	-8.09075e-16 	4.0147 	-0.306495 	0
1.07839 	0.20001 	-8.0734e-16 	4.01495 	-0.306558 	0
1.08027 	0.20001 	-8.0734e-16 	4.01471 	-0.306792 	0
1.08214 	0.20001 	-8.05606e-16 	4.01372 	-0.307174 	0
1.08402 	0.20001 	-8.03871e-16 	4.0131 	-0.307223 	0
1.08589 	0.20001 	-8.02136e-16 	4.01304 	-0.307194 	0
1.08777 	0.20001 	-7.98667e-16 	4.01292 	-0.307066 	0
1.08964 	0.20001 	-7.96932e-16 	4.01283 	-0.306938 	0
1.09152 	0.20001 	-7.96932e-16 	4.01325 	-0.307538 	0
1.09339 	0.20001 	-7.95197e-16 	4.01441 	-0.308529 	0
1.09527 	0.20001 	-7.95197e-16 	4.01496 	-0.308779 	0
1.09714 	0.20001 	-7.93463e-16 	4.01536 	-0.308728 	0
1.09902 	0.20001 	-7.91728e-16 	4.01636 	-0.308537 	0
1.10089 	0.20001 	-7.91728e-16 	4.01746 	-0.308695 	0
1.10277 	0.20001 	-7.88258e-16 	4.01775 	-0.309531 	0
1.10464 	0.20001 	-7.84789e-16 	4.01673 	-0.310843 	0
1.10652 	0.20001 	-7.84789e-16 	4.01514 	-0.312043 	0
1.10839 	0.20001 	-7.81319e-16 	4.01462 	-0.31235 	0
1.11027 	0.20001 	-7.7785e-16 	4.0142 	-0.312509 	0
1.11214 	0.20001 	-7.7785e-16 	4.01349 	-0.312761 	0
1.11402 	0.20001 	-7.74728e-16 	4.01305 	-0.312544 	0
1.11589 	0.20001 	-7.72993e-16 	4.01337 	-0.311689 	0
1.11777 	0.20001 	-7.72646e-16 	4.01398 	-0.311129 	0
1.11964 	0.20001 	-7.70911e-16 	4.01415 	-0.311026 	0
1.12152 	0.20001 	-7.70911e-16 	4.01462 	-0.310818 	0
1.12339 	0.20001 	-7.70911e-16 	4.01537 	-0.310781 	0
1.12527 	0.20001 	-7.69176e-16 	4.01598 	-0.311056 	0
1.12714 	0.20001 	-7.67442e-16 	4.01595 	-0.311366 	0
1.12902 	0.20001 	-7.65707e-16 	4.01527 	-0.311664 	0
1.13089 	0.20001 	-7.60503e-16 	4.01473 	-0.311815 	0
1.13277 	0.20001 	-7.5738e-16 	4.01455 	-0.31185 	0
1.13464 	0.20001 	-7.55992e-16 	4.01413 	-0.312105 	0
1.13652 	0.20001 	-7.52523e-16 	4.01389 	-0.312571 	0
1.13839 	0.20001 	-7.50788e-16 	4.01415 	-0.312881 	0
1.14027 	0.20001 	-7.45584e-16 	4.01476 	-0.312709 	0
1.14214 	0.20001 	-7.42115e-16 	4.01538 	-0.31234 	0
1.14402 	0.20001 	-7.45584e-16 	4.0158 	-0.3121 	0
1.14589 	0.20001 	-7.45584e-16 	4.01608 	-0.31204 	0
1.14777 	0.20001 	-7.45237e-16 	4.01615 	-0.31199 	0
1.14964 	0.20001 	-7.4489e-16 	4.01587 	-0.311907 	0
1.15152 	0.20001 	-7.41421e-16 	4.01572 	-0.31183 	0
1.15339 	0.20001 	-7.39686e-16 	4.0155 	-0.31164 	0
1.15527 	0.20001 	-7.39686e-16 	4.01502 	-0.311397 	0
1.15714 	0.20001 	-7.39686e-16 	4.01438 	-0.311395 	0
1.15902 	0.20001 	-7.37951e-16 	4.01401 	-0.311793 	0
1.16089 	0.20001 	-7.34829e-16 	4.01419 	-0.312115 	0
1.16277 	0.20001 	-7.31706e-16 	4.01436 	-0.312224 	0
1.16465 	0.20001 	-7.29972e-16 	4.01449 	-0.312306 	0
1.16652 	0.20001 	-7.26155e-16 	4.01466 	-0.312376 	0
1.1684 	0.20001 	-7.19216e-16 	4.01498 	-0.312427 	0
1.17027 	0.20001 	-7.12624e-16 	4.01535 	-0.312401 	0
1.17215 	0.20001 	-7.09155e-16 	4.01558 	-0.312165 	0
1.17402 	0.20001 	-7.0742e-16 	4.01574 	-0.312009 	0
1.1759 	0.20001 	-7.05686e-16 	4.01587 	-0.31199 	0
1.17777 	0.20001 	-7.03951e-16 	4.01588 	-0.311908 	0
1.17965 	0.20001 	-7.00481e-16 	4.0157 	-0.31183 	0
1.18152 	0.20001 	-6.93542e-16 	4.01546 	-0.311649 	0
1.1834 	0.20001 	-6.90073e-16 	4.015 	-0.311755 	0
1.18527 	0.20001 	-6.91808e-16 	4.01417 	-0.31187 	0
1.18715 	0.20001 	-6.93542e-16 	4.01396 	-0.312006 	0
1.18902 	0.20001 	-6.91808e-16 	4.01376 	-0.312095 	0
1.1909 	0.20001 	-6.88685e-16 	4.01371 	-0.312151 	0
1.19277 	0.20001 	-6.87297e-16 	4.01418 	-0.312198 	0
1.19465 	0.20001 	-6.89032e-16 	4.01464 	-0.312183 	0
1.19652 	0.20001 	-6.92502e-16 	4.01502 	-0.311963 	0
1.1984 	0.20001 	-6.94236e-16 	4.01544 	-0.311635 	0
1.20027 	0.20001 	-6.94236e-16 	4.01596 	-0.311433 	0
1.20215 	0.20001 	-6.91114e-16 	4.01641 	-0.311251 	0
1.20402 	0.20001 	-6.91461e-16 	4.01674 	-0.310886 	0
1.2059 	0.20001 	-6.9493e-16 	4.01643 	-0.310465 	0
1.20777 	0.20001 	-6.96665e-16 	4.01588 	-0.310388 	0
1.20965 	0.20001 	-6.96665e-16 	4.01574 	-0.310466 	0
1.21152 	0.20001 	-6.96665e-16 	4.01553 	-0.310572 	0
1.2134 	0.20001 	-6.93542e-16 	4.01519 	-0.310575 	0
1.21527 	0.20001 	-6.90767e-16 	4.01473 	-0.310632 	0
1.21715 	0.20001 	-6.91114e-16 	4.01417 	-0.311036 	0
1.21902 	0.20001 	-6.94583e-16 	4.0136 	-0.311655 	0
1.2209 	0.20001 	-6.96318e-16 	4.01338 	-0.31194 	0
1.22277 	0.20001 	-6.91114e-16 	4.01336 	-0.311983 	0
1.22465 	0.20001 	-6.8591e-16 	4.01336 	-0.312016 	0
1.22652 	0.20001 	-6.80705e-16 	4.0134 	-0.311989 	0
1.2284 	0.20001 	-6.75154e-16 	4.01353 	-0.311948 	0
1.23027 	0.20001 	-6.74807e-16 	4.01389 	-0.311814 	0
1.23215 	0.20001 	-6.74807e-16 	4.01455 	-0.311493 	0
1.23402 	0.20001 	-6.73073e-16 	4.01501 	-0.311268 	0
1.2359 	0.20001 	-6.71338e-16 	4.0153 	-0.311202 	0
1.23777 	0.20001 	-6.69603e-16 	4.01573 	-0.311196 	0
1.23965 	0.20001 	-6.66134e-16 	4.01582 	-0.31119 	0
1.24152 	0.20001 	-6.64399e-16 	4.01564 	-0.311088 	0
1.2434 	0.20001 	-6.64399e-16 	4.01555 	-0.311032 	0
1.24527 	0.20001 	-6.6093e-16 	4.01543 	-0.310946 	0
1.24715 	0.20001 	-6.55725e-16 	4.01513 	-0.310702 	0
1.24902 	0.20001 	-6.50521e-16 	4.01464 	-0.310649 	0
1.2509 	0.20001 	-6.47052e-16 	4.01415 	-0.311039 	0
1.25277 	0.20001 	-6.45317e-16 	4.01407 	-0.311379 	0
1.25465 	0.20001 	-6.43582e-16 	4.01409 	-0.311471 	0
1.25652 	0.20001 	-6.45317e-16 	4.0141 	-0.311485 	0
1.2584 	0.20001 	-6.50174e-16 	4.01417 	-0.311528 	0
1.26027 	0.20001 	-6.51562e-16 	4.01436 	-0.311589 	0
1.26215 	0.20001 	-6.46358e-16 	4.01472 	-0.311657 	0
1.26403 	0.20001 	-6.41501e-16 	4.01505 	-0.311772 	0
1.2659 	0.20001 	-6.40113e-16 	4.01517 	-0.311887 	0
1.26778 	0.20001 	-6.34562e-16 	4.01538 	-0.311915 	0
1.26965 	0.20001 	-6.30745e-16 	4.01548 	-0.311882 	0
1.27153 	0.20001 	-6.29011e-16 	4.01551 	-0.311775 	0
1.2734 	0.20001 	-6.23807e-16 	4.01555 	-0.311714 	0
1.27528 	0.20001 	-6.22072e-16 	4.01552 	-0.31167 	0
1.27715 	0.20001 	-6.2346e-16 	4.0154 	-0.311599 	0
1.27903 	0.20001 	-6.23113e-16 	4.01529 	-0.311449 	0
1.2809 	0.20001 	-6.26582e-16 	4.0151 	-0.311363 	0
1.28278 	0.20001 	-6.30052e-16 	4.01505 	-0.311348 	0
1.28465 	0.20001 	-6.30052e-16 	4.01504 	-0.311314 	0
1.28653 	0.20001 	-6.30052e-16 	4.01504 	-0.311239 	0
1.2884 	0.20001 	-6.28317e-16 	4.01511 	-0.311098 	0
1.29028 	0.20001 	-6.26582e-16 	4.01525 	-0.310981 	0
1.29215 	0.20001 	-6.26582e-16 	4.01524 	-0.310996 	0
1.29403 	0.20001 	-6.26929e-16 	4.015 	-0.311077 	0
1.2959 	0.20001 	-6.25541e-16 	4.01485 	-0.311121 	0
1.29778 	0.20001 	-6.23807e-16 	4.0148 	-0.31114 	0
1.29965 	0.20001 	-6.23807e-16 	4.01467 	-0.311236 	0
1.30153 	0.20001 	-6.25541e-16 	4.01446 	-0.311377 	0
1.3034 	0.20001 	-6.27276e-16 	4.01425 	-0.31146 	0
1.30528 	0.20001 	-6.27623e-16 	4.01412 	-0.311457 	0
1.30715 	0.20001 	-6.26235e-16 	4.01416 	-0.311403 	0
1.30903 	0.20001 	-6.245e-16 	4.01443 	-0.311346 	0
1.3109 	0.20001 	-6.23113e-16 	4.01492 	-0.311307 	0
1.31278 	0.20001 	-6.2346e-16 	4.01511 	-0.311286 	0
1.31465 	0.20001 	-6.24847e-16 	4.01537 	-0.311246 	0
1.31653 	0.20001 	-6.245e-16 	4.01568 	-0.311153 	0
1.3184 	0.20001 	-6.22766e-16 	4.01578 	-0.310841 	0
1.32028 	0.20001 	-6.17562e-16 	4.01566 	-0.310092 	0
1.32215 	0.20001 	-6.14092e-16 	4.01562 	-0.309729 	0
1.32403 	0.20001 	-6.14439e-16 	4.0153 	-0.309674 	0
1.3259 	0.20001 	-6.13051e-16 	4.01447 	-0.309699 	0
1.32778 	0.20001 	-6.07847e-16 	4.01425 	-0.309713 	0
1.32965 	0.20001 	-6.04378e-16 	4.01413 	-0.309812 	0
1.33153 	0.20001 	-6.02643e-16 	4.01407 	-0.310103 	0
1.3334 	0.20001 	-6.00561e-16 	4.0142 	-0.310421 	0
1.33528 	0.20001 	-5.99867e-16 	4.01452 	-0.310694 	0
1.33715 	0.20001 	-5.9952e-16 	4.01491 	-0.311377 	0
1.33903 	0.20001 	-5.99173e-16 	4.01526 	-0.311996 	0
1.3409 	0.20001 	-6.00561e-16 	4.01534 	-0.312079 	0
1.34278 	0.20001 	-5.98827e-16 	4.01535 	-0.312084 	0
1.34465 	0.20001 	-5.97092e-16 	4.01538 	-0.31207 	0
1.34653 	0.20001 	-5.97092e-16 	4.01531 	-0.312069 	0
1.3484 	0.20001 	-5.93622e-16 	4.01503 	-0.312144 	0
1.35028 	0.20001 	-5.91888e-16 	4.01453 	-0.312138 	0
1.35215 	0.20001 	-5.905e-16 	4.01408 	-0.311876 	0
1.35403 	0.20001 	-5.87377e-16 	4.014 	-0.311556 	0
1.3559 	0.20001 	-5.85296e-16 	4.01428 	-0.311318 	0
1.35778 	0.20001 	-5.84602e-16 	4.01462 	-0.311167 	0
1.35965 	0.20001 	-5.8252e-16 	4.01469 	-0.311139 	0
1.36153 	0.20001 	-5.77316e-16 	4.01485 	-0.311098 	0
1.36341 	0.20001 	-5.75581e-16 	4.01513 	-0.311086 	0
1.36528 	0.20001 	-5.77663e-16 	4.01547 	-0.311084 	0
1.36716 	0.20001 	-5.76275e-16 	4.01577 	-0.311028 	0
1.36903 	0.20001 	-5.73153e-16 	4.01586 	-0.310993 	0
1.37091 	0.20001 	-5.68642e-16 	4.01573 	-0.311048 	0
1.37278 	0.20001 	-5.67255e-16 	4.01545 	-0.311148 	0
1.37466 	0.20001 	-5.68642e-16 	4.01536 	-0.311187 	0
1.37653 	0.20001 	-5.69683e-16 	4.01521 	-0.311227 	0
1.37841 	0.20001 	-5.70724e-16 	4.015 	-0.311275 	0
1.38028 	0.20001 	-5.70377e-16 	4.01483 	-0.311294 	0
1.38216 	0.20001 	-5.66908e-16 	4.01477 	-0.311281 	0
1.38403 	0.20001 	-5.65173e-16 	4.01478 	-0.311229 	0
1.38591 	0.20001 	-5.65173e-16 	4.01482 	-0.311139 	0
1.38778 	0.20001 	-5.63438e-16 	4.0149 	-0.310988 	0
1.38966 	0.20001 	-5.57887e-16 	4.01496 	-0.310874 	0
1.39153 	0.20001 	-5.54071e-16 	4.01501 	-0.310833 	0
1.39341 	0.20001 	-5.52336e-16 	4.01508 	-0.310785 	0
1.39528 	0.20001 	-5.50254e-16 	4.01509 	-0.310768 	0
1.39716 	0.20001 	-5.48173e-16 	4.01503 	-0.310789 	0
1.39903 	0.20001 	-5.44703e-16 	4.01498 	-0.310908 	0
1.40091 	0.20001 	-5.42968e-16 	4.01493 	-0.31111 	0
1.40278 	0.20001 	-5.41581e-16 	4.01486 	-0.311319 	0
1.40466 	0.20001 	-5.40193e-16 	4.01481 	-0.31147 	0
1.40653 	0.20001 	-5.38458e-16 	4.01481 	-0.311578 	0
1.40841 	0.20001 	-5.36723e-16 	4.01489 	-0.311652 	0
1.41028 	0.20001 	-5.36723e-16 	4.0149 	-0.31162 	0
1.41216 	0.20001 	-5.36723e-16 	4.01483 	-0.311522 	0
1.41403 	0.20001 	-5.33601e-16 	4.01481 	-0.311486 	0
1.41591 	0.20001 	-5.30478e-16 	4.01479 	-0.31145 	0
1.41778 	0.20001 	-5.32213e-16 	4.01474 	-0.311385 	0
1.41966 	0.20001 	-5.33948e-16 	4.01459 	-0.31134 	0
1.42153 	0.20001 	-5.32213e-16 	4.01433 	-0.311274 	0
1.42341 	0.20001 	-5.30478e-16 	4.01409 	-0.311145 	0
1.42528 	0.20001 	-5.28744e-16 	4.01406 	-0.311119 	0
1.42716 	0.20001 	-5.27009e-16 	4.01427 	-0.311244 	0
1.42903 	0.20001 	-5.28397e-16 	4.01464 	-0.311423 	0
1.43091 	0.20001 	-5.29785e-16 	4.01485 	-0.31151 	0
1.43278 	0.20001 	-5.26315e-16 	4.01492 	-0.311509 	0
1.43466 	0.20001 	-5.22846e-16 	4.01513 	-0.311444 	0
1.43653 	0.20001 	-5.21111e-16 	4.01547 	-0.311476 	0
1.43841 	0.20001 	-5.16254e-16 	4.01574 	-0.311691 	0
1.44028 	0.20001 	-5.10009e-16 	4.01585 	-0.311734 	0
1.44216 	0.20001 	-5.05498e-16 	4.01586 	-0.311548 	0
1.44403 	0.20001 	-5.04111e-16 	4.01569 	-0.311319 	0
1.44591 	0.20001 	-5.04458e-16 	4.01532 	-0.31123 	0
1.44778 	0.20001 	-5.01335e-16 	4.01503 	-0.311319 	0
1.44966 	0.20001 	-4.97866e-16 	4.0149 	-0.311343 	0
1.45153 	0.20001 	-4.96131e-16 	4.01463 	-0.311184 	0
1.45341 	0.20001 	-4.94743e-16 	4.01442 	-0.310874 	0
1.45528 	0.20001 	-4.93355e-16 	4.01433 	-0.310431 	0
1.45716 	0.20001 	-4.91621e-16 	4.0142 	-0.309557 	0
1.45904 	0.20001 	-4.91621e-16 	4.01368 	-0.307239 	0
1.46091 	0.20001 	-4.89886e-16 	4.0123 	-0.301579 	0
1.46279 	0.20001 	-4.86416e-16 	4.00963 	-0.290545 	0
1.46466 	0.20001 	-4.82947e-16 	4.00517 	-0.271304 	0
1.46654 	0.20001 	-4.826e-16 	3.99839 	-0.228509 	0
1.46841 	0.20001 	-4.826e-16 	3.99501 	-0.203398 	0
1.47029 	0.20001 	-4.79825e-16 	3.98 	-0.142506 	0
1.47216 	0.20001 	-4.76702e-16 	3.97799 	-0.107482 	0
1.47404 	0.20001 	-4.71498e-16 	3.98192 	-0.080357 	0
1.47591 	0.20001 	-4.68375e-16 	3.96521 	-0.00723501 	0
1.47779 	0.20001 	-4.66641e-16 	3.96258 	-0.00304155 	0
1.47966 	0.20001 	-4.63171e-16 	3.96651 	-0.00156301 	0
1.48154 	0.20001 	-4.60049e-16 	3.96166 	0.0206003 	0
1.48341 	0.20001 	-4.56579e-16 	3.95555 	0.0162882 	0
1.48529 	0.20001 	-4.4964e-16 	3.94863 	0.00186717 	0
1.48716 	0.20001 	-4.42701e-16 	3.94722 	-0.00292785 	0
1.48904 	0.20001 	-4.42701e-16 	3.94693 	-0.00532268 	0
1.49091 	0.20001 	-4.46171e-16 	3.94781 	-0.0066643 	0
1.49279 	0.20001 	-4.46171e-16 	3.95015 	-0.00729025 	0
1.49466 	0.20001 	-4.46171e-16 	3.95059 	-0.00663097 	0
1.49654 	0.20001 	-4.46171e-16 	3.95105 	-0.00371001 	0
1.49841 	0.20001 	-4.44436e-16 	3.95017 	-0.00131016 	0
1.50029 	0.20001 	-4.42701e-16 	3.94924 	0.00323165 	0
1.50216 	0.20001 	-4.40967e-16 	3.94888 	0.00415273 	0
1.50404 	0.20001 	-4.37497e-16 	3.94814 	0.00282153 	0
1.50591 	0.20001 	-4.34028e-16 	3.9481 	0.000400004 	0
1.50779 	0.20001 	-4.30558e-16 	3.94885 	-0.000780931 	0
1.50966 	0.20001 	-4.25354e-16 	3.94906 	-0.000770601 	0
1.51154 	0.20001 	-4.2015e-16 	3.94874 	7.41492e-06 	0
1.51341 	0.20001 	-4.18415e-16 	3.94794 	1.90421e-05 	0
1.51529 	0.20001 	-4.16681e-16 	3.94733 	-7.22279e-05 	0
1.51716 	0.20001 	-4.16681e-16 	3.94738 	0.000101427 	0
1.51904 	0.20001 	-4.16681e-16 	3.94757 	2.20804e-05 	0
1.52091 	0.20001 	-4.14946e-16 	3.94818 	0.000490581 	0
1.52279 	0.20001 	-4.11476e-16 	3.94858 	0.00104613 	0
1.52466 	0.20001 	-4.08007e-16 	3.94853 	0.000984888 	0
1.52654 	0.20001 	-4.06272e-16 	3.94842 	0.000769901 	0
1.52841 	0.20001 	-4.04538e-16 	3.94812 	0.000306791 	0
1.53029 	0.20001 	-4.02803e-16 	3.94822 	-0.000139088 	0
1.53216 	0.20001 	-4.02803e-16 	3.94851 	1.09398e-05 	0
1.53404 	0.20001 	-4.02803e-16 	3.94857 	-1.1643e-05 	0
1.53591 	0.20001 	-4.01068e-16 	3.94855 	-1.01555e-05 	0
1.53779 	0.20001 	-3.99333e-16 	3.94818 	0.000246936 	0
1.53966 	0.20001 	-3.97599e-16 	3.94781 	0.00061785 	0
1.54154 	0.20001 	-3.97599e-16 	3.94775 	0.000921492 	0
1.54341 	0.20001 	-3.97599e-16 	3.94779 	0.000995451 	0
1.54529 	0.20001 	-3.95864e-16 	3.94786 	0.00100015 	0
1.54716 	0.20001 	-3.95864e-16 	3.94792 	0.000753917 	0
1.54904 	0.20001 	-3.94129e-16 	3.9479 	0.000338906 	0
1.55091 	0.20001 	-3.92394e-16 	3.9479 	0.000229842 	0
1.55279 	0.20001 	-3.95864e-16 	3.94789 	0.000100837 	0
1.55466 	0.20001 	-3.95864e-16 	3.94788 	2.62273e-05 	0
1.55654 	0.20001 	-3.92394e-16 	3.94795 	4.40052e-06 	0
1.55842 	0.20001 	-3.88925e-16 	3.94803 	-4.90829e-05 	0
1.56029 	0.20001 	-3.85456e-16 	3.94804 	-7.53348e-05 	0
1.56217 	0.20001 	-3.83721e-16 	3.94805 	-9.43767e-05 	0
1.56404 	0.20001 	-3.80251e-16 	3.94804 	1.71078e-05 	0
1.56592 	0.20001 	-3.76782e-16 	3.94801 	0.000310753 	0
1.56779 	0.20001 	-3.75047e-16 	3.94796 	0.000493827 	0
1.56967 	0.20001 	-3.73312e-16 	3.94792 	0.000568264 	0
1.57154 	0.20001 	-3.69843e-16 	3.94783 	0.000654212 	0
1.57342 	0.20001 	-3.66374e-16 	3.94773 	0.000724615 	0
1.57529 	0.20001 	-3.62904e-16 	3.94768 	0.000658678 	0
1.57717 	0.20001 	-3.577e-16 	3.94785 	0.000466058 	0
1.57904 	0.20001 	-3.54231e-16 	3.94796 	0.000357318 	0
1.58092 	0.20001 	-3.52496e-16 	3.948 	0.000308231 	0
1.58279 	0.20001 	-3.52496e-16 	3.94806 	0.000144687 	0
1.58467 	0.20001 	-3.47292e-16 	3.94817 	-8.14778e-05 	0
1.58654 	0.20001 	-3.45557e-16 	3.94821 	-0.000142984 	0
1.58842 	0.20001 	-3.45557e-16 	3.94828 	-0.00018318 	0
1.59029 	0.20001 	-3.42087e-16 	3.94835 	-0.000201833 	0
1.59217 	0.20001 	-3.40353e-16 	3.94837 	-0.000152626 	0
1.59404 	0.20001 	-3.40353e-16 	3.94838 	-4.77529e-05 	0
1.59592 	0.20001 	-3.36883e-16 	3.94832 	8.58556e-05 	0
1.59779 	0.20001 	-3.31679e-16 	3.94821 	0.000227209 	0
1.59967 	0.20001 	-3.29944e-16 	3.94808 	0.000290098 	0
1.60154 	0.20001 	-3.2821e-16 	3.94789 	0.000225387 	0
1.60342 	0.20001 	-3.2821e-16 	3.94768 	8.3311e-05 	0
1.60529 	0.20001 	-3.2821e-16 	3.94761 	1.70576e-05 	0
1.60717 	0.20001 	-3.26475e-16 	3.94745 	-0.00011831 	0
1.60904 	0.20001 	-3.23006e-16 	3.94736 	-0.000194604 	0
1.61092 	0.20001 	-3.19536e-16 	3.94729 	-0.000267586 	0
1.61279 	0.20001 	-3.17801e-16 	3.94731 	-0.000286156 	0
1.61467 	0.20001 	-3.12597e-16 	3.94736 	-0.000278337 	0
1.61654 	0.20001 	-3.07393e-16 	3.94748 	-0.000189399 	0
1.61842 	0.20001 	-3.05658e-16 	3.94756 	-3.70848e-05 	0
1.62029 	0.20001 	-3.03924e-16 	3.94774 	0.000155271 	0
1.62217 	0.20001 	-3.02189e-16 	3.94794 	0.000278127 	0
1.62404 	0.20001 	-3.02189e-16 	3.94812 	0.000660738 	0
1.62592 	0.20001 	-3.03924e-16 	3.9483 	0.00120378 	0
1.62779 	0.20001 	-3.03924e-16 	3.94855 	0.00149409 	0
1.62967 	0.20001 	-2.98719e-16 	3.94868 	0.00141049 	0
1.63154 	0.20001 	-2.96985e-16 	3.94847 	0.00107325 	0
1.63342 	0.20001 	-2.98719e-16 	3.9483 	0.000860009 	0
1.63529 	0.20001 	-2.96985e-16 	3.9482 	0.000821088 	0
1.63717 	0.20001 	-2.93515e-16 	3.94805 	0.000629446 	0
1.63904 	0.20001 	-2.90046e-16 	3.94795 	0.000229094 	0
1.64092 	0.20001 	-2.9178e-16 	3.9478 	-0.000160414 	0
1.64279 	0.20001 	-2.90046e-16 	3.94757 	-0.000365944 	0
1.64467 	0.20001 	-2.86576e-16 	3.94739 	-0.000506612 	0
1.64654 	0.20001 	-2.84842e-16 	3.94727 	-0.000451639 	0
1.64842 	0.20001 	-2.83107e-16 	3.94714 	-0.00028598 	0
1.65029 	0.20001 	-2.79637e-16 	3.94714 	-0.000231218 	0
1.65217 	0.20001 	-2.74433e-16 	3.94716 	-0.000217438 	0
1.65404 	0.20001 	-2.74433e-16 	3.94718 	-0.000129066 	0
1.65592 	0.20001 	-2.74433e-16 	3.94722 	0.000106051 	0
1.6578 	0.20001 	-2.72699e-16 	3.94737 	0.000303755 	0
1.65967 	0.20001 	-2.72699e-16 	3.94754 	0.000462244 	0
1.66155 	0.20001 	-2.72699e-16 	3.94763 	0.000609963 	0
1.66342 	0.20001 	-2.70964e-16 	3.94768 	0.000638707 	0
1.6653 	0.20001 	-2.69229e-16 	3.94771 	0.000588801 	0
1.66717 	0.20001 	-2.68882e-16 	3.94774 	0.000487646 	0
1.66905 	0.20001 	-2.68535e-16 	3.9478 	0.000334059 	0
1.67092 	0.20001 	-2.68535e-16 	3.94785 	0.000229332 	0
1.6728 	0.20001 	-2.68535e-16 	3.94788 	0.00021173 	0
1.67467 	0.20001 	-2.68535e-16 	3.94788 	0.000214559 	0
1.67655 	0.20001 	-2.68535e-16 	3.94787 	0.000244829 	0
1.67842 	0.20001 	-2.68535e-16 	3.94787 	0.000278545 	0
1.6803 	0.20001 	-2.7027e-16 	3.94786 	0.000329759 	0
1.68217 	0.20001 	-2.7027e-16 	3.94774 	0.000461947 	0
1.68405 	0.20001 	-2.68535e-16 	3.9476 	0.000543354 	0
1.68592 	0.20001 	-2.668e-16 	3.94749 	0.000587115 	0
1.6878 	0.20001 	-2.65066e-16 	3.94741 	0.00064582 	0
1.68967 	0.20001 	-2.59862e-16 	3.94736 	0.000693587 	0
1.69155 	0.20001 	-2.5431e-16 	3.94732 	0.000704134 	0
1.69342 	0.20001 	-2.50494e-16 	3.94732 	0.000690335 	0
1.6953 	0.20001 	-2.47025e-16 	3.94735 	0.00063401 	0
1.69717 	0.20001 	-2.46678e-16 	3.94745 	0.000561351 	0
1.69905 	0.20001 	-2.44596e-16 	3.94761 	0.000484789 	0
1.70092 	0.20001 	-2.42514e-16 	3.94783 	0.000368148 	0
1.7028 	0.20001 	-2.42167e-16 	3.94793 	0.000309158 	0
1.70467 	0.20001 	-2.40433e-16 	3.94807 	0.000272066 	0
1.70655 	0.20001 	-2.40086e-16 	3.94824 	0.000194225 	0
1.70842 	0.20001 	-2.39739e-16 	3.94832 	0.000123103 	0
1.7103 	0.20001 	-2.39739e-16 	3.94834 	6.4291e-05 	0
1.71217 	0.20001 	-2.39739e-16 	3.9483 	3.80078e-05 	0
1.71405 	0.20001 	-2.38004e-16 	3.94818 	4.84048e-05 	0
1.71592 	0.20001 	-2.36269e-16 	3.94803 	6.53968e-05 	0
1.7178 	0.20001 	-2.34535e-16 	3.94791 	9.37967e-05 	0
1.71967 	0.20001 	-2.31065e-16 	3.94783 	0.000135391 	0
1.72155 	0.20001 	-2.27943e-16 	3.94776 	0.000206517 	0
1.72342 	0.20001 	-2.26555e-16 	3.94773 	0.000300182 	0
1.7253 	0.20001 	-2.2482e-16 	3.94771 	0.000336094 	0
1.72717 	0.20001 	-2.23085e-16 	3.94767 	0.0004067 	0
1.72905 	0.20001 	-2.2482e-16 	3.94761 	0.000468596 	0
1.73092 	0.20001 	-2.26555e-16 	3.9476 	0.000430879 	0
1.7328 	0.20001 	-2.23432e-16 	3.94768 	0.000335729 	0
1.73467 	0.20001 	-2.2031e-16 	3.9478 	0.000270865 	0
1.73655 	0.20001 	-2.15106e-16 	3.94796 	0.000226999 	0
1.73842 	0.20001 	-2.11636e-16 	3.94812 	0.000195373 	0
1.7403 	0.20001 	-2.13371e-16 	3.94816 	0.00018436 	0
1.74217 	0.20001 	-2.13371e-16 	3.94828 	0.000161264 	0
1.74405 	0.20001 	-2.11636e-16 	3.94835 	0.000149648 	0
1.74592 	0.20001 	-2.11636e-16 	3.9484 	0.000141292 	0
1.7478 	0.20001 	-2.09902e-16 	3.94847 	0.000158907 	0
1.74967 	0.20001 	-2.06432e-16 	3.94848 	0.000233016 	0
1.75155 	0.20001 	-2.01228e-16 	3.94843 	0.000279501 	0
1.75342 	0.20001 	-1.96024e-16 	3.94838 	0.000306962 	0
1.7553 	0.20001 	-1.96024e-16 	3.94833 	0.000318408 	0
1.75718 	0.20001 	-1.94289e-16 	3.94826 	0.000320455 	0
1.75905 	0.20001 	-1.92554e-16 	3.9482 	0.000301391 	0
1.76093 	0.20001 	-1.92554e-16 	3.94819 	0.000251534 	0
1.7628 	0.20001 	-1.9082e-16 	3.94826 	0.00021321 	0
1.76468 	0.20001 	-1.9082e-16 	3.94831 	0.000199997 	0
1.76655 	0.20001 	-1.89085e-16 	3.94837 	0.000167588 	0
1.76843 	0.20001 	-1.83881e-16 	3.94844 	0.000105097 	0
1.7703 	0.20001 	-1.80064e-16 	3.94848 	5.55253e-05 	0
1.77218 	0.20001 	-1.79717e-16 	3.94848 	3.22528e-05 	0
1.77405 	0.20001 	-1.7937e-16 	3.94845 	1.6379e-05 	0
1.77593 	0.20001 	-1.77289e-16 	3.94844 	1.4024e-05 	0
1.7778 	0.20001 	-1.73819e-16 	3.94839 	8.49585e-07 	0
1.77968 	0.20001 	-1.7035e-16 	3.9483 	-3.42693e-05 	0
1.78155 	0.20001 	-1.6688e-16 	3.9482 	-5.35107e-05 	0
1.78343 	0.20001 	-1.63411e-16 	3.9481 	-3.08072e-05 	0
1.7853 	0.20001 	-1.61676e-16 	3.94802 	2.45558e-05 	0
1.78718 	0.20001 	-1.60288e-16 	3.94797 	0.000105845 	0
1.78905 	0.20001 	-1.58207e-16 	3.94798 	0.000198663 	0
1.79093 	0.20001 	-1.57513e-16 	3.94802 	0.000215699 	0
1.7928 	0.20001 	-1.55778e-16 	3.94802 	0.000196356 	0
1.79468 	0.20001 	-1.5439e-16 	3.94803 	0.000169096 	0
1.79655 	0.20001 	-1.54737e-16 	3.94814 	0.0002375 	0
1.79843 	0.20001 	-1.56472e-16 	3.94822 	0.000283411 	0
1.8003 	0.20001 	-1.56472e-16 	3.94827 	0.000335558 	0
1.80218 	0.20001 	-1.54737e-16 	3.94831 	0.000442644 	0
1.80405 	0.20001 	-1.5335e-16 	3.94827 	0.000513775 	0
1.80593 	0.20001 	-1.51962e-16 	3.94825 	0.000517496 	0
1.8078 	0.20001 	-1.53003e-16 	3.94821 	0.000503719 	0
1.80968 	0.20001 	-1.53696e-16 	3.94816 	0.000459661 	0
1.81155 	0.20001 	-1.51615e-16 	3.94812 	0.000423928 	0
1.81343 	0.20001 	-1.54737e-16 	3.94806 	0.000393106 	0
1.8153 	0.20001 	-1.56472e-16 	3.94797 	0.000319575 	0
1.81718 	0.20001 	-1.5335e-16 	3.94795 	0.000222041 	0
1.81905 	0.20001 	-1.51615e-16 	3.94791 	0.000119017 	0
1.82093 	0.20001 	-1.4988e-16 	3.94781 	5.18589e-06 	0
1.8228 	0.20001 	-1.46411e-16 	3.94773 	-0.000111313 	0
1.82468 	0.20001 	-1.42941e-16 	3.94765 	-0.000170401 	0
1.82655 	0.20001 	-1.41553e-16 	3.94756 	-0.000202964 	0
1.82843 	0.20001 	-1.40166e-16 	3.94749 	-0.000256322 	0
1.8303 	0.20001 	-1.38431e-16 	3.94744 	-0.000336806 	0
1.83218 	0.20001 	-1.36696e-16 	3.9474 	-0.000379247 	0
1.83405 	0.20001 	-1.34961e-16 	3.94737 	-0.000351511 	0
1.83593 	0.20001 	-1.33227e-16 	3.94744 	-0.000265509 	0
1.8378 	0.20001 	-1.33227e-16 	3.94762 	-0.000248404 	0
1.83968 	0.20001 	-1.36696e-16 	3.94772 	-0.000250972 	0
1.84155 	0.20001 	-1.38084e-16 	3.94781 	-0.000258694 	0
1.84343 	0.20001 	-1.37737e-16 	3.94788 	-0.000250946 	0
1.8453 	0.20001 	-1.34268e-16 	3.94793 	-0.000222584 	0
1.84718 	0.20001 	-1.27329e-16 	3.94799 	-0.000179051 	0
1.84905 	0.20001 	-1.23859e-16 	3.94806 	-8.64594e-05 	0
1.85093 	0.20001 	-1.23859e-16 	3.94813 	7.27897e-05 	0
1.85281 	0.20001 	-1.25594e-16 	3.94826 	0.00024704 	0
1.85468 	0.20001 	-1.25594e-16 	3.94841 	0.000363053 	0
1.85656 	0.20001 	-1.23859e-16 	3.94847 	0.000418959 	0
1.85843 	0.20001 	-1.22125e-16 	3.94847 	0.000454257 	0
1.86031 	0.20001 	-1.18655e-16 	3.94846 	0.000499499 	0
1.86218 	0.20001 	-1.15186e-16 	3.94845 	0.000536708 	0
1.86406 	0.20001 	-1.1692e-16 	3.94845 	0.000545556 	0
1.86593 	0.20001 	-1.2039e-16 	3.94845 	0.000555417 	0
1.86781 	0.20001 	-1.2039e-16 	3.94844 	0.000570311 	0
1.86968 	0.20001 	-1.18655e-16 	3.94842 	0.000596057 	0
1.87156 	0.20001 	-1.16573e-16 	3.94836 	0.000615121 	0
1.87343 	0.20001 	-1.12757e-16 	3.94825 	0.000579959 	0
1.87531 	0.20001 	-1.09288e-16 	3.94814 	0.000514107 	0
1.87718 	0.20001 	-1.04083e-16 	3.94809 	0.000481301 	0
1.87906 	0.20001 	-9.88792e-17 	3.94809 	0.000467338 	0
1.88093 	0.20001 	-9.71445e-17 	3.94808 	0.000444958 	0
1.88281 	0.20001 	-9.54098e-17 	3.94807 	0.000419897 	0
1.88468 	0.20001 	-9.33281e-17 	3.94806 	0.000406287 	0
1.88656 	0.20001 	-9.12465e-17 	3.94802 	0.000343273 	0
1.88843 	0.20001 	-8.98587e-17 	3.94799 	0.00023514 	0
1.89031 	0.20001 	-8.84709e-17 	3.94798 	0.00014071 	0
1.89218 	0.20001 	-8.50015e-17 	3.94799 	6.39772e-05 	0
1.89406 	0.20001 	-8.32667e-17 	3.94803 	2.47559e-06 	0
1.89593 	0.20001 	-8.1532e-17 	3.94805 	-2.23941e-06 	0
1.89781 	0.20001 	-8.11851e-17 	3.94804 	3.07519e-05 	0
1.89968 	0.20001 	-8.08381e-17 	3.94803 	5.15327e-05 	0
1.90156 	0.20001 	-7.91034e-17 	3.94802 	9.36078e-05 	0
1.90343 	0.20001 	-7.73687e-17 	3.94801 	0.000167658 	0
1.90531 	0.20001 	-7.38992e-17 	3.94803 	0.000257568 	0
1.90718 	0.20001 	-7.04298e-17 	3.94805 	0.000323309 	0
1.90906 	0.20001 	-7.04298e-17 	3.94808 	0.000379761 	0
1.91093 	0.20001 	-6.9042e-17 	3.94817 	0.000482893 	0
1.91281 	0.20001 	-6.59195e-17 	3.94826 	0.000487501 	0
1.91468 	0.20001 	-6.41848e-17 	3.94831 	0.000385001 	0
1.91656 	0.20001 	-6.41848e-17 	3.94827 	0.000266558 	0
1.91843 	0.20001 	-6.10623e-17 	3.94825 	0.000232199 	0
1.92031 	0.20001 	-5.79398e-17 	3.94821 	0.000182118 	0
1.92218 	0.20001 	-5.79398e-17 	3.94813 	0.000104545 	0
1.92406 	0.20001 	-5.58581e-17 	3.94805 	2.79177e-05 	0
1.92593 	0.20001 	-5.55112e-17 	3.94799 	-8.78143e-05 	0
1.92781 	0.20001 	-5.55112e-17 	3.94794 	-0.000118326 	0
1.92968 	0.20001 	-5.20417e-17 	3.94779 	-9.35027e-05 	0
1.93156 	0.20001 	-5.0307e-17 	3.94768 	-7.87576e-05 	0
1.93343 	0.20001 	-5.06539e-17 	3.94765 	-5.92191e-05 	0
1.93531 	0.20001 	-4.92661e-17 	3.94761 	-6.18286e-05 	0
1.93718 	0.20001 	-4.92661e-17 	3.94756 	-6.07446e-05 	0
1.93906 	0.20001 	-4.92661e-17 	3.94758 	3.55754e-05 	0
1.94093 	0.20001 	-4.57967e-17 	3.94763 	0.000179016 	0
1.94281 	0.20001 	-4.02456e-17 	3.94767 	0.000286015 	0
1.94468 	0.20001 	-3.81639e-17 	3.94771 	0.000333108 	0
1.94656 	0.20001 	-4.12864e-17 	3.94775 	0.000329998 	0
1.94843 	0.20001 	-4.12864e-17 	3.94795 	0.000316012 	0
1.95031 	0.20001 	-3.64292e-17 	3.94802 	0.000310052 	0
1.95219 	0.20001 	-3.29597e-17 	3.94808 	0.000316592 	0
1.95406 	0.20001 	-3.29597e-17 	3.94812 	0.00036554 	0
1.95594 	0.20001 	-3.29597e-17 	3.94818 	0.000410744 	0
1.95781 	0.20001 	-3.1572e-17 	3.94822 	0.000426571 	0
1.95969 	0.20001 	-3.01842e-17 	3.94823 	0.000465548 	0
1.96156 	0.20001 	-2.84495e-17 	3.9482 	0.000551852 	0
1.96344 	0.20001 	-2.67147e-17 	3.94817 	0.000642702 	0
1.96531 	0.20001 	-2.498e-17 	3.94819 	0.000708843 	0
1.96719 	0.20001 	-2.498e-17 	3.94826 	0.000719569 	0
1.96906 	0.20001 	-2.32453e-17 	3.94828 	0.000654994 	0
1.97094 	0.20001 	-2.15106e-17 	3.94825 	0.000592524 	0
1.97281 	0.20001 	-2.01228e-17 	3.94821 	0.000534614 	0
1.97469 	0.20001 	-1.8735e-17 	3.9482 	0.000448113 	0
1.97656 	0.20001 	-1.9082e-17 	3.94824 	0.000383118 	0
1.97844 	0.20001 	-1.76942e-17 	3.94827 	0.000163136 	0
1.98031 	0.20001 	-1.59595e-17 	3.94827 	-5.20685e-05 	0
1.98219 	0.20001 	-1.42247e-17 	3.94825 	-0.000107621 	0
1.98406 	0.20001 	-1.11022e-17 	3.94828 	-0.000228973 	0
1.98594 	0.20001 	-1.11022e-17 	3.94828 	-0.00035995 	0
1.98781 	0.20001 	-1.11022e-17 	3.94827 	-0.00044057 	0
1.98969 	0.20001 	-8.32667e-18 	3.94826 	-0.000468453 	0
1.99156 	0.20001 	-6.93889e-18 	3.94822 	-0.000397514 	0
1.99344 	0.20001 	-3.46945e-18 	3.9481 	-0.000267171 	0
1.99531 	0.20001 	-1.73472e-18 	3.94805 	-0.000144769 	0
1.99719 	0.20001 	-1.73472e-18 	3.94803 	-6.56884e-05 	0
1.99906 	0.20001 	0 	3.94796 	0.000111069 	0
