0.5999 	-0.0985604 	2.93318e-17 	3.98813 	0.169692 	0
0.5999 	-0.0973213 	3.21074e-17 	3.98807 	0.169725 	0
0.5999 	-0.0960822 	3.4883e-17 	3.988 	0.169756 	0
0.5999 	-0.0948431 	3.4883e-17 	3.98797 	0.169759 	0
0.5999 	-0.093604 	3.4883e-17 	3.98794 	0.169763 	0
0.5999 	-0.0923649 	3.62707e-17 	3.9879 	0.169772 	0
0.5999 	-0.0911258 	3.76585e-17 	3.9879 	0.169763 	0
0.5999 	-0.0898867 	3.76585e-17 	3.98789 	0.169746 	0
0.5999 	-0.0886477 	3.4536e-17 	3.9879 	0.169711 	0
0.5999 	-0.0874086 	3.28013e-17 	3.98795 	0.169628 	0
0.5999 	-0.0861695 	3.14135e-17 	3.98801 	0.169531 	0
0.5999 	-0.0849304 	3.14135e-17 	3.98803 	0.16946 	0
0.5999 	-0.0836913 	3.28013e-17 	3.98802 	0.169412 	0
0.5999 	-0.0824522 	3.28013e-17 	3.98801 	0.169428 	0
0.5999 	-0.0812131 	3.41891e-17 	3.988 	0.169436 	0
0.5999 	-0.079974 	3.41891e-17 	3.98797 	0.169467 	0
0.5999 	-0.0787349 	3.14135e-17 	3.98793 	0.1695 	0
0.5999 	-0.0774958 	2.69032e-17 	3.98789 	0.169524 	0
0.5999 	-0.0762567 	2.37807e-17 	3.98784 	0.16951 	0
0.5999 	-0.0750176 	2.51685e-17 	3.98781 	0.169502 	0
0.5999 	-0.0737785 	2.65563e-17 	3.9878 	0.169495 	0
0.5999 	-0.0725395 	2.65563e-17 	3.98779 	0.169458 	0
0.5999 	-0.0713004 	2.65563e-17 	3.98777 	0.169421 	0
0.5999 	-0.0700613 	2.51685e-17 	3.98777 	0.169397 	0
0.5999 	-0.0688222 	2.23929e-17 	3.98777 	0.169383 	0
0.5999 	-0.0675831 	2.23929e-17 	3.98778 	0.16938 	0
0.5999 	-0.066344 	2.55154e-17 	3.98776 	0.169381 	0
0.5999 	-0.0651049 	2.58624e-17 	3.98774 	0.169386 	0
0.5999 	-0.0638658 	2.44746e-17 	3.98774 	0.169401 	0
0.5999 	-0.0626267 	2.44746e-17 	3.98775 	0.169418 	0
0.5999 	-0.0613876 	2.58624e-17 	3.98777 	0.169462 	0
0.5999 	-0.0601485 	2.75971e-17 	3.98777 	0.169509 	0
0.5999 	-0.0589094 	2.65563e-17 	3.98777 	0.169547 	0
0.5999 	-0.0576703 	2.37807e-17 	3.98774 	0.169603 	0
0.5999 	-0.0564313 	2.10052e-17 	3.98769 	0.169633 	0
0.5999 	-0.0551922 	1.82296e-17 	3.98762 	0.169682 	0
0.5999 	-0.0539531 	1.40663e-17 	3.98753 	0.169697 	0
0.5999 	-0.052714 	1.09438e-17 	3.98745 	0.169735 	0
0.5999 	-0.0514749 	1.05968e-17 	3.9874 	0.169786 	0
0.5999 	-0.0502358 	1.40663e-17 	3.98735 	0.169815 	0
0.5999 	-0.0489967 	1.61479e-17 	3.98731 	0.169826 	0
0.5999 	-0.0477576 	1.47602e-17 	3.98728 	0.169847 	0
0.5999 	-0.0465185 	1.47602e-17 	3.98726 	0.169851 	0
0.5999 	-0.0452794 	1.47602e-17 	3.98724 	0.169852 	0
0.5999 	-0.0440403 	1.47602e-17 	3.98723 	0.169854 	0
0.5999 	-0.0428012 	1.61479e-17 	3.98721 	0.169872 	0
0.5999 	-0.0415621 	1.30254e-17 	3.98719 	0.169886 	0
0.5999 	-0.0403231 	9.90293e-18 	3.98717 	0.169894 	0
0.5999 	-0.039084 	1.26785e-17 	3.98715 	0.169904 	0
0.5999 	-0.0378449 	1.5801e-17 	3.98712 	0.169897 	0
0.5999 	-0.0366058 	1.44132e-17 	3.98705 	0.169783 	0
0.5999 	-0.0353667 	1.12907e-17 	3.9864 	0.16761 	0
0.5999 	-0.0341276 	1.12907e-17 	3.98168 	0.147723 	0
0.5999 	-0.0328885 	9.90293e-18 	3.97208 	0.100807 	0
0.5999 	-0.0316494 	9.90293e-18 	3.96593 	0.0670244 	0
0.5999 	-0.0304103 	9.90293e-18 	3.95034 	-0.000194003 	0
0.5999 	-0.0291712 	9.90293e-18 	3.95322 	0.0133584 	0
0.5999 	-0.0279321 	9.90293e-18 	3.94906 	0.00434948 	0
0.5999 	-0.026693 	5.39265e-18 	3.94829 	0.00205687 	0
0.5999 	-0.0254539 	2.27015e-18 	3.94786 	0.000690194 	0
0.5999 	-0.0242149 	4.00487e-18 	3.94714 	0.00112592 	0
0.5999 	-0.0229758 	5.7396e-18 	3.94701 	0.00064373 	0
0.5999 	-0.0217367 	4.35182e-18 	3.94678 	0.000503528 	0
0.5999 	-0.0204976 	1.57626e-18 	3.94634 	0.000505162 	0
0.5999 	-0.0192585 	-1.1993e-18 	3.94557 	0.000641832 	0
0.5999 	-0.0180194 	-8.52352e-19 	3.94454 	0.00039917 	0
0.5999 	-0.0167803 	-1.89319e-18 	3.94378 	0.000369668 	0
0.5999 	-0.0155412 	-6.05652e-18 	3.94347 	0.000222832 	0
0.5999 	-0.0143021 	-8.83208e-18 	3.9433 	0.000486538 	0
0.5999 	-0.013063 	-8.48514e-18 	3.9434 	0.000468212 	0
0.5999 	-0.0118239 	-5.36263e-18 	3.94388 	0.000458986 	0
0.5999 	-0.0105848 	-3.97485e-18 	3.94472 	0.00028559 	0
0.5999 	-0.00934575 	-3.97485e-18 	3.9457 	0.000517216 	0
0.5999 	-0.00809575 	-5.70958e-18 	3.94627 	0.000377027 	0
0.5999 	-0.00683484 	-8.83208e-18 	3.94689 	0.000307012 	0
0.5999 	-0.00557393 	-1.02199e-17 	3.94718 	-6.51029e-05 	0
0.5999 	-0.00431303 	-1.02199e-17 	3.94645 	0.000646273 	0
0.5999 	-0.00305212 	-1.05668e-17 	3.9453 	0.000311514 	0
0.5999 	-0.00179121 	-1.09137e-17 	3.94475 	0.000534336 	0
0.5999 	-0.000530303 	-1.09137e-17 	3.94483 	0.000193283 	0
0.5999 	0.000730605 	-1.09137e-17 	3.94524 	-0.000201207 	0
0.5999 	0.00199151 	-1.09137e-17 	3.94577 	-0.00159289 	0
0.5999 	0.00325242 	-1.09137e-17 	3.94638 	-0.00123355 	0
0.5999 	0.00451333 	-1.09137e-17 	3.94696 	5.10797e-05 	0
0.5999 	0.00577424 	-1.23015e-17 	3.947 	0.00169216 	0
0.5999 	0.00703514 	-1.23015e-17 	3.94608 	-0.00388469 	0
0.5999 	0.00829605 	-1.23015e-17 	3.94847 	-0.00662424 	0
0.5999 	0.00955696 	-1.05668e-17 	3.95387 	-0.0120046 	0
0.5999 	0.0108179 	-9.17902e-18 	3.95341 	0.0130895 	0
0.5999 	0.0120788 	-1.23015e-17 	3.98159 	-0.104911 	0
0.5999 	0.0133397 	-1.36893e-17 	3.99025 	-0.176999 	0
0.5999 	0.0146006 	-1.36893e-17 	4.00796 	-0.28301 	0
0.5999 	0.0158615 	-1.36893e-17 	4.01396 	-0.310284 	0
0.5999 	0.0171224 	-1.50771e-17 	4.0143 	-0.311667 	0
0.5999 	0.0183833 	-1.47301e-17 	4.01429 	-0.311719 	0
0.5999 	0.0196442 	-1.29954e-17 	4.01425 	-0.311734 	0
0.5999 	0.0209051 	-1.29954e-17 	4.0142 	-0.311756 	0
0.5999 	0.022166 	-1.43832e-17 	4.01416 	-0.311765 	0
0.5999 	0.0234269 	-1.71588e-17 	4.01414 	-0.31179 	0
0.5999 	0.0246879 	-1.85465e-17 	4.01414 	-0.311799 	0
0.5999 	0.0259488 	-1.71588e-17 	4.01416 	-0.311802 	0
0.5999 	0.0272097 	-1.5771e-17 	4.01419 	-0.311796 	0
0.5999 	0.0284706 	-1.5771e-17 	4.01424 	-0.311784 	0
0.5999 	0.0297315 	-1.5771e-17 	4.01429 	-0.311777 	0
0.5999 	0.0309924 	-1.71588e-17 	4.01435 	-0.311761 	0
0.5999 	0.0322533 	-1.85465e-17 	4.01442 	-0.311743 	0
0.5999 	0.0335142 	-1.85465e-17 	4.0145 	-0.311744 	0
0.5999 	0.0347751 	-1.85465e-17 	4.01457 	-0.311649 	0
0.5999 	0.036036 	-1.71588e-17 	4.01463 	-0.311606 	0
0.5999 	0.0372969 	-1.5771e-17 	4.01465 	-0.311584 	0
0.5999 	0.0385578 	-1.5771e-17 	4.01466 	-0.311566 	0
0.5999 	0.0398187 	-1.71588e-17 	4.01467 	-0.311566 	0
0.5999 	0.0410797 	-1.85465e-17 	4.01468 	-0.31159 	0
0.5999 	0.0423406 	-1.71588e-17 	4.01468 	-0.311588 	0
0.5999 	0.0436015 	-1.5771e-17 	4.01468 	-0.311576 	0
0.5999 	0.0448624 	-1.43832e-17 	4.01469 	-0.311575 	0
0.5999 	0.0461233 	-1.29954e-17 	4.0147 	-0.311581 	0
0.5999 	0.0473842 	-1.16076e-17 	4.01473 	-0.31157 	0
0.5999 	0.0486451 	-1.16076e-17 	4.01474 	-0.311543 	0
0.5999 	0.049906 	-1.29954e-17 	4.01474 	-0.311527 	0
0.5999 	0.0511669 	-1.16076e-17 	4.01472 	-0.311533 	0
0.5999 	0.0524278 	-1.02199e-17 	4.0147 	-0.311547 	0
0.5999 	0.0536887 	-1.02199e-17 	4.01467 	-0.311562 	0
0.5999 	0.0549496 	-1.16076e-17 	4.01464 	-0.31158 	0
0.5999 	0.0562105 	-1.12607e-17 	4.01462 	-0.311605 	0
0.5999 	0.0574715 	-8.13819e-18 	4.0146 	-0.311624 	0
0.5999 	0.0587324 	-5.36263e-18 	4.01458 	-0.311641 	0
0.5999 	0.0599933 	-2.58708e-18 	4.01454 	-0.311647 	0
0.5999 	0.0612542 	-1.1993e-18 	4.0145 	-0.311647 	0
0.5999 	0.0625151 	-1.1993e-18 	4.01447 	-0.311624 	0
0.5999 	0.063776 	-2.58708e-18 	4.01446 	-0.311606 	0
0.5999 	0.0650369 	-2.24013e-18 	4.01448 	-0.311621 	0
0.5999 	0.0662978 	8.82371e-19 	4.01452 	-0.311627 	0
0.5999 	0.0675587 	3.65793e-18 	4.01457 	-0.311611 	0
0.5999 	0.0688196 	5.04571e-18 	4.01461 	-0.3116 	0
0.5999 	0.0700805 	3.65793e-18 	4.01464 	-0.311603 	0
0.5999 	0.0713414 	8.82371e-19 	4.01466 	-0.311586 	0
0.5999 	0.0726023 	-5.05408e-19 	4.01465 	-0.311563 	0
0.5999 	0.0738633 	-3.28097e-18 	4.01464 	-0.311509 	0
0.5999 	0.0751242 	-6.05652e-18 	4.01462 	-0.311454 	0
0.5999 	0.0763851 	-4.66874e-18 	4.0146 	-0.311382 	0
0.5999 	0.077646 	-1.89319e-18 	4.01459 	-0.311296 	0
0.5999 	0.0789069 	1.22932e-18 	4.0146 	-0.311182 	0
0.5999 	0.0801678 	2.96404e-18 	4.01463 	-0.311098 	0
0.5999 	0.0814287 	1.88482e-19 	4.01463 	-0.31099 	0
0.5999 	0.0826896 	-3.97485e-18 	4.01463 	-0.310937 	0
0.5999 	0.0839505 	-5.36263e-18 	4.01461 	-0.310923 	0
0.5999 	0.0852114 	-5.36263e-18 	4.01458 	-0.311001 	0
0.5999 	0.0864723 	-6.75041e-18 	4.01457 	-0.311074 	0
0.5999 	0.0877332 	-6.75041e-18 	4.01459 	-0.311187 	0
0.5999 	0.0889941 	-2.24013e-18 	4.01461 	-0.311281 	0
0.5999 	0.0902551 	-5.05408e-19 	4.01463 	-0.31135 	0
0.5999 	0.091516 	-1.54624e-18 	4.01467 	-0.311374 	0
0.5999 	0.0927769 	-1.1993e-18 	4.01474 	-0.311405 	0
0.5999 	0.0940378 	-1.54624e-18 	4.01485 	-0.31138 	0
0.5999 	0.0952987 	-3.28097e-18 	4.01498 	-0.311368 	0
0.5999 	0.0965596 	-6.05652e-18 	4.01505 	-0.311315 	0
0.5999 	0.0978205 	-6.05652e-18 	4.0151 	-0.311215 	0
0.5999 	0.0990814 	-4.66874e-18 	4.01508 	-0.311143 	0
0.5999 	0.100342 	-6.40347e-18 	4.01495 	-0.310946 	0
0.5999 	0.101603 	-8.13819e-18 	4.01483 	-0.310899 	0
0.5999 	0.102864 	-9.52597e-18 	4.01474 	-0.310991 	0
0.5999 	0.104125 	-1.09137e-17 	4.01481 	-0.311018 	0
0.5999 	0.105386 	-9.17902e-18 	4.0149 	-0.311101 	0
0.5999 	0.106647 	-6.05652e-18 	4.01515 	-0.311162 	0
0.5999 	0.107908 	-6.05652e-18 	4.0154 	-0.311179 	0
0.5999 	0.109169 	-6.05652e-18 	4.01558 	-0.311515 	0
0.5999 	0.11043 	-7.79125e-18 	4.01578 	-0.311659 	0
0.5999 	0.11169 	-9.52597e-18 	4.01588 	-0.312125 	0
0.5999 	0.112951 	-8.13819e-18 	4.01601 	-0.312975 	0
0.5999 	0.114212 	-6.75041e-18 	4.01598 	-0.313213 	0
0.5999 	0.115473 	-6.75041e-18 	4.01574 	-0.313272 	0
0.5999 	0.116734 	-9.52597e-18 	4.01545 	-0.312896 	0
0.5999 	0.117995 	-1.09137e-17 	4.01545 	-0.312865 	0
0.5999 	0.119256 	-7.79125e-18 	4.01487 	-0.312391 	0
0.5999 	0.120517 	-4.66874e-18 	4.01391 	-0.312964 	0
0.5999 	0.121778 	-1.89319e-18 	4.01256 	-0.310373 	0
0.5999 	0.123039 	2.27015e-18 	4.01243 	-0.310949 	0
0.5999 	0.1243 	2.27015e-18 	4.01178 	-0.304154 	0
0.5999 	0.12556 	-8.52352e-19 	4.01221 	-0.303352 	0
0.5999 	0.126821 	-3.97485e-18 	4.01138 	-0.295231 	0
0.5999 	0.128082 	-6.75041e-18 	4.01175 	-0.292509 	0
0.5999 	0.129343 	-8.13819e-18 	4.0115 	-0.288083 	0
0.5999 	0.130604 	-6.75041e-18 	4.00926 	-0.279004 	0
0.5999 	0.131865 	-7.09736e-18 	4.00889 	-0.276662 	0
0.5999 	0.133126 	-7.4443e-18 	4.00752 	-0.265284 	0
0.5999 	0.134387 	-4.3218e-18 	4.00678 	-0.261096 	0
0.5999 	0.135648 	-2.58708e-18 	4.00419 	-0.251455 	0
0.5999 	0.136909 	-2.58708e-18 	4.00313 	-0.248878 	0
0.5999 	0.13817 	-2.58708e-18 	4.00236 	-0.238869 	0
0.5999 	0.13943 	-5.70958e-18 	4.00269 	-0.233895 	0
0.5999 	0.140691 	-7.09736e-18 	4.00067 	-0.223191 	0
0.5999 	0.141952 	-7.09736e-18 	3.99919 	-0.21907 	0
0.5999 	0.143213 	-8.83208e-18 	3.99702 	-0.212075 	0
0.5999 	0.144474 	-8.83208e-18 	3.9966 	-0.207306 	0
0.5999 	0.145735 	-1.02199e-17 	3.99567 	-0.198683 	0
0.5999 	0.146996 	-1.16076e-17 	3.99468 	-0.190867 	0
0.5999 	0.148257 	-8.48514e-18 	3.99284 	-0.184952 	0
0.5999 	0.149518 	-3.97485e-18 	3.99086 	-0.181171 	0
0.5999 	0.150779 	-2.58708e-18 	3.98924 	-0.174423 	0
0.5999 	0.15204 	-2.58708e-18 	3.98825 	-0.16808 	0
0.5999 	0.1533 	-2.58708e-18 	3.98692 	-0.159446 	0
0.5999 	0.154561 	-4.3218e-18 	3.98593 	-0.155252 	0
0.5999 	0.155822 	-6.05652e-18 	3.98427 	-0.149519 	0
0.5999 	0.157083 	-6.05652e-18 	3.98286 	-0.143741 	0
0.5999 	0.158344 	-6.05652e-18 	3.98097 	-0.135879 	0
0.5999 	0.159605 	-7.4443e-18 	3.97921 	-0.129391 	0
0.5999 	0.160866 	-1.02199e-17 	3.97835 	-0.124432 	0
0.5999 	0.162127 	-1.29954e-17 	3.97743 	-0.119165 	0
0.5999 	0.163388 	-1.43832e-17 	3.97656 	-0.112238 	0
0.5999 	0.164649 	-1.43832e-17 	3.97392 	-0.104278 	0
0.5999 	0.16591 	-1.29954e-17 	3.97301 	-0.0990005 	0
0.5999 	0.16717 	-1.16076e-17 	3.9719 	-0.0939636 	0
0.5999 	0.168431 	-1.16076e-17 	3.97161 	-0.0878726 	0
0.5999 	0.169692 	-1.33424e-17 	3.9695 	-0.0793067 	0
0.5999 	0.170953 	-1.64649e-17 	3.96831 	-0.0729909 	0
0.5999 	0.172214 	-1.92404e-17 	3.96691 	-0.069276 	0
0.5999 	0.173475 	-2.2016e-17 	3.96615 	-0.0634328 	0
0.5999 	0.174736 	-2.34038e-17 	3.96506 	-0.0566179 	0
0.5999 	0.175997 	-1.88935e-17 	3.96236 	-0.0477774 	0
0.5999 	0.177258 	-1.43832e-17 	3.96118 	-0.0452257 	0
0.5999 	0.178519 	-1.5771e-17 	3.96013 	-0.0395376 	0
0.5999 	0.17978 	-1.71588e-17 	3.95918 	-0.0325479 	0
0.5999 	0.18104 	-1.71588e-17 	3.9569 	-0.024189 	0
0.5999 	0.182301 	-2.06282e-17 	3.95513 	-0.0204179 	0
0.5999 	0.183562 	-2.40976e-17 	3.95357 	-0.0164666 	0
0.5999 	0.184823 	-2.37507e-17 	3.95225 	-0.00964493 	0
0.5999 	0.186084 	-2.34038e-17 	3.94968 	-0.000827962 	0
0.5999 	0.187345 	-2.34038e-17 	3.94845 	0.00227328 	0
0.5999 	0.188606 	-2.2016e-17 	3.94669 	0.00685503 	0
0.5999 	0.189867 	-2.09751e-17 	3.94563 	0.0126101 	0
0.5999 	0.191128 	-2.30568e-17 	3.9427 	0.0213105 	0
0.5999 	0.192389 	-2.1669e-17 	3.94144 	0.0262291 	0
0.5999 	0.193649 	-1.99343e-17 	3.94022 	0.02945 	0
0.5999 	0.19491 	-2.13221e-17 	3.93927 	0.0370489 	0
0.5999 	0.196171 	-1.99343e-17 	3.93747 	0.043979 	0
0.5999 	0.197432 	-1.99343e-17 	3.93553 	0.0501414 	0
0.5999 	0.198693 	-2.44446e-17 	3.93421 	0.0536873 	0
0.5999 	0.199954 	-2.61793e-17 	3.93418 	0.0598904 	0
0.5999 	0.201215 	-2.34038e-17 	3.93146 	0.0684763 	0
0.5999 	0.202476 	-2.2016e-17 	3.92993 	0.0727311 	0
0.5999 	0.203737 	-2.23629e-17 	3.92873 	0.0755464 	0
0.5999 	0.204998 	-2.30568e-17 	3.92767 	0.0816573 	0
0.5999 	0.206259 	-2.47915e-17 	3.92434 	0.089966 	0
0.5999 	0.207519 	-2.47915e-17 	3.92306 	0.0938478 	0
0.5999 	0.20878 	-2.2016e-17 	3.92192 	0.0975284 	0
0.5999 	0.210041 	-2.23629e-17 	3.92122 	0.104288 	0
0.5999 	0.211302 	-2.40976e-17 	3.91794 	0.112692 	0
0.5999 	0.212563 	-2.40976e-17 	3.91676 	0.115303 	0
0.5999 	0.213824 	-2.44446e-17 	3.91588 	0.118664 	0
0.5999 	0.215085 	-2.61793e-17 	3.91433 	0.125659 	0
0.5999 	0.216346 	-2.89549e-17 	3.91118 	0.132814 	0
0.5999 	0.217607 	-3.03427e-17 	3.91036 	0.1343 	0
0.5999 	0.218868 	-3.03427e-17 	3.90947 	0.13884 	0
0.5999 	0.220129 	-2.89549e-17 	3.90654 	0.147903 	0
0.5999 	0.221389 	-2.61793e-17 	3.90578 	0.151214 	0
0.5999 	0.22265 	-2.65263e-17 	3.90466 	0.154798 	0
0.5999 	0.223911 	-2.8261e-17 	3.90296 	0.160642 	0
0.5999 	0.225172 	-2.8261e-17 	3.90233 	0.162923 	0
0.5999 	0.226433 	-3.13835e-17 	3.9018 	0.164786 	0
0.5999 	0.227694 	-3.4506e-17 	3.90159 	0.16553 	0
0.5999 	0.228955 	-3.4506e-17 	3.90156 	0.165766 	0
0.5999 	0.230216 	-3.31182e-17 	3.90155 	0.165814 	0
0.5999 	0.231477 	-3.17304e-17 	3.90156 	0.165836 	0
0.5999 	0.232738 	-3.03427e-17 	3.90155 	0.165843 	0
0.5999 	0.233999 	-3.03427e-17 	3.90155 	0.165838 	0
0.5999 	0.235259 	-3.34652e-17 	3.90156 	0.165825 	0
0.5999 	0.23652 	-3.69346e-17 	3.90156 	0.165814 	0
0.5999 	0.237781 	-3.86693e-17 	3.90156 	0.165795 	0
0.5999 	0.239042 	-3.90163e-17 	3.90156 	0.165782 	0
0.5999 	0.240303 	-4.24857e-17 	3.90155 	0.165785 	0
0.5999 	0.241564 	-4.6996e-17 	3.90155 	0.165783 	0
0.5999 	0.242825 	-4.97716e-17 	3.90155 	0.165786 	0
0.5999 	0.244086 	-5.25471e-17 	3.90155 	0.165783 	0
0.5999 	0.245347 	-5.39349e-17 	3.90155 	0.165771 	0
0.5999 	0.246608 	-5.39349e-17 	3.90155 	0.165761 	0
0.5999 	0.247869 	-5.25471e-17 	3.90155 	0.165756 	0
0.5999 	0.249129 	-5.11593e-17 	3.90155 	0.165745 	0
0.5999 	0.25039 	-4.94246e-17 	3.90155 	0.165746 	0
0.5999 	0.251651 	-5.08124e-17 	3.90155 	0.165753 	0
0.5999 	0.252912 	-5.22002e-17 	3.90154 	0.165756 	0
0.5999 	0.254173 	-5.08124e-17 	3.90153 	0.165751 	0
0.5999 	0.255434 	-5.11593e-17 	3.90151 	0.165753 	0
0.5999 	0.256695 	-5.15063e-17 	3.90151 	0.16575 	0
0.5999 	0.257956 	-4.87307e-17 	3.9015 	0.165731 	0
0.5999 	0.259217 	-4.6996e-17 	3.9015 	0.165714 	0
0.5999 	0.260478 	-4.52613e-17 	3.9015 	0.165712 	0
0.5999 	0.261739 	-4.52613e-17 	3.90151 	0.165723 	0
0.5999 	0.262999 	-4.66491e-17 	3.90153 	0.165743 	0
0.5999 	0.26426 	-4.49143e-17 	3.90155 	0.165787 	0
0.5999 	0.265521 	-4.63021e-17 	3.90158 	0.16581 	0
0.5999 	0.266782 	-4.63021e-17 	3.90161 	0.16582 	0
0.5999 	0.268043 	-4.6996e-17 	3.90163 	0.165814 	0
0.5999 	0.269304 	-4.76899e-17 	3.90164 	0.165801 	0
0.5999 	0.270565 	-4.45674e-17 	3.90164 	0.165793 	0
0.5999 	0.271826 	-4.28327e-17 	3.90163 	0.165787 	0
0.5999 	0.273087 	-4.28327e-17 	3.90161 	0.165782 	0
0.5999 	0.274348 	-4.42204e-17 	3.90159 	0.165803 	0
0.5999 	0.275608 	-4.6996e-17 	3.90155 	0.165839 	0
0.5999 	0.276869 	-4.97716e-17 	3.90152 	0.165887 	0
0.5999 	0.27813 	-5.25471e-17 	3.90149 	0.165888 	0
0.5999 	0.279391 	-5.25471e-17 	3.90149 	0.165873 	0
0.5999 	0.280652 	-5.11593e-17 	3.9015 	0.165847 	0
0.5999 	0.281913 	-5.11593e-17 	3.90151 	0.165785 	0
0.5999 	0.283174 	-4.97716e-17 	3.90153 	0.165749 	0
0.5999 	0.284435 	-4.97716e-17 	3.90156 	0.165701 	0
0.5999 	0.285696 	-5.11593e-17 	3.90159 	0.165709 	0
0.5999 	0.286957 	-5.11593e-17 	3.9016 	0.165728 	0
0.5999 	0.288218 	-5.28941e-17 	3.9016 	0.165755 	0
0.5999 	0.289478 	-5.74043e-17 	3.90158 	0.165787 	0
0.5999 	0.290739 	-6.15677e-17 	3.90155 	0.165835 	0
0.5999 	0.292 	-6.43432e-17 	3.90151 	0.165842 	0
0.5999 	0.293261 	-6.53841e-17 	3.90147 	0.165839 	0
0.5999 	0.294522 	-6.19146e-17 	3.90146 	0.165774 	0
0.5999 	0.295783 	-5.60166e-17 	3.90143 	0.165741 	0
0.5999 	0.297044 	-5.04654e-17 	3.90139 	0.165699 	0
0.5999 	0.298305 	-4.59552e-17 	3.90133 	0.165748 	0
0.5999 	0.299566 	-4.38735e-17 	3.90132 	0.165872 	0
0.5999 	0.300827 	-4.56082e-17 	3.90141 	0.165891 	0
0.5999 	0.302088 	-4.73429e-17 	3.9016 	0.165892 	0
0.5999 	0.303348 	-4.42204e-17 	3.90186 	0.16571 	0
0.5999 	0.304609 	-4.28327e-17 	3.90196 	0.165608 	0
0.5999 	0.30587 	-4.63021e-17 	3.90187 	0.165597 	0
0.5999 	0.307131 	-5.01185e-17 	3.90155 	0.165792 	0
0.5999 	0.308392 	-5.18532e-17 	3.90118 	0.166038 	0
0.5999 	0.309653 	-5.15063e-17 	3.90099 	0.166122 	0
0.5999 	0.310914 	-5.46288e-17 	3.90112 	0.165952 	0
0.5999 	0.312175 	-5.67104e-17 	3.90146 	0.165467 	0
0.5999 	0.313436 	-5.53227e-17 	3.9017 	0.165255 	0
0.5999 	0.314697 	-5.53227e-17 	3.90177 	0.165256 	0
0.5999 	0.315958 	-5.53227e-17 	3.90138 	0.165922 	0
0.5999 	0.317218 	-5.67104e-17 	3.90113 	0.166658 	0
0.5999 	0.318479 	-5.9486e-17 	3.90111 	0.166715 	0
0.5999 	0.31974 	-6.22616e-17 	3.90155 	0.165555 	0
0.5999 	0.321001 	-6.50371e-17 	3.90258 	0.164009 	0
0.5999 	0.322262 	-7.09352e-17 	3.90334 	0.162748 	0
0.5999 	0.323523 	-7.68332e-17 	3.90313 	0.161456 	0
0.5999 	0.324784 	-8.16905e-17 	3.90106 	0.162345 	0
0.5999 	0.326045 	-8.82824e-17 	3.90238 	0.162685 	0
0.5999 	0.327306 	-9.14049e-17 	3.90406 	0.157363 	0
0.5999 	0.328567 	-9.14049e-17 	3.90895 	0.139717 	0
0.5999 	0.329828 	-9.27927e-17 	3.9209 	0.110974 	0
0.5999 	0.331088 	-9.41805e-17 	3.92648 	0.0999805 	0
0.5999 	0.332349 	-9.41805e-17 	3.94246 	0.0297634 	0
0.5999 	0.33361 	-9.55683e-17 	3.94757 	0.00853962 	0
0.5999 	0.334871 	-9.6956e-17 	3.94978 	0.000670419 	0
0.5999 	0.336132 	-9.86908e-17 	3.94999 	2.16992e-05 	0
0.5999 	0.337393 	-1.00425e-16 	3.95 	2.08042e-07 	0
0.5999 	0.338654 	-1.0216e-16 	3.95 	5.61522e-10 	0
0.5999 	0.339915 	-1.00772e-16 	3.95 	1.689e-14 	0
0.5999 	0.341176 	-9.76499e-17 	3.95 	-3.50427e-13 	0
0.5999 	0.342437 	-9.76499e-17 	3.95 	-2.94972e-13 	0
0.5999 	0.343698 	-9.93846e-17 	3.95 	-2.029e-13 	0
0.5999 	0.344958 	-1.02507e-16 	3.95 	-8.7752e-14 	0
0.5999 	0.346219 	-1.02507e-16 	3.95 	-4.83503e-15 	0
0.5999 	0.34748 	-9.93846e-17 	3.95 	5.26727e-15 	0
0.5999 	0.348741 	-9.7303e-17 	3.95 	6.62041e-15 	0
0.5999 	0.350002 	-9.6956e-17 	3.95 	8.47189e-15 	0
0.5999 	0.351263 	-9.83438e-17 	3.95 	2.83502e-15 	0
0.5999 	0.352524 	-1.03201e-16 	3.95 	2.19146e-15 	0
0.5999 	0.353785 	-1.06324e-16 	3.95 	8.71326e-16 	0
0.5999 	0.355046 	-1.07711e-16 	3.95 	-6.07196e-16 	0
0.5999 	0.356307 	-1.09446e-16 	3.95 	6.3399e-15 	0
0.5999 	0.357567 	-1.09446e-16 	3.95 	2.40596e-15 	0
0.5999 	0.358828 	-1.09446e-16 	3.95 	-2.67982e-15 	0
0.5999 	0.360089 	-1.08058e-16 	3.95 	6.40248e-16 	0
0.5999 	0.36135 	-1.0667e-16 	3.95 	2.21113e-16 	0
0.5999 	0.362611 	-1.05283e-16 	3.95 	2.73922e-15 	0
0.5999 	0.363872 	-1.02507e-16 	3.95 	-4.84816e-15 	0
0.5999 	0.365133 	-1.01119e-16 	3.95 	-7.77876e-15 	0
0.5999 	0.366394 	-1.02854e-16 	3.95 	-1.52139e-15 	0
0.5999 	0.367655 	-1.02854e-16 	3.95 	1.03633e-15 	0
0.5999 	0.368916 	-9.97316e-17 	3.95 	-5.34642e-15 	0
0.5999 	0.370177 	-9.83438e-17 	3.95 	-5.46524e-15 	0
0.5999 	0.371437 	-9.97316e-17 	3.95 	-3.09562e-15 	0
0.5999 	0.372698 	-9.93846e-17 	3.95 	-6.14837e-15 	0
0.5999 	0.373959 	-9.76499e-17 	3.95 	-3.75899e-15 	0
0.5999 	0.37522 	-9.90377e-17 	3.95 	-4.98341e-15 	0
0.5999 	0.376481 	-1.00425e-16 	3.95 	-1.00791e-14 	0
0.5999 	0.377742 	-1.00425e-16 	3.95 	-7.1286e-15 	0
0.5999 	0.379003 	-1.00425e-16 	3.95 	-4.41249e-15 	0
0.5999 	0.380264 	-1.00425e-16 	3.95 	1.231e-15 	0
0.5999 	0.381525 	-1.00425e-16 	3.95 	-6.60135e-18 	0
0.5999 	0.382786 	-9.86908e-17 	3.95 	-2.66663e-15 	0
0.5999 	0.384047 	-9.55683e-17 	3.95 	1.06698e-14 	0
0.5999 	0.385307 	-9.41805e-17 	3.95 	3.06265e-15 	0
0.5999 	0.386568 	-9.55683e-17 	3.95 	-5.57775e-16 	0
0.5999 	0.387829 	-9.86908e-17 	3.95 	-3.50822e-15 	0
0.5999 	0.38909 	-1.00425e-16 	3.95 	-9.50816e-15 	0
0.5999 	0.390351 	-1.00425e-16 	3.95 	-2.24751e-15 	0
0.5999 	0.391612 	-1.01813e-16 	3.95 	-7.0758e-15 	0
0.5999 	0.392873 	-1.01813e-16 	3.95 	-6.67321e-15 	0
0.5999 	0.394134 	-1.03548e-16 	3.95 	-7.57092e-15 	0
0.5999 	0.395395 	-1.08058e-16 	3.95 	-1.44454e-14 	0
0.5999 	0.396656 	-1.09446e-16 	3.95 	-1.33035e-14 	0
0.5999 	0.397917 	-1.10834e-16 	3.95 	-1.52473e-15 	0
0.5999 	0.399177 	-1.12222e-16 	3.95 	3.3564e-15 	0
0.5999 	0.400438 	-1.13609e-16 	3.95 	-5.43888e-15 	0
0.5999 	0.401699 	-1.14997e-16 	3.95 	-1.03266e-14 	0
0.5999 	0.40296 	-1.14997e-16 	3.95 	-1.93166e-14 	0
0.5999 	0.404221 	-1.14997e-16 	3.95 	-1.44256e-14 	0
0.5999 	0.405482 	-1.14997e-16 	3.95 	-5.00324e-15 	0
0.5999 	0.406743 	-1.13609e-16 	3.95 	-9.27354e-16 	0
0.5999 	0.408004 	-1.12222e-16 	3.95 	8.35967e-15 	0
0.5999 	0.409265 	-1.12222e-16 	3.95 	6.37948e-15 	0
0.5999 	0.410526 	-1.13609e-16 	3.95 	7.07583e-15 	0
0.5999 	0.411787 	-1.13609e-16 	3.95 	1.14487e-14 	0
0.5999 	0.413047 	-1.12222e-16 	3.95 	4.18147e-15 	0
0.5999 	0.414308 	-1.13609e-16 	3.95 	8.10221e-15 	0
0.5999 	0.415569 	-1.16385e-16 	3.95 	1.30923e-14 	0
0.5999 	0.41683 	-1.16385e-16 	3.95 	4.03627e-15 	0
0.5999 	0.418091 	-1.14997e-16 	3.95 	-3.25077e-15 	0
0.5999 	0.419352 	-1.13609e-16 	3.95 	2.99338e-15 	0
0.5999 	0.420613 	-1.10834e-16 	3.95 	7.94711e-15 	0
0.5999 	0.421874 	-1.10834e-16 	3.95 	2.41581e-15 	0
0.5999 	0.423135 	-1.12222e-16 	3.95 	-4.95334e-17 	0
0.5999 	0.424396 	-1.13609e-16 	3.95 	-5.15179e-15 	0
0.5999 	0.425657 	-1.16385e-16 	3.95 	-6.88772e-15 	0
0.5999 	0.426917 	-1.17773e-16 	3.95 	-6.74582e-15 	0
0.5999 	0.428178 	-1.1916e-16 	3.95 	-9.9174e-15 	0
0.5999 	0.429439 	-1.20895e-16 	3.95 	-1.05049e-14 	0
0.5999 	0.4307 	-1.19507e-16 	3.95 	-7.94385e-15 	0
0.5999 	0.431961 	-1.17773e-16 	3.95 	-1.23436e-15 	0
0.5999 	0.433222 	-1.1465e-16 	3.95 	4.21116e-15 	0
0.5999 	0.434483 	-1.11528e-16 	3.95 	1.4752e-15 	0
0.5999 	0.435744 	-1.11528e-16 	3.95 	5.21116e-15 	0
0.5999 	0.437005 	-1.08405e-16 	3.95 	6.95042e-15 	0
0.5999 	0.438266 	-1.07017e-16 	3.95 	9.93055e-15 	0
0.5999 	0.439527 	-1.08405e-16 	3.95 	1.72308e-14 	0
0.5999 	0.440787 	-1.08058e-16 	3.95 	1.92473e-14 	0
0.5999 	0.442048 	-1.09446e-16 	3.95 	1.9178e-14 	0
0.5999 	0.443309 	-1.09099e-16 	3.95 	1.97159e-14 	0
0.5999 	0.44457 	-1.08752e-16 	3.95 	2.0168e-14 	0
0.5999 	0.445831 	-1.11875e-16 	3.95 	1.94552e-14 	0
0.5999 	0.447092 	-1.10487e-16 	3.95 	1.67985e-14 	0
0.5999 	0.448353 	-1.12222e-16 	3.95 	8.39597e-15 	0
0.5999 	0.449614 	-1.17079e-16 	3.95 	-6.10543e-16 	0
0.5999 	0.450875 	-1.15344e-16 	3.95 	-7.98675e-16 	0
0.5999 	0.452136 	-1.13609e-16 	3.95 	1.51809e-15 	0
0.5999 	0.453396 	-1.13609e-16 	3.95 	3.45204e-15 	0
0.5999 	0.454657 	-1.13609e-16 	3.95 	3.53784e-15 	0
0.5999 	0.455918 	-1.13609e-16 	3.95 	4.28372e-15 	0
0.5999 	0.457179 	-1.12222e-16 	3.95 	1.20457e-15 	0
0.5999 	0.45844 	-1.10834e-16 	3.95 	-2.30693e-15 	0
0.5999 	0.459701 	-1.10834e-16 	3.95 	-1.03302e-15 	0
0.5999 	0.460962 	-1.10834e-16 	3.95 	1.42899e-15 	0
0.5999 	0.462223 	-1.12222e-16 	3.95 	1.97355e-15 	0
0.5999 	0.463484 	-1.13609e-16 	3.95 	-4.71942e-15 	0
0.5999 	0.464745 	-1.13609e-16 	3.95 	-5.71278e-15 	0
0.5999 	0.466006 	-1.14997e-16 	3.95 	8.5808e-15 	0
0.5999 	0.467266 	-1.14997e-16 	3.95 	8.5313e-15 	0
0.5999 	0.468527 	-1.14997e-16 	3.95 	9.02304e-15 	0
0.5999 	0.469788 	-1.17773e-16 	3.95 	1.29867e-14 	0
0.5999 	0.471049 	-1.1916e-16 	3.95 	1.24322e-14 	0
0.5999 	0.47231 	-1.20548e-16 	3.95 	7.88773e-15 	0
0.5999 	0.473571 	-1.23671e-16 	3.95 	2.60725e-15 	0
0.5999 	0.474832 	-1.25405e-16 	3.95 	2.53134e-15 	0
0.5999 	0.476093 	-1.25059e-16 	3.95 	1.85147e-15 	0
0.5999 	0.477354 	-1.24712e-16 	3.95 	-3.41911e-15 	0
0.5999 	0.478615 	-1.23324e-16 	3.95 	-7.64349e-15 	0
0.5999 	0.479876 	-1.20548e-16 	3.95 	-5.60722e-15 	0
0.5999 	0.481136 	-1.1916e-16 	3.95 	-3.97687e-15 	0
0.5999 	0.482397 	-1.17773e-16 	3.95 	-6.67981e-15 	0
0.5999 	0.483658 	-1.14997e-16 	3.95 	-1.332e-14 	0
0.5999 	0.484919 	-1.15691e-16 	3.95 	-1.22309e-14 	0
0.5999 	0.48618 	-1.17773e-16 	3.95 	-7.91413e-15 	0
0.5999 	0.487441 	-1.1465e-16 	3.95 	-1.07922e-15 	0
0.5999 	0.488702 	-1.11528e-16 	3.95 	-5.11541e-16 	0
0.5999 	0.489963 	-1.1465e-16 	3.95 	-6.7293e-15 	0
0.5999 	0.491224 	-1.17773e-16 	3.95 	-2.48842e-15 	0
0.5999 	0.492485 	-1.1916e-16 	3.95 	5.47859e-16 	0
0.5999 	0.493746 	-1.20548e-16 	3.95 	-6.53784e-15 	0
0.5999 	0.495006 	-1.1916e-16 	3.95 	2.40595e-15 	0
0.5999 	0.496267 	-1.1465e-16 	3.95 	-2.5874e-15 	0
0.5999 	0.497528 	-1.1014e-16 	3.95 	-3.13858e-15 	0
0.5999 	0.498789 	-1.10487e-16 	3.95 	-9.34002e-16 	0
0.5999 	0.50005 	-1.11875e-16 	3.95 	5.12863e-15 	0
0.5999 	0.501311 	-1.11528e-16 	3.95 	5.7524e-15 	0
0.5999 	0.502572 	-1.12915e-16 	3.95 	6.28703e-15 	0
0.5999 	0.503833 	-1.14303e-16 	3.95 	1.33068e-14 	0
0.5999 	0.505094 	-1.15691e-16 	3.95 	1.27292e-14 	0
0.5999 	0.506355 	-1.17079e-16 	3.95 	7.31017e-15 	0
0.5999 	0.507616 	-1.18467e-16 	3.95 	6.68313e-15 	0
0.5999 	0.508876 	-1.21242e-16 	3.95 	1.04818e-14 	0
0.5999 	0.510137 	-1.19507e-16 	3.95 	6.14848e-15 	0
0.5999 	0.511398 	-1.14997e-16 	3.95 	7.99002e-15 	0
0.5999 	0.512659 	-1.13609e-16 	3.95 	7.74249e-15 	0
0.5999 	0.51392 	-1.14997e-16 	3.95 	5.51167e-16 	0
0.5999 	0.515181 	-1.16385e-16 	3.95 	-2.17817e-15 	0
0.5999 	0.516442 	-1.16385e-16 	3.95 	-7.05932e-15 	0
0.5999 	0.517703 	-1.14997e-16 	3.95 	-9.95368e-15 	0
0.5999 	0.518964 	-1.13609e-16 	3.95 	-6.13525e-15 	0
0.5999 	0.520225 	-1.12222e-16 	3.95 	-6.56763e-16 	0
0.5999 	0.521486 	-1.12222e-16 	3.95 	-1.40594e-15 	0
0.5999 	0.522746 	-1.14997e-16 	3.95 	-8.33985e-15 	0
0.5999 	0.524007 	-1.14997e-16 	3.95 	-5.12866e-15 	0
0.5999 	0.525268 	-1.13609e-16 	3.95 	3.726e-15 	0
0.5999 	0.526529 	-1.13609e-16 	3.95 	6.68634e-15 	0
0.5999 	0.52779 	-1.14997e-16 	3.95 	7.2771e-15 	0
0.5999 	0.529051 	-1.16385e-16 	3.95 	-2.09244e-15 	0
0.5999 	0.530312 	-1.14997e-16 	3.95 	1.59731e-15 	0
0.5999 	0.531573 	-1.12222e-16 	3.95 	5.6666e-15 	0
0.5999 	0.532834 	-1.10834e-16 	3.95 	-2.132e-15 	0
0.5999 	0.534095 	-1.10834e-16 	3.95 	-6.99663e-16 	0
0.5999 	0.535355 	-1.09446e-16 	3.95 	5.84484e-15 	0
0.5999 	0.536616 	-1.09446e-16 	3.95 	6.56762e-15 	0
0.5999 	0.537877 	-1.10834e-16 	3.95 	9.03625e-15 	0
0.5999 	0.539138 	-1.10834e-16 	3.95 	3.52806e-15 	0
0.5999 	0.540399 	-1.12222e-16 	3.95 	-1.41248e-15 	0
0.5999 	0.54166 	-1.14997e-16 	3.95 	1.47857e-15 	0
0.5999 	0.542921 	-1.16385e-16 	3.95 	-1.14189e-15 	0
0.5999 	0.544182 	-1.14997e-16 	3.95 	-6.67318e-15 	0
0.5999 	0.545443 	-1.14997e-16 	3.95 	-1.88116e-15 	0
0.5999 	0.546704 	-1.14997e-16 	3.95 	8.10223e-15 	0
0.5999 	0.547965 	-1.14997e-16 	3.95 	-2.75572e-15 	0
0.5999 	0.549225 	-1.17773e-16 	3.95 	-4.74248e-15 	0
0.5999 	0.550486 	-1.20548e-16 	3.95 	-1.49497e-15 	0
0.5999 	0.551747 	-1.20548e-16 	3.95 	-2.57087e-15 	0
0.5999 	0.553008 	-1.18814e-16 	3.95 	1.69971e-15 	0
0.5999 	0.554269 	-1.17079e-16 	3.95 	7.2409e-15 	0
0.5999 	0.55553 	-1.15691e-16 	3.95 	1.41814e-14 	0
0.5999 	0.556791 	-1.15691e-16 	3.95 	1.19273e-14 	0
0.5999 	0.558052 	-1.14303e-16 	3.95 	1.64124e-14 	0
0.5999 	0.559313 	-1.11528e-16 	3.95 	7.4851e-15 	0
0.5999 	0.560574 	-1.08752e-16 	3.95 	1.97032e-15 	0
0.5999 	0.561835 	-1.05977e-16 	3.95 	-1.86131e-15 	0
0.5999 	0.563095 	-1.08752e-16 	3.95 	-2.98012e-15 	0
0.5999 	0.564356 	-1.12915e-16 	3.95 	4.32341e-15 	0
0.5999 	0.565617 	-1.14303e-16 	3.95 	9.58405e-15 	0
0.5999 	0.566878 	-1.14303e-16 	3.95 	1.49437e-14 	0
0.5999 	0.568139 	-1.11528e-16 	3.95 	1.5848e-14 	0
0.5999 	0.5694 	-1.1014e-16 	3.95 	1.56334e-14 	0
0.5999 	0.570661 	-1.1014e-16 	3.95 	1.92308e-14 	0
0.5999 	0.571922 	-1.11528e-16 	3.95 	1.88744e-14 	0
0.5999 	0.573183 	-1.12915e-16 	3.95 	1.87423e-14 	0
0.5999 	0.574444 	-1.14303e-16 	3.95 	2.02638e-14 	0
0.5999 	0.575705 	-1.15691e-16 	3.95 	1.98182e-14 	0
0.5999 	0.576965 	-1.15691e-16 	3.95 	1.73232e-14 	0
0.5999 	0.578226 	-1.14303e-16 	3.95 	2.02274e-14 	0
0.5999 	0.579487 	-1.12915e-16 	3.95 	2.2399e-14 	0
0.5999 	0.580748 	-1.12915e-16 	3.95 	2.10327e-14 	0
0.5999 	0.582009 	-1.12915e-16 	3.95 	1.33727e-14 	0
0.5999 	0.58327 	-1.12915e-16 	3.95 	1.21582e-14 	0
0.5999 	0.584531 	-1.14303e-16 	3.95 	7.16119e-16 	0
0.5999 	0.585792 	-1.12915e-16 	3.95 	-1.69311e-15 	0
0.5999 	0.587053 	-1.1014e-16 	3.95 	-1.81193e-15 	0
0.5999 	0.588314 	-1.08752e-16 	3.95 	-7.48846e-15 	0
0.5999 	0.589575 	-1.07364e-16 	3.95 	-1.04455e-14 	0
0.5999 	0.590835 	-1.10487e-16 	3.95 	-1.07161e-14 	0
0.5999 	0.592096 	-1.12222e-16 	3.95 	-1.25576e-14 	0
0.5999 	0.593357 	-1.09446e-16 	3.95 	-1.22078e-14 	0
0.5999 	0.594618 	-1.08058e-16 	3.95 	-1.87424e-14 	0
0.5999 	0.595879 	-1.06324e-16 	3.95 	-1.90361e-14 	0
0.5999 	0.59714 	-1.07364e-16 	3.95 	-1.34256e-14 	0
0.5999 	0.598401 	-1.08752e-16 	3.95 	-2.34649e-15 	0
0.5999 	0.599662 	-1.07017e-16 	3.95 	4.60724e-15 	0
0.5999 	0.600923 	-1.08058e-16 	3.95 	4.84817e-15 	0
0.5999 	0.602184 	-1.09446e-16 	3.95 	6.51151e-15 	0
0.5999 	0.603445 	-1.08405e-16 	3.95 	6.89102e-15 	0
0.5999 	0.604705 	-1.04589e-16 	3.95 	4.70953e-15 	0
0.5999 	0.605966 	-1.03548e-16 	3.95 	2.0693e-15 	0
0.5999 	0.607227 	-1.03895e-16 	3.95 	-3.03955e-15 	0
0.5999 	0.608488 	-9.97316e-17 	3.95 	-6.49492e-15 	0
0.5999 	0.609749 	-9.6956e-17 	3.95 	-1.25114e-14 	0
0.5999 	0.61101 	-9.59152e-17 	3.95 	-1.33662e-14 	0
0.5999 	0.612271 	-9.34866e-17 	3.95 	-8.57741e-15 	0
0.5999 	0.613532 	-8.86294e-17 	3.95 	-6.89426e-15 	0
0.5999 	0.614793 	-8.65477e-17 	3.95 	-1.34553e-14 	0
0.5999 	0.616054 	-8.93232e-17 	3.95 	-2.17753e-14 	0
0.5999 	0.617314 	-9.20988e-17 	3.95 	-2.21021e-14 	0
0.5999 	0.618575 	-9.62621e-17 	3.95 	-1.79833e-14 	0
0.5999 	0.619836 	-9.90377e-17 	3.95 	-2.01846e-14 	0
0.5999 	0.621097 	-1.00425e-16 	3.95 	-1.70625e-14 	0
0.5999 	0.622358 	-1.04589e-16 	3.95 	-3.58081e-15 	0
0.5999 	0.623619 	-1.05977e-16 	3.95 	-1.78218e-16 	0
0.5999 	0.62488 	-1.03201e-16 	3.95 	2.66992e-15 	0
0.5999 	0.626141 	-1.04589e-16 	3.95 	1.1353e-14 	0
0.5999 	0.627402 	-1.07364e-16 	3.95 	1.41912e-14 	0
0.5999 	0.628663 	-1.0563e-16 	3.95 	6.01971e-15 	0
0.5999 	0.629924 	-1.03895e-16 	3.95 	7.50814e-15 	0
0.5999 	0.631184 	-1.03895e-16 	3.95 	1.34091e-14 	0
0.5999 	0.632445 	-1.00772e-16 	3.95 	1.10824e-14 	0
0.5999 	0.633706 	-9.90377e-17 	3.95 	6.65999e-15 	0
0.5999 	0.634967 	-1.00425e-16 	3.95 	1.74258e-15 	0
0.5999 	0.636228 	-1.00425e-16 	3.95 	-8.69625e-15 	0
0.5999 	0.637489 	-1.01466e-16 	3.95 	-5.11214e-15 	0
0.5999 	0.63875 	-1.03895e-16 	3.95 	5.1815e-16 	0
0.5999 	0.640011 	-1.05283e-16 	3.95 	-2.94386e-15 	0
0.5999 	0.641272 	-1.03895e-16 	3.95 	-4.13194e-15 	0
0.5999 	0.642533 	-1.02507e-16 	3.95 	-2.89764e-15 	0
0.5999 	0.643794 	-1.01119e-16 	3.95 	-4.5775e-15 	0
0.5999 	0.645054 	-9.6956e-17 	3.95 	4.14188e-15 	0
0.5999 	0.646315 	-9.27927e-17 	3.95 	9.7722e-15 	0
0.5999 	0.647576 	-9.00171e-17 	3.95 	2.48183e-15 	0
0.5999 	0.648837 	-9.14049e-17 	3.95 	-1.17819e-15 	0
0.5999 	0.650098 	-9.41805e-17 	3.95 	6.73262e-15 	0
0.5999 	0.651359 	-9.6956e-17 	3.95 	1.32276e-14 	0
0.5999 	0.65262 	-9.97316e-17 	3.95 	1.0023e-14 	0
0.5999 	0.653881 	-9.83438e-17 	3.95 	8.13521e-15 	0
0.5999 	0.655142 	-9.52213e-17 	3.95 	7.31017e-15 	0
0.5999 	0.656403 	-9.34866e-17 	3.95 	9.87779e-15 	0
0.5999 	0.657664 	-9.34866e-17 	3.95 	6.27059e-15 	0
0.5999 	0.658924 	-9.34866e-17 	3.95 	8.28404e-16 	0
0.5999 	0.660185 	-9.03641e-17 	3.95 	3.96052e-16 	0
0.5999 	0.661446 	-8.86294e-17 	3.95 	-1.18807e-15 	0
0.5999 	0.662707 	-8.82824e-17 	3.95 	-1.16495e-15 	0
0.5999 	0.663968 	-8.79355e-17 	3.95 	8.18516e-16 	0
0.5999 	0.665229 	-9.0711e-17 	3.95 	-4.47183e-15 	0
0.5999 	0.66649 	-9.20988e-17 	3.95 	-4.60385e-15 	0
0.5999 	0.667751 	-9.0711e-17 	3.95 	-4.86462e-15 	0
0.5999 	0.669012 	-8.93232e-17 	3.95 	-8.80518e-15 	0
0.5999 	0.670273 	-8.93232e-17 	3.95 	-1.03695e-14 	0
0.5999 	0.671534 	-8.93232e-17 	3.95 	-3.62948e-17 	0
0.5999 	0.672794 	-8.79355e-17 	3.95 	5.89101e-15 	0
0.5999 	0.674055 	-8.79355e-17 	3.95 	3.00651e-15 	0
0.5999 	0.675316 	-8.93232e-17 	3.95 	2.86462e-15 	0
0.5999 	0.676577 	-8.93232e-17 	3.95 	1.44685e-14 	0
0.5999 	0.677838 	-8.93232e-17 	3.95 	1.85839e-14 	0
0.5999 	0.679099 	-9.1058e-17 	3.95 	1.11814e-14 	0
0.5999 	0.68036 	-9.1058e-17 	3.95 	8.04607e-15 	0
0.5999 	0.681621 	-9.0711e-17 	3.95 	8.69291e-15 	0
0.5999 	0.682882 	-9.20988e-17 	3.95 	7.79523e-15 	0
0.5999 	0.684143 	-9.0711e-17 	3.95 	9.86122e-15 	0
0.5999 	0.685404 	-8.93232e-17 	3.95 	6.59063e-15 	0
0.5999 	0.686664 	-8.75885e-17 	3.95 	8.75562e-15 	0
0.5999 	0.687925 	-8.58538e-17 	3.95 	2.37562e-16 	0
0.5999 	0.689186 	-8.72416e-17 	3.95 	-1.1089e-14 	0
0.5999 	0.690447 	-8.86294e-17 	3.95 	-4.74259e-15 	0
0.5999 	0.691708 	-9.00171e-17 	3.95 	-2.02645e-15 	0
0.5999 	0.692969 	-9.14049e-17 	3.95 	6.2309e-15 	0
0.5999 	0.69423 	-8.96702e-17 	3.95 	1.0584e-14 	0
0.5999 	0.695491 	-8.79355e-17 	3.95 	1.22507e-14 	0
0.5999 	0.696752 	-8.62007e-17 	3.95 	1.53628e-14 	0
0.5999 	0.698013 	-8.72416e-17 	3.95 	6.29365e-15 	0
0.5999 	0.699274 	-9.00171e-17 	3.95 	7.42553e-16 	0
0.5999 	0.700534 	-9.1058e-17 	3.95 	-6.15835e-15 	0
0.5999 	0.701795 	-9.31396e-17 	3.95 	-9.46194e-15 	0
0.5999 	0.703056 	-9.45274e-17 	3.95 	-5.04284e-15 	0
0.5999 	0.704317 	-9.17519e-17 	3.95 	2.58413e-15 	0
0.5999 	0.705578 	-8.68946e-17 	3.95 	4.98673e-15 	0
0.5999 	0.706839 	-8.65477e-17 	3.95 	1.62372e-15 	0
0.5999 	0.7081 	-8.79355e-17 	3.95 	-3.53133e-15 	0
0.5999 	0.709361 	-8.79355e-17 	3.95 	-8.99332e-15 	0
0.5999 	0.710622 	-8.79355e-17 	3.95 	-8.8547e-15 	0
0.5999 	0.711883 	-8.65477e-17 	3.95 	-5.42899e-15 	0
0.5999 	0.713143 	-8.37721e-17 	3.95 	-5.06596e-15 	0
0.5999 	0.714404 	-8.41191e-17 	3.95 	-1.64024e-14 	0
0.5999 	0.715665 	-8.41191e-17 	3.95 	-1.1287e-14 	0
0.5999 	0.716926 	-8.09966e-17 	3.95 	-5.2806e-16 	0
0.5999 	0.718187 	-7.8568e-17 	3.95 	2.70955e-15 	0
0.5999 	0.719448 	-7.75271e-17 	3.95 	-9.1747e-16 	0
0.5999 	0.720709 	-7.47516e-17 	3.95 	9.43889e-16 	0
0.5999 	0.72197 	-7.05882e-17 	3.95 	4.37618e-15 	0
0.5999 	0.723231 	-7.05882e-17 	3.95 	-4.77222e-15 	0
0.5999 	0.724492 	-7.33638e-17 	3.95 	-9.02627e-15 	0
0.5999 	0.725753 	-7.64863e-17 	3.95 	-7.15829e-15 	0
0.5999 	0.727013 	-7.64863e-17 	3.95 	-9.47179e-15 	0
0.5999 	0.728274 	-7.47516e-17 	3.95 	-6.92729e-15 	0
0.5999 	0.729535 	-7.47516e-17 	3.95 	-2.77884e-15 	0
0.5999 	0.730796 	-7.47516e-17 	3.95 	-6.60261e-17 	0
0.5999 	0.732057 	-7.47516e-17 	3.95 	-3.97358e-15 	0
0.5999 	0.733318 	-7.47516e-17 	3.95 	2.14517e-15 	0
0.5999 	0.734579 	-7.61394e-17 	3.95 	7.56756e-15 	0
0.5999 	0.73584 	-7.75271e-17 	3.95 	4.91743e-15 	0
0.5999 	0.737101 	-7.75271e-17 	3.95 	5.27716e-15 	0
0.5999 	0.738362 	-7.61394e-17 	3.95 	-2.58746e-15 	0
0.5999 	0.739623 	-7.61394e-17 	3.95 	-8.5082e-15 	0
0.5999 	0.740883 	-7.75271e-17 	3.95 	-1.20527e-14 	0
0.5999 	0.742144 	-7.61394e-17 	3.95 	-9.51477e-15 	0
0.5999 	0.743405 	-7.47516e-17 	3.95 	-4.78542e-15 	0
0.5999 	0.744666 	-7.61394e-17 	3.95 	-1.08448e-14 	0
0.5999 	0.745927 	-7.92619e-17 	3.95 	-6.81183e-15 	0
0.5999 	0.747188 	-8.23844e-17 	3.95 	7.91958e-17 	0
0.5999 	0.748449 	-8.34252e-17 	3.95 	-4.40591e-15 	0
0.5999 	0.74971 	-8.30782e-17 	3.95 	-9.40258e-15 	0
0.5999 	0.750971 	-8.30782e-17 	3.95 	-1.24125e-14 	0
0.5999 	0.752232 	-8.16905e-17 	3.95 	-5.97692e-15 	0
0.5999 	0.753493 	-8.03027e-17 	3.95 	2.94378e-15 	0
0.5999 	0.754753 	-8.16905e-17 	3.95 	1.09894e-15 	0
0.5999 	0.756014 	-8.16905e-17 	3.95 	-2.23433e-15 	0
0.5999 	0.757275 	-8.16905e-17 	3.95 	4.05938e-15 	0
0.5999 	0.758536 	-8.03027e-17 	3.95 	5.08244e-15 	0
0.5999 	0.759797 	-7.75271e-17 	3.95 	-5.90718e-16 	0
0.5999 	0.761058 	-7.75271e-17 	3.95 	9.23426e-15 	0
0.5999 	0.762319 	-7.47516e-17 	3.95 	4.75246e-15 	0
0.5999 	0.76358 	-7.33638e-17 	3.95 	1.94059e-15 	0
0.5999 	0.764841 	-7.47516e-17 	3.95 	5.93722e-15 	0
0.5999 	0.766102 	-7.47516e-17 	3.95 	9.83487e-15 	0
0.5999 	0.767363 	-7.33638e-17 	3.95 	1.08414e-14 	0
0.5999 	0.768623 	-7.1976e-17 	3.95 	9.94045e-15 	0
0.5999 	0.769884 	-7.05882e-17 	3.95 	6.44543e-15 	0
0.5999 	0.771145 	-6.92005e-17 	3.95 	1.2673e-15 	0
0.5999 	0.772406 	-6.92005e-17 	3.95 	1.95709e-15 	0
0.5999 	0.773667 	-6.64249e-17 	3.95 	-2.24397e-16 	0
0.5999 	0.774928 	-6.36493e-17 	3.95 	2.19804e-15 	0
0.5999 	0.776189 	-6.22616e-17 	3.95 	6.3498e-15 	0
0.5999 	0.77745 	-5.9486e-17 	3.95 	5.57094e-15 	0
0.5999 	0.778711 	-5.67104e-17 	3.95 	4.89436e-15 	0
0.5999 	0.779972 	-5.53227e-17 	3.95 	4.74584e-15 	0
0.5999 	0.781233 	-5.67104e-17 	3.95 	1.39405e-14 	0
0.5999 	0.782493 	-5.80982e-17 	3.95 	1.76368e-14 	0
0.5999 	0.783754 	-5.63635e-17 	3.95 	2.12902e-14 	0
0.5999 	0.785015 	-5.77513e-17 	3.95 	2.05741e-14 	0
0.5999 	0.786276 	-6.08738e-17 	3.95 	2.62407e-14 	0
0.5999 	0.787537 	-5.9486e-17 	3.95 	1.91715e-14 	0
0.5999 	0.788798 	-5.9486e-17 	3.95 	1.01056e-14 	0
0.5999 	0.790059 	-6.08738e-17 	3.95 	7.18484e-15 	0
0.5999 	0.79132 	-5.9486e-17 	3.95 	8.00658e-15 	0
0.5999 	0.792581 	-5.80982e-17 	3.95 	8.17816e-15 	0
0.5999 	0.793842 	-5.9486e-17 	3.95 	1.11616e-14 	0
0.5999 	0.795102 	-6.22616e-17 	3.95 	4.55112e-15 	0
0.5999 	0.796363 	-6.36493e-17 	3.95 	-1.36632e-15 	0
0.5999 	0.797624 	-6.36493e-17 	3.95 	-2.69967e-15 	0
0.5999 	0.798885 	-6.22616e-17 	3.95 	2.17156e-15 	0
0.5999 	0.800146 	-6.08738e-17 	3.95 	-2.36305e-15 	0
0.5999 	0.801407 	-6.08738e-17 	3.95 	-4.10891e-15 	0
0.5999 	0.802668 	-6.26085e-17 	3.95 	-9.54449e-15 	0
0.5999 	0.803929 	-6.29555e-17 	3.95 	-1.36699e-14 	0
0.5999 	0.80519 	-6.15677e-17 	3.95 	-1.51088e-14 	0
0.5999 	0.806451 	-6.12207e-17 	3.95 	-8.28704e-15 	0
0.5999 	0.807712 	-6.08738e-17 	3.95 	-8.77875e-15 	0
0.5999 	0.808972 	-6.08738e-17 	3.95 	-9.00977e-15 	0
0.5999 	0.810233 	-6.08738e-17 	3.95 	-9.30018e-15 	0
0.5999 	0.811494 	-5.9486e-17 	3.95 	-4.60388e-15 	0
0.5999 	0.812755 	-5.9486e-17 	3.95 	-4.47516e-15 	0
0.5999 	0.814016 	-6.08738e-17 	3.95 	-3.78211e-15 	0
0.5999 	0.815277 	-6.08738e-17 	3.95 	-2.65012e-15 	0
0.5999 	0.816538 	-5.9486e-17 	3.95 	-6.33652e-16 	0
0.5999 	0.817799 	-5.80982e-17 	3.95 	7.60388e-15 	0
0.5999 	0.81906 	-5.67104e-17 	3.95 	7.41909e-15 	0
0.5999 	0.820321 	-5.53227e-17 	3.95 	4.74256e-15 	0
0.5999 	0.821582 	-5.53227e-17 	3.95 	1.30035e-15 	0
0.5999 	0.822842 	-5.53227e-17 	3.95 	-3.89431e-15 	0
0.5999 	0.824103 	-5.70574e-17 	3.95 	-1.56099e-15 	0
0.5999 	0.825364 	-6.01799e-17 	3.95 	-9.27313e-16 	0
0.5999 	0.826625 	-6.15677e-17 	3.95 	-1.64679e-15 	0
0.5999 	0.827886 	-5.84452e-17 	3.95 	2.07267e-15 	0
0.5999 	0.829147 	-5.53227e-17 	3.95 	1.78882e-15 	0
0.5999 	0.830408 	-5.53227e-17 	3.95 	-4.88108e-15 	0
0.5999 	0.831669 	-5.39349e-17 	3.95 	-7.89426e-15 	0
0.5999 	0.83293 	-5.25471e-17 	3.95 	-7.39595e-15 	0
0.5999 	0.834191 	-5.11593e-17 	3.95 	-5.29367e-15 	0
0.5999 	0.835452 	-4.97716e-17 	3.95 	-1.42573e-15 	0
0.5999 	0.836712 	-4.97716e-17 	3.95 	-4.05605e-15 	0
0.5999 	0.837973 	-5.11593e-17 	3.95 	-8.58072e-15 	0
0.5999 	0.839234 	-5.25471e-17 	3.95 	-4.44549e-15 	0
0.5999 	0.840495 	-5.25471e-17 	3.95 	-4.25738e-15 	0
0.5999 	0.841756 	-5.11593e-17 	3.95 	-1.4419e-14 	0
0.5999 	0.843017 	-4.66491e-17 	3.95 	-1.52243e-14 	0
0.5999 	0.844278 	-4.35265e-17 	3.95 	-7.25734e-15 	0
0.5999 	0.845539 	-4.21388e-17 	3.95 	-9.45203e-15 	0
0.5999 	0.8468 	-4.21388e-17 	3.95 	-5.2607e-15 	0
0.5999 	0.848061 	-4.35265e-17 	3.95 	-5.99997e-15 	0
0.5999 	0.849322 	-4.49143e-17 	3.95 	-4.53794e-15 	0
0.5999 	0.850582 	-4.49143e-17 	3.95 	2.67981e-15 	0
0.5999 	0.851843 	-4.35265e-17 	3.95 	-1.58086e-15 	0
0.5999 	0.853104 	-4.49143e-17 	3.95 	-7.26728e-15 	0
0.5999 	0.854365 	-4.59552e-17 	3.95 	-1.04587e-14 	0
0.5999 	0.855626 	-4.42204e-17 	3.95 	-7.78213e-15 	0
0.5999 	0.856887 	-4.14449e-17 	3.95 	-4.80199e-15 	0
0.5999 	0.858148 	-4.00571e-17 	3.95 	-7.92568e-17 	0
0.5999 	0.859409 	-4.14449e-17 	3.95 	-2.81521e-15 	0
0.5999 	0.86067 	-4.14449e-17 	3.95 	-6.17234e-16 	0
0.5999 	0.861931 	-4.14449e-17 	3.95 	-2.14195e-15 	0
0.5999 	0.863192 	-4.14449e-17 	3.95 	-1.53467e-15 	0
0.5999 	0.864452 	-3.86693e-17 	3.95 	-3.08912e-15 	0
0.5999 	0.865713 	-3.55468e-17 	3.95 	-1.20137e-15 	0
0.5999 	0.866974 	-3.38121e-17 	3.95 	-1.66008e-15 	0
0.5999 	0.868235 	-3.38121e-17 	3.95 	-6.79203e-15 	0
0.5999 	0.869496 	-3.51999e-17 	3.95 	-8.33329e-15 	0
0.5999 	0.870757 	-3.51999e-17 	3.95 	3.10882e-15 	0
0.5999 	0.872018 	-3.51999e-17 	3.95 	6.94707e-15 	0
0.5999 	0.873279 	-3.65877e-17 	3.95 	8.90665e-17 	0
0.5999 	0.87454 	-3.79754e-17 	3.95 	-7.20457e-15 	0
0.5999 	0.875801 	-3.76285e-17 	3.95 	-5.78215e-15 	0
0.5999 	0.877061 	-3.72815e-17 	3.95 	-2.62377e-15 	0
0.5999 	0.878322 	-4.00571e-17 	3.95 	-2.98021e-15 	0
0.5999 	0.879583 	-4.28327e-17 	3.95 	7.72236e-16 	0
0.5999 	0.880844 	-4.42204e-17 	3.95 	6.29693e-15 	0
0.5999 	0.882105 	-4.56082e-17 	3.95 	1.11913e-14 	0
0.5999 	0.883366 	-4.6996e-17 	3.95 	9.56096e-15 	0
0.5999 	0.884627 	-4.6996e-17 	3.95 	5.10889e-15 	0
0.5999 	0.885888 	-4.6996e-17 	3.95 	7.12207e-15 	0
0.5999 	0.887149 	-4.56082e-17 	3.95 	3.09238e-15 	0
0.5999 	0.88841 	-4.42204e-17 	3.95 	1.81189e-15 	0
0.5999 	0.889671 	-4.42204e-17 	3.95 	5.84178e-16 	0
0.5999 	0.890931 	-4.42204e-17 	3.95 	-5.65337e-15 	0
0.5999 	0.892192 	-4.28327e-17 	3.95 	-2.24372e-16 	0
0.5999 	0.893453 	-4.00571e-17 	3.95 	7.42569e-15 	0
0.5999 	0.894714 	-3.72815e-17 	3.95 	9.04285e-15 	0
0.5999 	0.895975 	-3.4506e-17 	3.95 	1.95712e-15 	0
0.5999 	0.897236 	-3.17304e-17 	3.95 	-1.49498e-15 	0
0.5999 	0.898497 	-2.89549e-17 	3.95 	8.08634e-16 	0
0.5999 	0.899758 	-2.61793e-17 	3.95 	1.18487e-15 	0
0.5999 	0.901019 	-2.34038e-17 	3.95 	-8.32985e-15 	0
0.5999 	0.90228 	-2.2016e-17 	3.95 	-1.01153e-14 	0
0.5999 	0.903541 	-2.06282e-17 	3.95 	-8.64009e-15 	0
0.5999 	0.904801 	-1.78526e-17 	3.95 	-7.76882e-15 	0
0.5999 	0.906062 	-1.64649e-17 	3.95 	-9.87772e-15 	0
0.5999 	0.907323 	-1.50771e-17 	3.95 	-1.48546e-14 	0
0.5999 	0.908584 	-1.50771e-17 	3.95 	-1.37886e-14 	0
0.5999 	0.909845 	-1.64649e-17 	3.95 	-1.0178e-14 	0
0.5999 	0.911106 	-1.64649e-17 	3.95 	-1.05147e-14 	0
0.5999 	0.912367 	-1.47301e-17 	3.95 	-1.07919e-14 	0
0.5999 	0.913628 	-1.29954e-17 	3.95 	5.90772e-16 	0
0.5999 	0.914889 	-1.29954e-17 	3.95 	3.99335e-15 	0
0.5999 	0.91615 	-1.16076e-17 	3.95 	-1.30033e-15 	0
0.5999 	0.917411 	-1.16076e-17 	3.95 	6.53419e-16 	0
0.5999 	0.918671 	-1.29954e-17 	3.95 	5.62365e-15 	0
0.5999 	0.919932 	-1.16076e-17 	3.95 	4.58075e-15 	0
0.5999 	0.921193 	-1.02199e-17 	3.95 	4.64349e-15 	0
0.5999 	0.922454 	-8.83208e-18 	3.95 	5.6699e-15 	0
0.5999 	0.923715 	-7.4443e-18 	3.95 	1.25378e-14 	0
0.5999 	0.924976 	-6.05652e-18 	3.95 	1.32804e-14 	0
0.5999 	0.926237 	-2.93402e-18 	3.95 	2.75246e-15 	0
0.5999 	0.927498 	1.88482e-19 	3.95 	-1.28053e-15 	0
0.5999 	0.928759 	1.57626e-18 	3.95 	-4.04287e-15 	0
0.5999 	0.93002 	1.57626e-18 	3.95 	-5.61052e-15 	0
0.5999 	0.931281 	2.96404e-18 	3.95 	9.66969e-16 	0
0.5999 	0.932541 	4.35182e-18 	3.95 	-6.32337e-15 	0
0.5999 	0.933802 	4.35182e-18 	3.95 	-8.27716e-15 	0
0.5999 	0.935063 	4.35182e-18 	3.95 	-8.9603e-15 	0
0.5999 	0.936324 	4.35182e-18 	3.95 	-9.68304e-15 	0
0.5999 	0.937585 	2.96404e-18 	3.95 	-7.36625e-15 	0
0.5999 	0.938846 	1.57626e-18 	3.95 	-7.28707e-15 	0
0.5999 	0.940107 	1.57626e-18 	3.95 	-4.0726e-15 	0
0.5999 	0.941368 	1.57626e-18 	3.95 	1.4851e-15 	0
0.5999 	0.942629 	1.57626e-18 	3.95 	2.21117e-15 	0
0.5999 	0.94389 	1.88482e-19 	3.95 	-3.17158e-15 	0
0.5999 	0.945151 	-2.58708e-18 	3.95 	-8.85467e-15 	0
0.5999 	0.946411 	-2.58708e-18 	3.95 	-3.6402e-15 	0
0.5999 	0.947672 	-1.1993e-18 	3.95 	-3.39894e-16 	0
0.5999 	0.948933 	-1.1993e-18 	3.95 	1.61747e-16 	0
0.5999 	0.950194 	-1.1993e-18 	3.95 	-2.37621e-15 	0
0.5999 	0.951455 	1.88482e-19 	3.95 	1.60391e-15 	0
0.5999 	0.952716 	1.57626e-18 	3.95 	8.56424e-15 	0
0.5999 	0.953977 	1.88482e-19 	3.95 	7.65336e-15 	0
0.5999 	0.955238 	-2.58708e-18 	3.95 	5.21116e-15 	0
0.5999 	0.956499 	-3.62791e-18 	3.95 	7.08241e-15 	0
0.5999 	0.95776 	-3.28097e-18 	3.95 	6.39928e-15 	0
0.5999 	0.95902 	-1.89319e-18 	3.95 	4.24751e-15 	0
0.5999 	0.960281 	-5.05408e-19 	3.95 	5.85146e-15 	0
0.5999 	0.961542 	-1.89319e-18 	3.95 	-2.15507e-15 	0
0.5999 	0.962803 	-4.66874e-18 	3.95 	-2.60396e-15 	0
0.5999 	0.964064 	-6.05652e-18 	3.95 	-3.77557e-15 	0
0.5999 	0.965325 	-2.93402e-18 	3.95 	-6.70622e-15 	0
0.5999 	0.966586 	-1.1993e-18 	3.95 	-6.74912e-15 	0
0.5999 	0.967847 	-2.58708e-18 	3.95 	-2.10888e-15 	0
0.5999 	0.969108 	-2.58708e-18 	3.95 	-8.48156e-16 	0
0.5999 	0.970369 	-2.58708e-18 	3.95 	5.13855e-15 	0
0.5999 	0.97163 	-1.1993e-18 	3.95 	1.89833e-14 	0
0.5999 	0.97289 	1.88482e-19 	3.95 	1.93298e-14 	0
0.5999 	0.974151 	1.88482e-19 	3.95 	9.84806e-15 	0
0.5999 	0.975412 	1.88482e-19 	3.95 	5.76229e-15 	0
0.5999 	0.976673 	1.88482e-19 	3.95 	4.7458e-15 	0
0.5999 	0.977934 	-1.1993e-18 	3.95 	1.24748e-15 	0
0.5999 	0.979195 	-1.1993e-18 	3.95 	1.74582e-15 	0
0.5999 	0.980456 	3.31098e-18 	3.95 	-3.41915e-15 	0
0.5999 	0.981717 	7.82127e-18 	3.95 	-6.81515e-15 	0
0.5999 	0.982978 	7.82127e-18 	3.95 	-4.68664e-16 	0
0.5999 	0.984239 	6.43349e-18 	3.95 	3.22434e-15 	0
0.5999 	0.9855 	5.04571e-18 	3.95 	5.72268e-15 	0
0.5999 	0.98676 	5.04571e-18 	3.95 	1.69962e-15 	0
0.5999 	0.988021 	6.43349e-18 	3.95 	-8.81199e-16 	0
0.5999 	0.989282 	6.43349e-18 	3.95 	5.08247e-16 	0
0.5999 	0.990543 	6.43349e-18 	3.95 	3.43238e-16 	0
0.5999 	0.991804 	5.04571e-18 	3.95 	6.13872e-16 	0
0.5999 	0.993065 	5.04571e-18 	3.95 	-1.96038e-15 	0
0.5999 	0.994326 	6.78043e-18 	3.95 	4.8844e-15 	0
0.5999 	0.995587 	8.51515e-18 	3.95 	1.0947e-14 	0
0.5999 	0.996848 	1.12907e-17 	3.95 	7.25071e-15 	0
0.5999 	0.998109 	1.26785e-17 	3.95 	1.51483e-15 	0
0.5999 	0.99937 	1.26785e-17 	3.95 	5.95702e-15 	0
