-0.999134 	0.9999 	-1.15721e-17 	1 	1
-0.997402 	0.9999 	-1.33068e-17 	1 	1
-0.995674 	0.9999 	-1.50416e-17 	1 	1
-0.993948 	0.9999 	-1.50416e-17 	1 	1
-0.992226 	0.9999 	-1.50416e-17 	1 	1
-0.990506 	0.9999 	-1.50416e-17 	1 	1
-0.98879 	0.9999 	-1.50416e-17 	1 	1
-0.987076 	0.9999 	-1.36538e-17 	1 	1
-0.985366 	0.9999 	-1.2266e-17 	1 	1
-0.983658 	0.9999 	-1.05313e-17 	1 	1
-0.981954 	0.9999 	-7.40878e-18 	1 	1
-0.980252 	0.9999 	-4.63323e-18 	1 	1
-0.978553 	0.9999 	-3.24545e-18 	1 	1
-0.976858 	0.9999 	-3.24545e-18 	1 	1
-0.975165 	0.9999 	-3.24545e-18 	1 	1
-0.973475 	0.9999 	-5.32712e-18 	1 	1
-0.971788 	0.9999 	-7.40878e-18 	1 	1
-0.970104 	0.9999 	-9.14351e-18 	1 	1
-0.968423 	0.9999 	-1.2613e-17 	1 	1
-0.966745 	0.9999 	-1.43477e-17 	1 	1
-0.96507 	0.9999 	-1.29599e-17 	1 	1
-0.963397 	0.9999 	-1.19191e-17 	1 	1
-0.961728 	0.9999 	-1.2266e-17 	1 	1
-0.960061 	0.9999 	-1.2266e-17 	1 	1
-0.958398 	0.9999 	-1.36538e-17 	1 	1
-0.956737 	0.9999 	-1.50416e-17 	1 	1
-0.955079 	0.9999 	-1.36538e-17 	1 	1
-0.953424 	0.9999 	-1.2266e-17 	1 	1
-0.951772 	0.9999 	-1.2266e-17 	1 	1
-0.950123 	0.9999 	-1.2266e-17 	1 	1
-0.948476 	0.9999 	-1.40007e-17 	1 	1
-0.946833 	0.9999 	-1.8858e-17 	1 	1
-0.945192 	0.9999 	-2.19805e-17 	1 	1
-0.943554 	0.9999 	-2.19805e-17 	1 	1
-0.941919 	0.9999 	-2.19805e-17 	1 	1
-0.940287 	0.9999 	-2.19805e-17 	1 	1
-0.938658 	0.9999 	-2.02457e-17 	1 	1
-0.937031 	0.9999 	-2.02457e-17 	1 	1
-0.935408 	0.9999 	-2.37152e-17 	1 	1
-0.933787 	0.9999 	-2.54499e-17 	1 	1
-0.932169 	0.9999 	-2.54499e-17 	1 	1
-0.930553 	0.9999 	-2.5103e-17 	1 	1
-0.928941 	0.9999 	-2.4756e-17 	1 	1
-0.927331 	0.9999 	-2.44091e-17 	1 	1
-0.925725 	0.9999 	-2.23274e-17 	1 	1
-0.924121 	0.9999 	-2.05927e-17 	1 	1
-0.922519 	0.9999 	-2.23274e-17 	1 	1
-0.920921 	0.9999 	-2.26744e-17 	1 	1
-0.919325 	0.9999 	-2.12866e-17 	1 	1
-0.917732 	0.9999 	-2.12866e-17 	1 	1
-0.916142 	0.9999 	-2.12866e-17 	1 	1
-0.914555 	0.9999 	-2.30213e-17 	1 	1
-0.91297 	0.9999 	-2.44091e-17 	1 	1
-0.911388 	0.9999 	-2.40621e-17 	1 	1
-0.909809 	0.9999 	-2.40621e-17 	1 	1
-0.908233 	0.9999 	-2.23274e-17 	1 	1
-0.906659 	0.9999 	-2.23274e-17 	1 	1
-0.905088 	0.9999 	-2.26744e-17 	1 	1
-0.90352 	0.9999 	-2.12866e-17 	1 	1
-0.901954 	0.9999 	-2.12866e-17 	1 	1
-0.900391 	0.9999 	-1.64293e-17 	1 	1
-0.898831 	0.9999 	-1.19191e-17 	1 	1
-0.897274 	0.9999 	-1.2266e-17 	1 	1
-0.895719 	0.9999 	-1.40007e-17 	1 	1
-0.894167 	0.9999 	-1.43477e-17 	1 	1
-0.892618 	0.9999 	-1.15721e-17 	1 	1
-0.891072 	0.9999 	-8.44962e-18 	1 	1
-0.889528 	0.9999 	-6.71489e-18 	1 	1
-0.887986 	0.9999 	-6.71489e-18 	1 	1
-0.886448 	0.9999 	-4.98017e-18 	1 	1
-0.884912 	0.9999 	-4.98017e-18 	1 	1
-0.883379 	0.9999 	-6.71489e-18 	1 	1
-0.881848 	0.9999 	-6.71489e-18 	1 	1
-0.88032 	0.9999 	-4.98017e-18 	1 	1
-0.878795 	0.9999 	-3.24545e-18 	1 	1
-0.877273 	0.9999 	-4.98017e-18 	1 	1
-0.875753 	0.9999 	-8.44962e-18 	1 	1
-0.874235 	0.9999 	-1.01843e-17 	1 	1
-0.872721 	0.9999 	-1.15721e-17 	1 	1
-0.871209 	0.9999 	-1.29599e-17 	1 	1
-0.869699 	0.9999 	-1.15721e-17 	1 	1
-0.868192 	0.9999 	-1.01843e-17 	1 	1
-0.866688 	0.9999 	-8.44962e-18 	1 	1
-0.865187 	0.9999 	-6.71489e-18 	1 	1
-0.863688 	0.9999 	-6.71489e-18 	1 	1
-0.862191 	0.9999 	-6.71489e-18 	1 	1
-0.860698 	0.9999 	-9.8374e-18 	1 	1
-0.859206 	0.9999 	-1.15721e-17 	1 	1
-0.857718 	0.9999 	-1.19191e-17 	1 	1
-0.856232 	0.9999 	-1.36538e-17 	1 	1
-0.854748 	0.9999 	-1.2266e-17 	1 	1
-0.853268 	0.9999 	-1.08782e-17 	1 	1
-0.851789 	0.9999 	-1.08782e-17 	1 	1
-0.850314 	0.9999 	-1.08782e-17 	1 	1
-0.84884 	0.9999 	-1.2613e-17 	1 	1
-0.84737 	0.9999 	-1.43477e-17 	1 	1
-0.845902 	0.9999 	-1.2613e-17 	1 	1
-0.844436 	0.9999 	-1.08782e-17 	1 	1
-0.842973 	0.9999 	-1.2613e-17 	1 	1
-0.841513 	0.9999 	-1.43477e-17 	1 	1
-0.840055 	0.9999 	-1.60824e-17 	1 	1
-0.8386 	0.9999 	-1.98988e-17 	1 	1
-0.837147 	0.9999 	-2.19805e-17 	1 	1
-0.835697 	0.9999 	-2.19805e-17 	1 	1
-0.834249 	0.9999 	-2.19805e-17 	1 	1
-0.832804 	0.9999 	-2.19805e-17 	1 	1
-0.831361 	0.9999 	-2.19805e-17 	1 	1
-0.829921 	0.9999 	-2.02457e-17 	1 	1
-0.828483 	0.9999 	-1.8511e-17 	1 	1
-0.827048 	0.9999 	-1.67763e-17 	1 	1
-0.825615 	0.9999 	-1.64293e-17 	1 	1
-0.824184 	0.9999 	-1.78171e-17 	1 	1
-0.822757 	0.9999 	-1.78171e-17 	1 	1
-0.821331 	0.9999 	-1.78171e-17 	1 	1
-0.819909 	0.9999 	-1.78171e-17 	1 	1
-0.818488 	0.9999 	-1.64293e-17 	1 	1
-0.81707 	0.9999 	-1.50416e-17 	1 	1
-0.815655 	0.9999 	-1.50416e-17 	1 	1
-0.814242 	0.9999 	-1.50416e-17 	1 	1
-0.812831 	0.9999 	-1.50416e-17 	1 	1
-0.811423 	0.9999 	-1.50416e-17 	1 	1
-0.810018 	0.9999 	-1.33068e-17 	1 	1
-0.808614 	0.9999 	-1.15721e-17 	1 	1
-0.807214 	0.9999 	-1.15721e-17 	1 	1
-0.805815 	0.9999 	-1.15721e-17 	1 	1
-0.804419 	0.9999 	-9.8374e-18 	1 	1
-0.803026 	0.9999 	-9.49045e-18 	1 	1
-0.801635 	0.9999 	-1.08782e-17 	1 	1
-0.800246 	0.9999 	-1.2266e-17 	1 	1
-0.79886 	0.9999 	-1.36538e-17 	1 	1
-0.797476 	0.9999 	-1.50416e-17 	1 	1
-0.796095 	0.9999 	-1.78171e-17 	1 	1
-0.794716 	0.9999 	-1.92049e-17 	1 	1
-0.793339 	0.9999 	-1.92049e-17 	1 	1
-0.791965 	0.9999 	-1.92049e-17 	1 	1
-0.790593 	0.9999 	-1.92049e-17 	1 	1
-0.789223 	0.9999 	-1.60824e-17 	1 	1
-0.787856 	0.9999 	-1.29599e-17 	1 	1
-0.786491 	0.9999 	-1.29599e-17 	1 	1
-0.785129 	0.9999 	-1.29599e-17 	1 	1
-0.783769 	0.9999 	-1.29599e-17 	1 	1
-0.782411 	0.9999 	-1.46946e-17 	1 	1
-0.781056 	0.9999 	-1.46946e-17 	1 	1
-0.779703 	0.9999 	-1.29599e-17 	1 	1
-0.778353 	0.9999 	-1.29599e-17 	1 	1
-0.777004 	0.9999 	-1.29599e-17 	1 	1
-0.775658 	0.9999 	-1.29599e-17 	1 	1
-0.774315 	0.9999 	-1.29599e-17 	1 	1
-0.772974 	0.9999 	-1.12252e-17 	1 	1
-0.771635 	0.9999 	-9.49045e-18 	1 	1
-0.770298 	0.9999 	-7.75573e-18 	1 	1
-0.768964 	0.9999 	-7.75573e-18 	1 	1
-0.767632 	0.9999 	-9.49045e-18 	1 	1
-0.766302 	0.9999 	-9.49045e-18 	1 	1
-0.764975 	0.9999 	-1.08782e-17 	1 	1
-0.76365 	0.9999 	-1.05313e-17 	1 	1
-0.762327 	0.9999 	-8.79656e-18 	1 	1
-0.761007 	0.9999 	-1.05313e-17 	1 	1
-0.759689 	0.9999 	-1.2266e-17 	1 	1
-0.758373 	0.9999 	-1.53885e-17 	1 	1
-0.757059 	0.9999 	-1.71232e-17 	1 	1
-0.755748 	0.9999 	-1.74702e-17 	1 	1
-0.754439 	0.9999 	-1.92049e-17 	1 	1
-0.753132 	0.9999 	-2.09396e-17 	1 	1
-0.751828 	0.9999 	-2.09396e-17 	1 	1
-0.750525 	0.9999 	-1.92049e-17 	1 	1
-0.749226 	0.9999 	-1.92049e-17 	1 	1
-0.747928 	0.9999 	-2.09396e-17 	1 	1
-0.746632 	0.9999 	-2.16335e-17 	1 	1
-0.745339 	0.9999 	-2.05927e-17 	1 	1
-0.744048 	0.9999 	-2.05927e-17 	1 	1
-0.74276 	0.9999 	-2.05927e-17 	1 	1
-0.741473 	0.9999 	-2.05927e-17 	1 	1
-0.740189 	0.9999 	-2.05927e-17 	1 	1
-0.738907 	0.9999 	-1.8858e-17 	1 	1
-0.737627 	0.9999 	-1.71232e-17 	1 	1
-0.73635 	0.9999 	-1.71232e-17 	1 	1
-0.735074 	0.9999 	-1.71232e-17 	1 	1
-0.733801 	0.9999 	-1.71232e-17 	1 	1
-0.73253 	0.9999 	-1.67763e-17 	1 	1
-0.731261 	0.9999 	-1.64293e-17 	1 	1
-0.729995 	0.9999 	-1.81641e-17 	1 	1
-0.728731 	0.9999 	-1.81641e-17 	1 	1
-0.727469 	0.9999 	-1.81641e-17 	1 	1
-0.726209 	0.9999 	-1.98988e-17 	1 	1
-0.724951 	0.9999 	-1.98988e-17 	1 	1
-0.723695 	0.9999 	-1.81641e-17 	1 	1
-0.722442 	0.9999 	-1.81641e-17 	1 	1
-0.721191 	0.9999 	-1.98988e-17 	1 	1
-0.719942 	0.9999 	-1.98988e-17 	1 	1
-0.718695 	0.9999 	-2.12866e-17 	1 	1
-0.71745 	0.9999 	-2.26744e-17 	1 	1
-0.716208 	0.9999 	-2.44091e-17 	1 	1
-0.714967 	0.9999 	-2.61438e-17 	1 	1
-0.713729 	0.9999 	-2.44091e-17 	1 	1
-0.712493 	0.9999 	-2.26744e-17 	1 	1
-0.711259 	0.9999 	-2.26744e-17 	1 	1
-0.710027 	0.9999 	-2.44091e-17 	1 	1
-0.708798 	0.9999 	-2.61438e-17 	1 	1
-0.70757 	0.9999 	-2.4756e-17 	1 	1
-0.706345 	0.9999 	-2.33682e-17 	1 	1
-0.705121 	0.9999 	-2.19805e-17 	1 	1
-0.7039 	0.9999 	-2.05927e-17 	1 	1
-0.702681 	0.9999 	-2.26744e-17 	1 	1
-0.701464 	0.9999 	-2.33682e-17 	1 	1
-0.70025 	0.9999 	-2.02457e-17 	1 	1
-0.699037 	0.9999 	-2.02457e-17 	1 	1
-0.697826 	0.9999 	-2.19805e-17 	1 	1
-0.696618 	0.9999 	-2.19805e-17 	1 	1
-0.695411 	0.9999 	-2.19805e-17 	1 	1
-0.694207 	0.9999 	-2.19805e-17 	1 	1
-0.693005 	0.9999 	-2.19805e-17 	1 	1
-0.691805 	0.9999 	-2.37152e-17 	1 	1
-0.690607 	0.9999 	-2.54499e-17 	1 	1
-0.689411 	0.9999 	-2.40621e-17 	1 	1
-0.688217 	0.9999 	-2.26744e-17 	1 	1
-0.687025 	0.9999 	-2.26744e-17 	1 	1
-0.685835 	0.9999 	-2.57969e-17 	1 	1
-0.684648 	0.9999 	-2.71846e-17 	1 	1
-0.683462 	0.9999 	-2.54499e-17 	1 	1
-0.682279 	0.9999 	-2.57969e-17 	1 	1
-0.681097 	0.9999 	-2.75316e-17 	1 	1
-0.679918 	0.9999 	-2.89194e-17 	1 	1
-0.67874 	0.9999 	-2.89194e-17 	1 	1
-0.677565 	0.9999 	-2.89194e-17 	1 	1
-0.676392 	0.9999 	-3.06541e-17 	1 	1
-0.67522 	0.9999 	-3.23888e-17 	1 	1
-0.674051 	0.9999 	-3.23888e-17 	1 	1
-0.672884 	0.9999 	-3.23888e-17 	1 	1
-0.671719 	0.9999 	-3.37766e-17 	1 	1
-0.670556 	0.9999 	-3.34296e-17 	1 	1
-0.669394 	0.9999 	-3.30827e-17 	1 	1
-0.668235 	0.9999 	-3.44705e-17 	1 	1
-0.667078 	0.9999 	-3.44705e-17 	1 	1
-0.665923 	0.9999 	-3.44705e-17 	1 	1
-0.66477 	0.9999 	-3.44705e-17 	1 	1
-0.663619 	0.9999 	-3.30827e-17 	1 	1
-0.66247 	0.9999 	-2.99602e-17 	1 	1
-0.661323 	0.9999 	-2.82255e-17 	1 	1
-0.660178 	0.9999 	-2.82255e-17 	1 	1
-0.659034 	0.9999 	-2.82255e-17 	1 	1
-0.657893 	0.9999 	-2.85724e-17 	1 	1
-0.656754 	0.9999 	-2.89194e-17 	1 	1
-0.655617 	0.9999 	-2.89194e-17 	1 	1
-0.654482 	0.9999 	-2.89194e-17 	1 	1
-0.653349 	0.9999 	-2.75316e-17 	1 	1
-0.652217 	0.9999 	-2.75316e-17 	1 	1
-0.651088 	0.9999 	-2.75316e-17 	1 	1
-0.649961 	0.9999 	-2.61438e-17 	1 	1
-0.648835 	0.9999 	-2.61438e-17 	1 	1
-0.647712 	0.9999 	-2.30213e-17 	1 	1
-0.64659 	0.9999 	-2.02457e-17 	1 	1
-0.645471 	0.9999 	-1.92049e-17 	1 	1
-0.644353 	0.9999 	-1.78171e-17 	1 	1
-0.643237 	0.9999 	-1.78171e-17 	1 	1
-0.642124 	0.9999 	-1.78171e-17 	1 	1
-0.641012 	0.9999 	-1.78171e-17 	1 	1
-0.639902 	0.9999 	-1.95518e-17 	1 	1
-0.638794 	0.9999 	-1.95518e-17 	1 	1
-0.637688 	0.9999 	-1.78171e-17 	1 	1
-0.636584 	0.9999 	-1.78171e-17 	1 	1
-0.635482 	0.9999 	-1.78171e-17 	1 	1
-0.634382 	0.9999 	-1.78171e-17 	1 	1
-0.633283 	0.9999 	-1.46946e-17 	1 	1
-0.632187 	0.9999 	-1.33068e-17 	1 	1
-0.631092 	0.9999 	-1.50416e-17 	1 	1
-0.63 	0.9999 	-1.50416e-17 	1 	1
-0.628909 	0.9999 	-1.50416e-17 	1 	1
-0.62782 	0.9999 	-1.50416e-17 	1 	1
-0.626733 	0.9999 	-1.50416e-17 	1 	1
-0.625648 	0.9999 	-1.50416e-17 	1 	1
-0.624565 	0.9999 	-1.33068e-17 	1 	1
-0.623483 	0.9999 	-1.15721e-17 	1 	1
-0.622404 	0.9999 	-1.15721e-17 	1 	1
-0.621326 	0.9999 	-1.15721e-17 	1 	1
-0.620251 	0.9999 	-1.15721e-17 	1 	1
-0.619177 	0.9999 	-1.15721e-17 	1 	1
-0.618105 	0.9999 	-1.33068e-17 	1 	1
-0.617035 	0.9999 	-1.50416e-17 	1 	1
-0.615967 	0.9999 	-1.50416e-17 	1 	1
-0.6149 	0.9999 	-1.64293e-17 	1 	1
-0.613836 	0.9999 	-1.78171e-17 	1 	1
-0.612773 	0.9999 	-1.60824e-17 	1 	1
-0.611712 	0.9999 	-1.43477e-17 	1 	1
-0.610653 	0.9999 	-1.43477e-17 	1 	1
-0.609596 	0.9999 	-1.46946e-17 	1 	1
-0.608541 	0.9999 	-1.50416e-17 	1 	1
-0.607487 	0.9999 	-1.50416e-17 	1 	1
-0.606435 	0.9999 	-1.50416e-17 	1 	1
-0.605386 	0.9999 	-1.33068e-17 	1 	1
-0.604338 	0.9999 	-1.15721e-17 	1 	1
-0.603291 	0.9999 	-1.15721e-17 	1 	1
-0.602247 	0.9999 	-1.15721e-17 	1 	1
-0.601204 	0.9999 	-1.15721e-17 	1 	1
-0.600164 	0.9999 	-1.15721e-17 	1 	1
-0.599125 	0.9999 	-1.15721e-17 	1 	1
-0.598087 	0.9999 	-1.15721e-17 	1 	1
-0.597052 	0.9999 	-1.15721e-17 	1 	1
-0.596019 	0.9999 	-1.15721e-17 	1 	1
-0.594987 	0.9999 	-1.33068e-17 	1 	1
-0.593957 	0.9999 	-1.33068e-17 	1 	1
-0.592929 	0.9999 	-1.15721e-17 	1 	1
-0.591902 	0.9999 	-1.15721e-17 	1 	1
-0.590878 	0.9999 	-1.15721e-17 	1 	1
-0.589855 	0.9999 	-9.8374e-18 	1 	1
-0.588834 	0.9999 	-6.71489e-18 	1 	1
-0.587814 	0.9999 	-5.32712e-18 	1 	1
-0.586797 	0.9999 	-3.59239e-18 	1 	1
-0.585781 	0.9999 	-1.85767e-18 	1 	1
-0.584767 	0.9999 	-1.85767e-18 	1 	1
-0.583755 	0.9999 	-1.85767e-18 	1 	1
-0.582744 	0.9999 	-1.85767e-18 	1 	1
-0.581736 	0.9999 	-4.6989e-19 	1 	1
-0.580729 	0.9999 	9.17889e-19 	1 	1
-0.579723 	0.9999 	9.17889e-19 	1 	1
-0.57872 	0.9999 	-4.6989e-19 	1 	1
-0.577718 	0.9999 	-1.85767e-18 	1 	1
-0.576718 	0.9999 	-3.24545e-18 	1 	1
-0.57572 	0.9999 	-4.63323e-18 	1 	1
-0.574723 	0.9999 	-4.63323e-18 	1 	1
-0.573729 	0.9999 	-4.63323e-18 	1 	1
-0.572736 	0.9999 	-2.8985e-18 	1 	1
-0.571744 	0.9999 	-1.16378e-18 	1 	1
-0.570755 	0.9999 	-2.8985e-18 	1 	1
-0.569767 	0.9999 	-4.63323e-18 	1 	1
-0.56878 	0.9999 	-4.63323e-18 	1 	1
-0.567796 	0.9999 	-4.63323e-18 	1 	1
-0.566813 	0.9999 	-6.36795e-18 	1 	1
-0.565832 	0.9999 	-6.36795e-18 	1 	1
-0.564853 	0.9999 	-4.63323e-18 	1 	1
-0.563875 	0.9999 	-6.36795e-18 	1 	1
-0.562899 	0.9999 	-9.8374e-18 	1 	1
-0.561925 	0.9999 	-1.15721e-17 	1 	1
-0.560952 	0.9999 	-1.46946e-17 	1 	1
-0.559981 	0.9999 	-1.78171e-17 	1 	1
-0.559012 	0.9999 	-1.78171e-17 	1 	1
-0.558045 	0.9999 	-1.78171e-17 	1 	1
-0.557079 	0.9999 	-1.78171e-17 	1 	1
-0.556114 	0.9999 	-1.78171e-17 	1 	1
-0.555152 	0.9999 	-1.60824e-17 	1 	1
-0.554191 	0.9999 	-1.43477e-17 	1 	1
-0.553232 	0.9999 	-1.2613e-17 	1 	1
-0.552274 	0.9999 	-1.2613e-17 	1 	1
-0.551319 	0.9999 	-1.43477e-17 	1 	1
-0.550364 	0.9999 	-1.43477e-17 	1 	1
-0.549412 	0.9999 	-1.2613e-17 	1 	1
-0.548461 	0.9999 	-1.08782e-17 	1 	1
-0.547512 	0.9999 	-1.08782e-17 	1 	1
-0.546564 	0.9999 	-1.08782e-17 	1 	1
-0.545618 	0.9999 	-9.14351e-18 	1 	1
-0.544674 	0.9999 	-7.40878e-18 	1 	1
-0.543731 	0.9999 	-7.40878e-18 	1 	1
-0.54279 	0.9999 	-7.40878e-18 	1 	1
-0.541851 	0.9999 	-6.02101e-18 	1 	1
-0.540913 	0.9999 	-4.63323e-18 	1 	1
-0.539977 	0.9999 	-2.8985e-18 	1 	1
-0.539043 	0.9999 	-1.16378e-18 	1 	1
-0.53811 	0.9999 	-1.16378e-18 	1 	1
-0.537179 	0.9999 	-1.16378e-18 	1 	1
-0.536249 	0.9999 	-1.16378e-18 	1 	1
-0.535321 	0.9999 	2.23999e-19 	1 	1
-0.534394 	0.9999 	1.61178e-18 	1 	1
-0.53347 	0.9999 	3.3465e-18 	1 	1
-0.532546 	0.9999 	3.3465e-18 	1 	1
-0.531625 	0.9999 	1.61178e-18 	1 	1
-0.530705 	0.9999 	2.99956e-18 	1 	1
-0.529786 	0.9999 	6.12206e-18 	1 	1
-0.52887 	0.9999 	7.85678e-18 	1 	1
-0.527954 	0.9999 	4.73428e-18 	1 	1
-0.527041 	0.9999 	3.3465e-18 	1 	1
-0.526129 	0.9999 	5.08123e-18 	1 	1
-0.525218 	0.9999 	5.08123e-18 	1 	1
-0.524309 	0.9999 	5.08123e-18 	1 	1
-0.523402 	0.9999 	5.08123e-18 	1 	1
-0.522496 	0.9999 	8.55067e-18 	1 	1
-0.521592 	0.9999 	1.02854e-17 	1 	1
-0.52069 	0.9999 	8.55067e-18 	1 	1
-0.519789 	0.9999 	8.55067e-18 	1 	1
-0.518889 	0.9999 	8.55067e-18 	1 	1
-0.517991 	0.9999 	8.55067e-18 	1 	1
-0.517095 	0.9999 	9.93845e-18 	1 	1
-0.5162 	0.9999 	9.59151e-18 	1 	1
-0.515307 	0.9999 	9.59151e-18 	1 	1
-0.514415 	0.9999 	1.13262e-17 	1 	1
-0.513525 	0.9999 	1.13262e-17 	1 	1
-0.512637 	0.9999 	1.13262e-17 	1 	1
-0.511749 	0.9999 	1.13262e-17 	1 	1
-0.510864 	0.9999 	1.13262e-17 	1 	1
-0.50998 	0.9999 	1.13262e-17 	1 	1
-0.509098 	0.9999 	8.20373e-18 	1 	1
-0.508217 	0.9999 	8.20373e-18 	1 	1
-0.507337 	0.9999 	1.13262e-17 	1 	1
-0.506459 	0.9999 	8.20373e-18 	1 	1
-0.505583 	0.9999 	6.81595e-18 	1 	1
-0.504708 	0.9999 	6.81595e-18 	1 	1
-0.503835 	0.9999 	5.08123e-18 	1 	1
-0.502963 	0.9999 	5.08123e-18 	1 	1
-0.502093 	0.9999 	4.73428e-18 	1 	1
-0.501224 	0.9999 	4.38734e-18 	1 	1
-0.500357 	0.9999 	4.73428e-18 	1 	1
-0.499298 	0.9999 	4.0404e-18 	1 	1
-0.498047 	0.9999 	4.38735e-18 	1 	1
-0.496796 	0.9999 	3.69348e-18 	1 	1
-0.495545 	0.9999 	2.30571e-18 	1 	1
-0.494294 	0.9999 	2.65267e-18 	1 	1
-0.493043 	0.9999 	9.17955e-19 	1 	1
-0.491792 	0.9999 	5.71022e-19 	1 	1
-0.49054 	0.9999 	2.6527e-18 	1 	1
-0.489289 	0.9999 	1.95882e-18 	1 	1
-0.488038 	0.9999 	1.95884e-18 	1 	1
-0.486787 	0.9999 	3.69357e-18 	1 	1
-0.485536 	0.9999 	2.30581e-18 	1 	1
-0.484285 	0.9999 	5.71094e-19 	1 	1
-0.483034 	0.9999 	-2.20445e-18 	1 	1
-0.481783 	0.9999 	-3.93916e-18 	1 	1
-0.480532 	0.9999 	-5.32693e-18 	1 	1
-0.47928 	0.9999 	-5.32692e-18 	1 	1
-0.478029 	0.9999 	-2.2044e-18 	1 	1
-0.476778 	0.9999 	-4.633e-18 	1 	1
-0.475527 	0.9999 	-7.75549e-18 	1 	1
-0.474276 	0.9999 	-7.75548e-18 	1 	1
-0.473025 	0.9999 	-8.7963e-18 	1 	1
-0.471774 	0.9999 	-8.1024e-18 	1 	1
-0.470523 	0.9999 	-7.75545e-18 	1 	1
-0.469271 	0.9999 	-7.75543e-18 	1 	1
-0.46802 	0.9999 	-6.0207e-18 	1 	1
-0.466769 	0.9999 	-7.75541e-18 	1 	1
-0.465518 	0.9999 	-8.10234e-18 	1 	1
-0.464267 	0.9999 	-7.40844e-18 	1 	1
-0.463016 	0.9999 	-7.06148e-18 	1 	1
-0.461765 	0.9999 	-4.9798e-18 	1 	1
-0.460514 	0.9999 	-3.93896e-18 	1 	1
-0.459263 	0.9999 	-4.63284e-18 	1 	1
-0.458011 	0.9999 	-2.8981e-18 	1 	1
-0.45676 	0.9999 	5.71359e-19 	1 	1
-0.455509 	0.9999 	2.24427e-19 	1 	1
-0.454258 	0.9999 	-1.16334e-18 	1 	1
-0.453007 	0.9999 	-1.51027e-18 	1 	1
-0.451756 	0.9999 	-1.51026e-18 	1 	1
-0.450505 	0.9999 	-3.24497e-18 	1 	1
-0.449254 	0.9999 	-6.02052e-18 	1 	1
-0.448002 	0.9999 	-7.75523e-18 	1 	1
-0.446751 	0.9999 	-6.36744e-18 	1 	1
-0.4455 	0.9999 	-5.32659e-18 	1 	1
-0.444249 	0.9999 	-4.28575e-18 	1 	1
-0.442998 	0.9999 	9.18437e-19 	1 	1
-0.441747 	0.9999 	1.61234e-18 	1 	1
-0.440496 	0.9999 	-8.16263e-19 	1 	1
-0.439245 	0.9999 	-2.20403e-18 	1 	1
-0.437993 	0.9999 	-2.55096e-18 	1 	1
-0.436742 	0.9999 	-2.55095e-18 	1 	1
-0.435491 	0.9999 	-3.24483e-18 	1 	1
-0.43424 	0.9999 	-3.59176e-18 	1 	1
-0.432989 	0.9999 	-6.36731e-18 	1 	1
-0.431738 	0.9999 	-6.02035e-18 	1 	1
-0.430487 	0.9999 	-4.9795e-18 	1 	1
-0.429236 	0.9999 	-5.32644e-18 	1 	1
-0.427985 	0.9999 	-6.02031e-18 	1 	1
-0.426733 	0.9999 	-9.1428e-18 	1 	1
-0.425482 	0.9999 	-1.05306e-17 	1 	1
-0.424231 	0.9999 	-1.01836e-17 	1 	1
-0.42298 	0.9999 	-7.40804e-18 	1 	1
-0.421729 	0.9999 	-6.02025e-18 	1 	1
-0.420478 	0.9999 	-6.71413e-18 	1 	1
-0.419227 	0.9999 	-8.1019e-18 	1 	1
-0.417976 	0.9999 	-1.01836e-17 	1 	1
-0.416724 	0.9999 	-9.48965e-18 	1 	1
-0.415473 	0.9999 	-9.48964e-18 	1 	1
-0.414222 	0.9999 	-1.12243e-17 	1 	1
-0.412971 	0.9999 	-1.22652e-17 	1 	1
-0.41172 	0.9999 	-1.12243e-17 	1 	1
-0.410469 	0.9999 	-9.83653e-18 	1 	1
-0.409218 	0.9999 	-9.14263e-18 	1 	1
-0.407967 	0.9999 	-9.48957e-18 	1 	1
-0.406716 	0.9999 	-9.8365e-18 	1 	1
-0.405464 	0.9999 	-1.12243e-17 	1 	1
-0.404213 	0.9999 	-1.19181e-17 	1 	1
-0.402962 	0.9999 	-1.19181e-17 	1 	1
-0.401711 	0.9999 	-1.33059e-17 	1 	1
-0.40046 	0.9999 	-1.46937e-17 	1 	1
-0.399209 	0.9999 	-1.39998e-17 	1 	1
-0.397958 	0.9999 	-9.48947e-18 	1 	1
-0.396707 	0.9999 	-4.97918e-18 	1 	1
-0.395455 	0.9999 	-2.8975e-18 	1 	1
-0.394204 	0.9999 	-2.20359e-18 	1 	1
-0.392953 	0.9999 	-1.50969e-18 	1 	1
-0.391702 	0.9999 	2.30671e-18 	1 	1
-0.390451 	0.9999 	5.42923e-18 	1 	1
-0.3892 	0.9999 	5.77618e-18 	1 	1
-0.387949 	0.9999 	6.47008e-18 	1 	1
-0.386698 	0.9999 	5.77621e-18 	1 	1
-0.385447 	0.9999 	5.42927e-18 	1 	1
-0.384195 	0.9999 	7.51095e-18 	1 	1
-0.382944 	0.9999 	1.06335e-17 	1 	1
-0.381693 	0.9999 	1.16743e-17 	1 	1
-0.380442 	0.9999 	1.23682e-17 	1 	1
-0.379191 	0.9999 	1.4103e-17 	1 	1
-0.37794 	0.9999 	1.47969e-17 	1 	1
-0.376689 	0.9999 	1.34091e-17 	1 	1
-0.375438 	0.9999 	1.23683e-17 	1 	1
-0.374186 	0.9999 	1.02866e-17 	1 	1
-0.372935 	0.9999 	1.13275e-17 	1 	1
-0.371684 	0.9999 	1.445e-17 	1 	1
-0.370433 	0.9999 	1.58378e-17 	1 	1
-0.369182 	0.9999 	1.68786e-17 	1 	1
-0.367931 	0.9999 	1.58378e-17 	1 	1
-0.36668 	0.9999 	1.82664e-17 	1 	1
-0.365429 	0.9999 	2.34706e-17 	1 	1
-0.364178 	0.9999 	2.58992e-17 	1 	1
-0.362926 	0.9999 	2.58992e-17 	1 	1
-0.361675 	0.9999 	2.7287e-17 	1 	1
-0.360424 	0.9999 	2.79809e-17 	1 	1
-0.359173 	0.9999 	2.7634e-17 	1 	1
-0.357922 	0.9999 	2.93687e-17 	1 	1
-0.356671 	0.9999 	3.07565e-17 	1 	1
-0.35542 	0.9999 	3.00626e-17 	1 	1
-0.354169 	0.9999 	3.00627e-17 	1 	1
-0.352917 	0.9999 	3.21443e-17 	1 	1
-0.351666 	0.9999 	3.31852e-17 	1 	1
-0.350415 	0.9999 	3.14505e-17 	1 	1
-0.349164 	0.9999 	3.11035e-17 	1 	1
-0.347913 	0.9999 	3.17974e-17 	1 	1
-0.346662 	0.9999 	3.00627e-17 	1 	1
-0.345411 	0.9999 	2.90219e-17 	1 	1
-0.34416 	0.9999 	3.04097e-17 	1 	1
-0.342908 	0.9999 	3.04097e-17 	1 	1
-0.341657 	0.9999 	3.04097e-17 	1 	1
-0.340406 	0.9999 	3.42261e-17 	1 	1
-0.339155 	0.9999 	3.70017e-17 	1 	1
-0.337904 	0.9999 	3.63078e-17 	1 	1
-0.336653 	0.9999 	3.56139e-17 	1 	1
-0.335402 	0.9999 	3.35323e-17 	1 	1
-0.334151 	0.9999 	3.17976e-17 	1 	1
-0.3329 	0.9999 	3.11037e-17 	1 	1
-0.331648 	0.9999 	3.00629e-17 	1 	1
-0.330397 	0.9999 	3.04098e-17 	1 	1
-0.329146 	0.9999 	3.07568e-17 	1 	1
-0.327895 	0.9999 	3.21446e-17 	1 	1
-0.326644 	0.9999 	3.35324e-17 	1 	1
-0.325393 	0.9999 	3.42263e-17 	1 	1
-0.324142 	0.9999 	3.35324e-17 	1 	1
-0.322891 	0.9999 	3.21446e-17 	1 	1
-0.321639 	0.9999 	3.21446e-17 	1 	1
-0.320388 	0.9999 	3.31855e-17 	1 	1
-0.319137 	0.9999 	3.49202e-17 	1 	1
-0.317886 	0.9999 	3.6308e-17 	1 	1
-0.316635 	0.9999 	3.56141e-17 	1 	1
-0.315384 	0.9999 	3.6308e-17 	1 	1
-0.314133 	0.9999 	3.80428e-17 	1 	1
-0.312882 	0.9999 	3.73489e-17 	1 	1
-0.311631 	0.9999 	3.7002e-17 	1 	1
-0.310379 	0.9999 	3.80428e-17 	1 	1
-0.309128 	0.9999 	3.90837e-17 	1 	1
-0.307877 	0.9999 	3.97776e-17 	1 	1
-0.306626 	0.9999 	4.01245e-17 	1 	1
-0.305375 	0.9999 	4.04715e-17 	1 	1
-0.304124 	0.9999 	4.11654e-17 	1 	1
-0.302873 	0.9999 	4.18593e-17 	1 	1
-0.301622 	0.9999 	4.29001e-17 	1 	1
-0.30037 	0.9999 	4.29001e-17 	1 	1
-0.299119 	0.9999 	4.22063e-17 	1 	1
-0.297868 	0.9999 	4.32471e-17 	1 	1
-0.296617 	0.9999 	4.3941e-17 	1 	1
-0.295366 	0.9999 	4.4288e-17 	1 	1
-0.294115 	0.9999 	4.63696e-17 	1 	1
-0.292864 	0.9999 	4.46349e-17 	1 	1
-0.291613 	0.9999 	4.4288e-17 	1 	1
-0.290362 	0.9999 	4.63697e-17 	1 	1
-0.28911 	0.9999 	4.53289e-17 	1 	1
-0.287859 	0.9999 	4.56758e-17 	1 	1
-0.286608 	0.9999 	4.49819e-17 	1 	1
-0.285357 	0.9999 	4.42881e-17 	1 	1
-0.284106 	0.9999 	4.53289e-17 	1 	1
-0.282855 	0.9999 	4.4635e-17 	1 	1
-0.281604 	0.9999 	4.56759e-17 	1 	1
-0.280353 	0.9999 	4.81045e-17 	1 	1
-0.279101 	0.9999 	4.87984e-17 	1 	1
-0.27785 	0.9999 	4.98392e-17 	1 	1
-0.276599 	0.9999 	5.08801e-17 	1 	1
-0.275348 	0.9999 	5.05332e-17 	1 	1
-0.274097 	0.9999 	4.91454e-17 	1 	1
-0.272846 	0.9999 	4.84515e-17 	1 	1
-0.271595 	0.9999 	4.94924e-17 	1 	1
-0.270344 	0.9999 	5.12271e-17 	1 	1
-0.269093 	0.9999 	5.22679e-17 	1 	1
-0.267841 	0.9999 	5.12271e-17 	1 	1
-0.26659 	0.9999 	5.08802e-17 	1 	1
-0.265339 	0.9999 	5.1921e-17 	1 	1
-0.264088 	0.9999 	5.08802e-17 	1 	1
-0.262837 	0.9999 	5.01863e-17 	1 	1
-0.261586 	0.9999 	5.08802e-17 	1 	1
-0.260335 	0.9999 	5.12272e-17 	1 	1
-0.259084 	0.9999 	5.08803e-17 	1 	1
-0.257832 	0.9999 	4.98394e-17 	1 	1
-0.256581 	0.9999 	4.87986e-17 	1 	1
-0.25533 	0.9999 	4.77578e-17 	1 	1
-0.254079 	0.9999 	4.74109e-17 	1 	1
-0.252828 	0.9999 	4.87987e-17 	1 	1
-0.251577 	0.9999 	4.94926e-17 	1 	1
-0.250326 	0.9999 	4.91456e-17 	1 	1
-0.249075 	0.9999 	4.87987e-17 	1 	1
-0.247824 	0.9999 	4.81048e-17 	1 	1
-0.246572 	0.9999 	4.84518e-17 	1 	1
-0.245321 	0.9999 	5.01865e-17 	1 	1
-0.24407 	0.9999 	5.12274e-17 	1 	1
-0.242819 	0.9999 	5.12274e-17 	1 	1
-0.241568 	0.9999 	5.19213e-17 	1 	1
-0.240317 	0.9999 	5.19213e-17 	1 	1
-0.239066 	0.9999 	4.87988e-17 	1 	1
-0.237815 	0.9999 	4.56763e-17 	1 	1
-0.236563 	0.9999 	4.56763e-17 	1 	1
-0.235312 	0.9999 	4.60233e-17 	1 	1
-0.234061 	0.9999 	4.56763e-17 	1 	1
-0.23281 	0.9999 	4.35947e-17 	1 	1
-0.231559 	0.9999 	4.35947e-17 	1 	1
-0.230308 	0.9999 	4.49825e-17 	1 	1
-0.229057 	0.9999 	4.53294e-17 	1 	1
-0.227806 	0.9999 	4.53295e-17 	1 	1
-0.226554 	0.9999 	4.39417e-17 	1 	1
-0.225303 	0.9999 	4.35948e-17 	1 	1
-0.224052 	0.9999 	4.32478e-17 	1 	1
-0.222801 	0.9999 	4.18601e-17 	1 	1
-0.22155 	0.9999 	4.04723e-17 	1 	1
-0.220299 	0.9999 	3.87376e-17 	1 	1
-0.219048 	0.9999 	3.70029e-17 	1 	1
-0.217797 	0.9999 	3.80437e-17 	1 	1
-0.216546 	0.9999 	3.80437e-17 	1 	1
-0.215294 	0.9999 	3.73498e-17 	1 	1
-0.214043 	0.9999 	3.70029e-17 	1 	1
-0.212792 	0.9999 	3.80438e-17 	1 	1
-0.211541 	0.9999 	3.83907e-17 	1 	1
-0.21029 	0.9999 	3.6656e-17 	1 	1
-0.209039 	0.9999 	3.73499e-17 	1 	1
-0.207788 	0.9999 	3.7003e-17 	1 	1
-0.206537 	0.9999 	3.6656e-17 	1 	1
-0.205285 	0.9999 	3.80438e-17 	1 	1
-0.204034 	0.9999 	3.80438e-17 	1 	1
-0.202783 	0.9999 	3.56152e-17 	1 	1
-0.201532 	0.9999 	3.38805e-17 	1 	1
-0.200281 	0.9999 	3.42275e-17 	1 	1
-0.19903 	0.9999 	3.56153e-17 	1 	1
-0.197779 	0.9999 	3.52684e-17 	1 	1
-0.196528 	0.9999 	3.49214e-17 	1 	1
-0.195277 	0.9999 	3.59623e-17 	1 	1
-0.194025 	0.9999 	3.66562e-17 	1 	1
-0.192774 	0.9999 	3.63092e-17 	1 	1
-0.191523 	0.9999 	3.52684e-17 	1 	1
-0.190272 	0.9999 	3.28398e-17 	1 	1
-0.189021 	0.9999 	3.11051e-17 	1 	1
-0.18777 	0.9999 	3.42276e-17 	1 	1
-0.186519 	0.9999 	3.56154e-17 	1 	1
-0.185268 	0.9999 	3.49215e-17 	1 	1
-0.184016 	0.9999 	3.56154e-17 	1 	1
-0.182765 	0.9999 	3.49216e-17 	1 	1
-0.181514 	0.9999 	3.52685e-17 	1 	1
-0.180263 	0.9999 	3.59624e-17 	1 	1
-0.179012 	0.9999 	3.73502e-17 	1 	1
-0.177761 	0.9999 	3.83911e-17 	1 	1
-0.17651 	0.9999 	3.76972e-17 	1 	1
-0.175259 	0.9999 	3.70033e-17 	1 	1
-0.174008 	0.9999 	3.63094e-17 	1 	1
-0.172756 	0.9999 	3.73503e-17 	1 	1
-0.171505 	0.9999 	3.80442e-17 	1 	1
-0.170254 	0.9999 	3.9085e-17 	1 	1
-0.169003 	0.9999 	3.9432e-17 	1 	1
-0.167752 	0.9999 	3.80442e-17 	1 	1
-0.166501 	0.9999 	3.87381e-17 	1 	1
-0.16525 	0.9999 	4.22076e-17 	1 	1
-0.163999 	0.9999 	4.46362e-17 	1 	1
-0.162747 	0.9999 	4.5677e-17 	1 	1
-0.161496 	0.9999 	4.49832e-17 	1 	1
-0.160245 	0.9999 	4.32485e-17 	1 	1
-0.158994 	0.9999 	4.29015e-17 	1 	1
-0.157743 	0.9999 	4.39424e-17 	1 	1
-0.156492 	0.9999 	4.42893e-17 	1 	1
-0.155241 	0.9999 	4.29016e-17 	1 	1
-0.15399 	0.9999 	4.22077e-17 	1 	1
-0.152739 	0.9999 	4.39424e-17 	1 	1
-0.151487 	0.9999 	4.53302e-17 	1 	1
-0.150236 	0.9999 	4.49833e-17 	1 	1
-0.148985 	0.9999 	4.25547e-17 	1 	1
-0.147734 	0.9999 	4.0473e-17 	1 	1
-0.146483 	0.9999 	4.01261e-17 	1 	1
-0.145232 	0.9999 	3.94322e-17 	1 	1
-0.143981 	0.9999 	3.83914e-17 	1 	1
-0.14273 	0.9999 	3.70036e-17 	1 	1
-0.141478 	0.9999 	3.59628e-17 	1 	1
-0.140227 	0.9999 	3.4575e-17 	1 	1
-0.138976 	0.9999 	3.4575e-17 	1 	1
-0.137725 	0.9999 	3.76976e-17 	1 	1
-0.136474 	0.9999 	3.97792e-17 	1 	1
-0.135223 	0.9999 	3.90854e-17 	1 	1
-0.133972 	0.9999 	3.70037e-17 	1 	1
-0.132721 	0.9999 	3.59629e-17 	1 	1
-0.13147 	0.9999 	3.66568e-17 	1 	1
-0.130218 	0.9999 	3.63099e-17 	1 	1
-0.128967 	0.9999 	3.45751e-17 	1 	1
-0.127716 	0.9999 	3.45752e-17 	1 	1
-0.126465 	0.9999 	3.66568e-17 	1 	1
-0.125214 	0.9999 	3.5963e-17 	1 	1
-0.123963 	0.9999 	3.5616e-17 	1 	1
-0.122712 	0.9999 	3.73508e-17 	1 	1
-0.121461 	0.9999 	3.83916e-17 	1 	1
-0.120209 	0.9999 	3.87386e-17 	1 	1
-0.118958 	0.9999 	3.80447e-17 	1 	1
-0.117707 	0.9999 	3.80447e-17 	1 	1
-0.116456 	0.9999 	3.73508e-17 	1 	1
-0.115205 	0.9999 	3.631e-17 	1 	1
-0.113954 	0.9999 	3.59631e-17 	1 	1
-0.112703 	0.9999 	3.31875e-17 	1 	1
-0.111452 	0.9999 	3.17998e-17 	1 	1
-0.1102 	0.9999 	3.17998e-17 	1 	1
-0.108949 	0.9999 	3.24937e-17 	1 	1
-0.107698 	0.9999 	3.28406e-17 	1 	1
-0.106447 	0.9999 	3.28406e-17 	1 	1
-0.105196 	0.9999 	3.28407e-17 	1 	1
-0.103945 	0.9999 	3.24937e-17 	1 	1
-0.102694 	0.9999 	3.17998e-17 	1 	1
-0.101443 	0.9999 	3.0759e-17 	1 	1
-0.100192 	0.9999 	3.1106e-17 	1 	1
-0.0989404 	0.9999 	3.24938e-17 	1 	1
-0.0976893 	0.9999 	3.21468e-17 	1 	1
-0.0964382 	0.9999 	3.21469e-17 	1 	1
-0.0951871 	0.9999 	3.24938e-17 	1 	1
-0.093936 	0.9999 	3.04122e-17 	1 	1
-0.0926848 	0.9999 	3.00652e-17 	1 	1
-0.0914337 	0.9999 	3.1453e-17 	1 	1
-0.0901826 	0.9999 	3.1453e-17 	1 	1
-0.0889315 	0.9999 	3.1453e-17 	1 	1
-0.0876804 	0.9999 	3.31878e-17 	1 	1
-0.0864292 	0.9999 	3.49225e-17 	1 	1
-0.0851781 	0.9999 	3.56164e-17 	1 	1
-0.083927 	0.9999 	3.76981e-17 	1 	1
-0.0826759 	0.9999 	3.94328e-17 	1 	1
-0.0814248 	0.9999 	4.01267e-17 	1 	1
-0.0801737 	0.9999 	4.15145e-17 	1 	1
-0.0789225 	0.9999 	4.42901e-17 	1 	1
-0.0776714 	0.9999 	4.70657e-17 	1 	1
-0.0764203 	0.9999 	4.70657e-17 	1 	1
-0.0751692 	0.9999 	4.74126e-17 	1 	1
-0.0739181 	0.9999 	4.81065e-17 	1 	1
-0.0726669 	0.9999 	4.94943e-17 	1 	1
-0.0714158 	0.9999 	5.05352e-17 	1 	1
-0.0701647 	0.9999 	4.91474e-17 	1 	1
-0.0689136 	0.9999 	4.74127e-17 	1 	1
-0.0676625 	0.9999 	4.88005e-17 	1 	1
-0.0664114 	0.9999 	5.05352e-17 	1 	1
-0.0651602 	0.9999 	5.05352e-17 	1 	1
-0.0639091 	0.9999 	5.08822e-17 	1 	1
-0.062658 	0.9999 	5.01883e-17 	1 	1
-0.0614069 	0.9999 	5.05353e-17 	1 	1
-0.0601558 	0.9999 	5.15761e-17 	1 	1
-0.0589046 	0.9999 	5.19231e-17 	1 	1
-0.0576535 	0.9999 	5.19231e-17 	1 	1
-0.0564024 	0.9999 	5.227e-17 	1 	1
-0.0551513 	0.9999 	5.22701e-17 	1 	1
-0.0539002 	0.9999 	5.22701e-17 	1 	1
-0.0526491 	0.9999 	5.08823e-17 	1 	1
-0.0513979 	0.9999 	5.01884e-17 	1 	1
-0.0501468 	0.9999 	5.12293e-17 	1 	1
-0.0488957 	0.9999 	5.12293e-17 	1 	1
-0.0476446 	0.9999 	5.19232e-17 	1 	1
-0.0463935 	0.9999 	5.22701e-17 	1 	1
-0.0451423 	0.9999 	5.19232e-17 	1 	1
-0.0438912 	0.9999 	5.29641e-17 	1 	1
-0.0426401 	0.9999 	5.3658e-17 	1 	1
-0.041389 	0.9999 	5.12294e-17 	1 	1
-0.0401379 	0.9999 	5.01885e-17 	1 	1
-0.0388868 	0.9999 	5.05355e-17 	1 	1
-0.0376356 	0.9999 	4.94947e-17 	1 	1
-0.0363845 	0.9999 	4.91477e-17 	1 	1
-0.0351334 	0.9999 	5.01886e-17 	1 	1
-0.0338823 	0.9999 	5.01886e-17 	1 	1
-0.0326312 	0.9999 	4.91478e-17 	1 	1
-0.03138 	0.9999 	5.05356e-17 	1 	1
-0.0301289 	0.9999 	5.08825e-17 	1 	1
-0.0288778 	0.9999 	4.84539e-17 	1 	1
-0.0276267 	0.9999 	4.88009e-17 	1 	1
-0.0263756 	0.9999 	5.01887e-17 	1 	1
-0.0251244 	0.9999 	5.05356e-17 	1 	1
-0.0238733 	0.9999 	5.01887e-17 	1 	1
-0.0226222 	0.9999 	4.94948e-17 	1 	1
-0.0213711 	0.9999 	4.88009e-17 	1 	1
-0.02012 	0.9999 	4.74132e-17 	1 	1
-0.0188689 	0.9999 	4.70662e-17 	1 	1
-0.0176177 	0.9999 	4.63724e-17 	1 	1
-0.0163666 	0.9999 	4.56785e-17 	1 	1
-0.0151155 	0.9999 	4.60255e-17 	1 	1
-0.0138644 	0.9999 	4.49846e-17 	1 	1
-0.0126133 	0.9999 	4.42908e-17 	1 	1
-0.0113621 	0.9999 	4.2556e-17 	1 	1
-0.010111 	0.9999 	4.15152e-17 	1 	1
-0.00885991 	0.9999 	4.325e-17 	1 	1
-0.00760879 	0.9999 	4.325e-17 	1 	1
-0.00635767 	0.9999 	4.11683e-17 	1 	1
-0.00510656 	0.9999 	4.01275e-17 	1 	1
-0.00385544 	0.9999 	3.97806e-17 	1 	1
-0.00260432 	0.9999 	3.97806e-17 	1 	1
-0.0013532 	0.9999 	4.04745e-17 	1 	1
-0.000102083 	0.9999 	4.11684e-17 	1 	1
0.00114773 	0.9999 	4.04745e-17 	1 	1
0.00239623 	0.9999 	3.94336e-17 	1 	1
0.00364473 	0.9999 	3.80458e-17 	1 	1
0.00489323 	0.9999 	3.7005e-17 	1 	1
0.00614173 	0.9999 	3.90866e-17 	1 	1
0.00739023 	0.9999 	3.76988e-17 	1 	1
0.00863873 	0.9999 	3.59641e-17 	1 	1
0.00988723 	0.9999 	3.87396e-17 	1 	1
0.0111357 	0.9999 	4.04743e-17 	1 	1
0.0123842 	0.9999 	3.94334e-17 	1 	1
0.0136327 	0.9999 	3.90865e-17 	1 	1
0.0148812 	0.9999 	3.90865e-17 	1 	1
0.0161297 	0.9999 	3.73517e-17 	1 	1
0.0173782 	0.9999 	3.5617e-17 	1 	1
0.0186267 	0.9999 	3.4923e-17 	1 	1
0.0198752 	0.9999 	3.66577e-17 	1 	1
0.0211237 	0.9999 	3.87394e-17 	1 	1
0.0223722 	0.9999 	3.66577e-17 	1 	1
0.0236207 	0.9999 	3.4576e-17 	1 	1
0.0248692 	0.9999 	3.4229e-17 	1 	1
0.0261177 	0.9999 	3.35351e-17 	1 	1
0.0273662 	0.9999 	3.52698e-17 	1 	1
0.0286147 	0.9999 	3.83923e-17 	1 	1
0.0298632 	0.9999 	3.94331e-17 	1 	1
0.0311117 	0.9999 	3.94331e-17 	1 	1
0.0323602 	0.9999 	3.978e-17 	1 	1
0.0336088 	0.9999 	3.94331e-17 	1 	1
0.0348573 	0.9999 	3.83922e-17 	1 	1
0.0361058 	0.9999 	3.80452e-17 	1 	1
0.0373543 	0.9999 	3.9086e-17 	1 	1
0.0386028 	0.9999 	3.87391e-17 	1 	1
0.0398513 	0.9999 	3.87391e-17 	1 	1
0.0410998 	0.9999 	3.8739e-17 	1 	1
0.0423483 	0.9999 	3.97798e-17 	1 	1
0.0435968 	0.9999 	4.25554e-17 	1 	1
0.0448453 	0.9999 	4.35962e-17 	1 	1
0.0460938 	0.9999 	4.53309e-17 	1 	1
0.0473423 	0.9999 	4.53309e-17 	1 	1
0.0485908 	0.9999 	4.4637e-17 	1 	1
0.0498393 	0.9999 	4.56778e-17 	1 	1
0.0510878 	0.9999 	4.77594e-17 	1 	1
0.0523363 	0.9999 	5.0188e-17 	1 	1
0.0535848 	0.9999 	5.15758e-17 	1 	1
0.0548333 	0.9999 	5.33105e-17 	1 	1
0.0560818 	0.9999 	5.33104e-17 	1 	1
0.0573303 	0.9999 	5.29635e-17 	1 	1
0.0585788 	0.9999 	5.12287e-17 	1 	1
0.0598273 	0.9999 	4.9147e-17 	1 	1
0.0610758 	0.9999 	4.9147e-17 	1 	1
0.0623243 	0.9999 	4.9147e-17 	1 	1
0.0635728 	0.9999 	4.94939e-17 	1 	1
0.0648213 	0.9999 	4.98408e-17 	1 	1
0.0660698 	0.9999 	5.05347e-17 	1 	1
0.0673183 	0.9999 	5.15755e-17 	1 	1
0.0685668 	0.9999 	5.15755e-17 	1 	1
0.0698153 	0.9999 	5.12285e-17 	1 	1
0.0710638 	0.9999 	5.19224e-17 	1 	1
0.0723123 	0.9999 	5.22693e-17 	1 	1
0.0735608 	0.9999 	5.05346e-17 	1 	1
0.0748093 	0.9999 	5.05345e-17 	1 	1
0.0760578 	0.9999 	5.15754e-17 	1 	1
0.0773063 	0.9999 	5.19223e-17 	1 	1
0.0785548 	0.9999 	5.29631e-17 	1 	1
0.0798033 	0.9999 	5.40039e-17 	1 	1
0.0810518 	0.9999 	5.50447e-17 	1 	1
0.0823003 	0.9999 	5.43508e-17 	1 	1
0.0835488 	0.9999 	5.40038e-17 	1 	1
0.0847973 	0.9999 	5.33099e-17 	1 	1
0.0860458 	0.9999 	5.15752e-17 	1 	1
0.0872943 	0.9999 	5.01874e-17 	1 	1
0.0885428 	0.9999 	4.98404e-17 	1 	1
0.0897913 	0.9999 	4.94934e-17 	1 	1
0.0910398 	0.9999 	4.84526e-17 	1 	1
0.0922883 	0.9999 	5.01873e-17 	1 	1
0.0935368 	0.9999 	5.1922e-17 	1 	1
0.0947853 	0.9999 	5.05342e-17 	1 	1
0.0960338 	0.9999 	4.94933e-17 	1 	1
0.0972823 	0.9999 	5.01872e-17 	1 	1
0.0985308 	0.9999 	5.08811e-17 	1 	1
0.0997793 	0.9999 	4.98402e-17 	1 	1
0.101028 	0.9999 	4.98402e-17 	1 	1
0.102276 	0.9999 	5.22688e-17 	1 	1
0.103525 	0.9999 	5.22687e-17 	1 	1
0.104773 	0.9999 	5.12279e-17 	1 	1
0.106022 	0.9999 	5.19218e-17 	1 	1
0.10727 	0.9999 	5.29626e-17 	1 	1
0.108519 	0.9999 	5.29625e-17 	1 	1
0.109767 	0.9999 	5.36564e-17 	1 	1
0.111016 	0.9999 	5.33094e-17 	1 	1
0.112264 	0.9999 	5.19216e-17 	1 	1
0.113513 	0.9999 	5.08808e-17 	1 	1
0.114761 	0.9999 	4.87991e-17 	1 	1
0.11601 	0.9999 	4.74113e-17 	1 	1
0.117258 	0.9999 	4.81052e-17 	1 	1
0.118507 	0.9999 	4.9146e-17 	1 	1
0.119755 	0.9999 	4.94929e-17 	1 	1
0.121004 	0.9999 	4.98398e-17 	1 	1
0.122252 	0.9999 	5.08806e-17 	1 	1
0.123501 	0.9999 	4.98398e-17 	1 	1
0.124749 	0.9999 	4.8105e-17 	1 	1
0.125998 	0.9999 	4.84519e-17 	1 	1
0.127246 	0.9999 	4.87989e-17 	1 	1
0.128495 	0.9999 	4.98397e-17 	1 	1
0.129743 	0.9999 	5.01866e-17 	1 	1
0.130992 	0.9999 	4.91457e-17 	1 	1
0.13224 	0.9999 	4.84518e-17 	1 	1
0.133489 	0.9999 	4.98396e-17 	1 	1
0.134737 	0.9999 	5.19212e-17 	1 	1
0.135986 	0.9999 	5.22682e-17 	1 	1
0.137234 	0.9999 	5.08804e-17 	1 	1
0.138483 	0.9999 	4.91456e-17 	1 	1
0.139731 	0.9999 	4.81048e-17 	1 	1
0.14098 	0.9999 	4.94925e-17 	1 	1
0.142228 	0.9999 	5.01864e-17 	1 	1
0.143477 	0.9999 	5.01864e-17 	1 	1
0.144725 	0.9999 	5.01863e-17 	1 	1
0.145974 	0.9999 	5.01863e-17 	1 	1
0.147222 	0.9999 	5.12271e-17 	1 	1
0.148471 	0.9999 	5.22679e-17 	1 	1
0.149719 	0.9999 	5.33088e-17 	1 	1
0.150968 	0.9999 	5.40026e-17 	1 	1
0.152216 	0.9999 	5.36557e-17 	1 	1
0.153465 	0.9999 	5.40026e-17 	1 	1
0.154713 	0.9999 	5.40026e-17 	1 	1
0.155962 	0.9999 	5.26147e-17 	1 	1
0.15721 	0.9999 	5.33086e-17 	1 	1
0.158459 	0.9999 	5.43494e-17 	1 	1
0.159707 	0.9999 	5.53902e-17 	1 	1
0.160956 	0.9999 	5.57372e-17 	1 	1
0.162204 	0.9999 	5.71249e-17 	1 	1
0.163453 	0.9999 	5.78188e-17 	1 	1
0.164701 	0.9999 	5.67779e-17 	1 	1
0.16595 	0.9999 	5.67779e-17 	1 	1
0.167198 	0.9999 	5.57371e-17 	1 	1
0.168447 	0.9999 	5.71248e-17 	1 	1
0.169695 	0.9999 	6.05942e-17 	1 	1
0.170944 	0.9999 	6.26759e-17 	1 	1
0.172192 	0.9999 	6.44106e-17 	1 	1
0.173441 	0.9999 	6.47575e-17 	1 	1
0.174689 	0.9999 	6.40636e-17 	1 	1
0.175938 	0.9999 	6.26758e-17 	1 	1
0.177186 	0.9999 	5.95533e-17 	1 	1
0.178435 	0.9999 	5.71246e-17 	1 	1
0.179683 	0.9999 	5.74716e-17 	1 	1
0.180932 	0.9999 	5.78185e-17 	1 	1
0.18218 	0.9999 	5.71246e-17 	1 	1
0.183429 	0.9999 	5.81654e-17 	1 	1
0.184677 	0.9999 	5.95531e-17 	1 	1
0.185926 	0.9999 	5.92062e-17 	1 	1
0.187174 	0.9999 	5.74714e-17 	1 	1
0.188423 	0.9999 	5.67775e-17 	1 	1
0.189671 	0.9999 	5.74714e-17 	1 	1
0.19092 	0.9999 	5.67775e-17 	1 	1
0.192168 	0.9999 	5.57366e-17 	1 	1
0.193417 	0.9999 	5.53896e-17 	1 	1
0.194665 	0.9999 	5.46957e-17 	1 	1
0.195914 	0.9999 	5.40018e-17 	1 	1
0.197162 	0.9999 	5.53896e-17 	1 	1
0.198411 	0.9999 	5.64304e-17 	1 	1
0.199659 	0.9999 	5.57365e-17 	1 	1
0.200908 	0.9999 	5.60834e-17 	1 	1
0.202156 	0.9999 	5.50425e-17 	1 	1
0.203405 	0.9999 	5.36547e-17 	1 	1
0.204653 	0.9999 	5.53894e-17 	1 	1
0.205902 	0.9999 	5.7818e-17 	1 	1
0.20715 	0.9999 	5.7818e-17 	1 	1
0.208399 	0.9999 	5.71241e-17 	1 	1
0.209647 	0.9999 	5.71241e-17 	1 	1
0.210896 	0.9999 	5.57363e-17 	1 	1
0.212144 	0.9999 	5.57363e-17 	1 	1
0.213393 	0.9999 	5.64301e-17 	1 	1
0.214641 	0.9999 	5.60832e-17 	1 	1
0.21589 	0.9999 	5.64301e-17 	1 	1
0.217138 	0.9999 	5.60831e-17 	1 	1
0.218387 	0.9999 	5.50423e-17 	1 	1
0.219635 	0.9999 	5.43483e-17 	1 	1
0.220884 	0.9999 	5.643e-17 	1 	1
0.222132 	0.9999 	5.67769e-17 	1 	1
0.223381 	0.9999 	5.40013e-17 	1 	1
0.224629 	0.9999 	5.33074e-17 	1 	1
0.225878 	0.9999 	5.29605e-17 	1 	1
0.227126 	0.9999 	5.29604e-17 	1 	1
0.228375 	0.9999 	5.40012e-17 	1 	1
0.229623 	0.9999 	5.43482e-17 	1 	1
0.230872 	0.9999 	5.46951e-17 	1 	1
0.23212 	0.9999 	5.57359e-17 	1 	1
0.233369 	0.9999 	5.5042e-17 	1 	1
0.234617 	0.9999 	5.22664e-17 	1 	1
0.235866 	0.9999 	4.98378e-17 	1 	1
0.237114 	0.9999 	4.94908e-17 	1 	1
0.238363 	0.9999 	5.05316e-17 	1 	1
0.239611 	0.9999 	4.94908e-17 	1 	1
0.24086 	0.9999 	4.94907e-17 	1 	1
0.242108 	0.9999 	4.98377e-17 	1 	1
0.243357 	0.9999 	4.94907e-17 	1 	1
0.244605 	0.9999 	5.08785e-17 	1 	1
0.245854 	0.9999 	5.26132e-17 	1 	1
0.247102 	0.9999 	5.40009e-17 	1 	1
0.248351 	0.9999 	5.36539e-17 	1 	1
0.249599 	0.9999 	5.296e-17 	1 	1
0.250848 	0.9999 	5.22661e-17 	1 	1
0.252096 	0.9999 	5.40008e-17 	1 	1
0.253345 	0.9999 	5.53886e-17 	1 	1
0.254593 	0.9999 	5.40008e-17 	1 	1
0.255842 	0.9999 	5.46946e-17 	1 	1
0.25709 	0.9999 	5.53885e-17 	1 	1
0.258339 	0.9999 	5.43477e-17 	1 	1
0.259587 	0.9999 	5.43476e-17 	1 	1
0.260836 	0.9999 	5.46946e-17 	1 	1
0.262084 	0.9999 	5.50415e-17 	1 	1
0.263333 	0.9999 	5.53884e-17 	1 	1
0.264581 	0.9999 	5.46945e-17 	1 	1
0.26583 	0.9999 	5.53884e-17 	1 	1
0.267078 	0.9999 	5.747e-17 	1 	1
0.268327 	0.9999 	5.7123e-17 	1 	1
0.269575 	0.9999 	5.50414e-17 	1 	1
0.270824 	0.9999 	5.46944e-17 	1 	1
0.272072 	0.9999 	5.53883e-17 	1 	1
0.273321 	0.9999 	5.81638e-17 	1 	1
0.274569 	0.9999 	5.98985e-17 	1 	1
0.275818 	0.9999 	5.81637e-17 	1 	1
0.277066 	0.9999 	5.74698e-17 	1 	1
0.278315 	0.9999 	5.71229e-17 	1 	1
0.279563 	0.9999 	5.78167e-17 	1 	1
0.280812 	0.9999 	5.78167e-17 	1 	1
0.28206 	0.9999 	5.81636e-17 	1 	1
0.283309 	0.9999 	6.12861e-17 	1 	1
0.284557 	0.9999 	6.23269e-17 	1 	1
0.285806 	0.9999 	6.33677e-17 	1 	1
0.287054 	0.9999 	6.37147e-17 	1 	1
0.288303 	0.9999 	6.30208e-17 	1 	1
0.289551 	0.9999 	6.26738e-17 	1 	1
0.2908 	0.9999 	6.23268e-17 	1 	1
0.292048 	0.9999 	6.33676e-17 	1 	1
0.293297 	0.9999 	6.30207e-17 	1 	1
0.294545 	0.9999 	6.02451e-17 	1 	1
0.295794 	0.9999 	5.67756e-17 	1 	1
0.297042 	0.9999 	5.4e-17 	1 	1
0.298291 	0.9999 	5.60817e-17 	1 	1
0.299539 	0.9999 	5.81633e-17 	1 	1
0.300788 	0.9999 	5.71225e-17 	1 	1
0.302036 	0.9999 	5.67755e-17 	1 	1
0.303285 	0.9999 	5.43469e-17 	1 	1
0.304533 	0.9999 	5.29591e-17 	1 	1
0.305782 	0.9999 	5.36529e-17 	1 	1
0.30703 	0.9999 	5.36529e-17 	1 	1
0.308279 	0.9999 	5.60815e-17 	1 	1
0.309527 	0.9999 	5.64284e-17 	1 	1
0.310776 	0.9999 	5.43467e-17 	1 	1
0.312024 	0.9999 	5.36528e-17 	1 	1
0.313273 	0.9999 	5.12242e-17 	1 	1
0.314521 	0.9999 	4.87956e-17 	1 	1
0.31577 	0.9999 	4.81017e-17 	1 	1
0.317018 	0.9999 	4.77547e-17 	1 	1
0.318267 	0.9999 	4.87955e-17 	1 	1
0.319515 	0.9999 	5.08771e-17 	1 	1
0.320764 	0.9999 	5.22649e-17 	1 	1
0.322012 	0.9999 	5.26118e-17 	1 	1
0.323261 	0.9999 	5.19179e-17 	1 	1
0.324509 	0.9999 	5.1224e-17 	1 	1
0.325758 	0.9999 	5.1224e-17 	1 	1
0.327006 	0.9999 	5.29587e-17 	1 	1
0.328255 	0.9999 	5.39995e-17 	1 	1
0.329503 	0.9999 	5.39995e-17 	1 	1
0.330752 	0.9999 	5.39995e-17 	1 	1
0.332 	0.9999 	5.33055e-17 	1 	1
0.333249 	0.9999 	5.12239e-17 	1 	1
0.334497 	0.9999 	4.91422e-17 	1 	1
0.335746 	0.9999 	5.0183e-17 	1 	1
0.336994 	0.9999 	5.15707e-17 	1 	1
0.338243 	0.9999 	4.9489e-17 	1 	1
0.339491 	0.9999 	4.91421e-17 	1 	1
0.34074 	0.9999 	5.05298e-17 	1 	1
0.341988 	0.9999 	5.12237e-17 	1 	1
0.343237 	0.9999 	5.33053e-17 	1 	1
0.344485 	0.9999 	5.39992e-17 	1 	1
0.345734 	0.9999 	5.5387e-17 	1 	1
0.346982 	0.9999 	5.85095e-17 	1 	1
0.348231 	0.9999 	5.85094e-17 	1 	1
0.349479 	0.9999 	5.98972e-17 	1 	1
0.350728 	0.9999 	6.05911e-17 	1 	1
0.351976 	0.9999 	5.92033e-17 	1 	1
0.353225 	0.9999 	5.95502e-17 	1 	1
0.354473 	0.9999 	5.85093e-17 	1 	1
0.355722 	0.9999 	5.71215e-17 	1 	1
0.35697 	0.9999 	5.50398e-17 	1 	1
0.358219 	0.9999 	5.29581e-17 	1 	1
0.359467 	0.9999 	5.26112e-17 	1 	1
0.360716 	0.9999 	5.46928e-17 	1 	1
0.361964 	0.9999 	5.60806e-17 	1 	1
0.363213 	0.9999 	5.53867e-17 	1 	1
0.364461 	0.9999 	5.60805e-17 	1 	1
0.36571 	0.9999 	5.46927e-17 	1 	1
0.366958 	0.9999 	5.33049e-17 	1 	1
0.368207 	0.9999 	5.2958e-17 	1 	1
0.369456 	0.9999 	5.2611e-17 	1 	1
0.370704 	0.9999 	5.29579e-17 	1 	1
0.371953 	0.9999 	5.19171e-17 	1 	1
0.373201 	0.9999 	5.01823e-17 	1 	1
0.37445 	0.9999 	4.94884e-17 	1 	1
0.375698 	0.9999 	5.08762e-17 	1 	1
0.376947 	0.9999 	5.33048e-17 	1 	1
0.378195 	0.9999 	5.60803e-17 	1 	1
0.379444 	0.9999 	5.57333e-17 	1 	1
0.380692 	0.9999 	5.50394e-17 	1 	1
0.381941 	0.9999 	5.50394e-17 	1 	1
0.383189 	0.9999 	5.60802e-17 	1 	1
0.384438 	0.9999 	5.78149e-17 	1 	1
0.385686 	0.9999 	5.7121e-17 	1 	1
0.386935 	0.9999 	5.6774e-17 	1 	1
0.388183 	0.9999 	5.60801e-17 	1 	1
0.389432 	0.9999 	5.43454e-17 	1 	1
0.39068 	0.9999 	5.26106e-17 	1 	1
0.391929 	0.9999 	5.22637e-17 	1 	1
0.393177 	0.9999 	5.33045e-17 	1 	1
0.394426 	0.9999 	5.15697e-17 	1 	1
0.395674 	0.9999 	4.9488e-17 	1 	1
0.396923 	0.9999 	5.01819e-17 	1 	1
0.398171 	0.9999 	5.19166e-17 	1 	1
0.39942 	0.9999 	5.22635e-17 	1 	1
0.400668 	0.9999 	5.12227e-17 	1 	1
0.401917 	0.9999 	4.94879e-17 	1 	1
0.403165 	0.9999 	4.74063e-17 	1 	1
0.404414 	0.9999 	4.81001e-17 	1 	1
0.405662 	0.9999 	4.8794e-17 	1 	1
0.406911 	0.9999 	4.91409e-17 	1 	1
0.408159 	0.9999 	5.05287e-17 	1 	1
0.409408 	0.9999 	5.26103e-17 	1 	1
0.410656 	0.9999 	5.39981e-17 	1 	1
0.411905 	0.9999 	5.53858e-17 	1 	1
0.413153 	0.9999 	5.85083e-17 	1 	1
0.414402 	0.9999 	5.88552e-17 	1 	1
0.41565 	0.9999 	5.85083e-17 	1 	1
0.416899 	0.9999 	5.92021e-17 	1 	1
0.418147 	0.9999 	5.95491e-17 	1 	1
0.419396 	0.9999 	5.88551e-17 	1 	1
0.420644 	0.9999 	5.74673e-17 	1 	1
0.421893 	0.9999 	5.81612e-17 	1 	1
0.423141 	0.9999 	6.09368e-17 	1 	1
0.42439 	0.9999 	6.05898e-17 	1 	1
0.425638 	0.9999 	5.95489e-17 	1 	1
0.426887 	0.9999 	6.16306e-17 	1 	1
0.428135 	0.9999 	6.33653e-17 	1 	1
0.429384 	0.9999 	6.37122e-17 	1 	1
0.430632 	0.9999 	6.16305e-17 	1 	1
0.431881 	0.9999 	6.09366e-17 	1 	1
0.433129 	0.9999 	6.23244e-17 	1 	1
0.434378 	0.9999 	6.30182e-17 	1 	1
0.435626 	0.9999 	6.37121e-17 	1 	1
0.436875 	0.9999 	6.4406e-17 	1 	1
0.438123 	0.9999 	6.4059e-17 	1 	1
0.439372 	0.9999 	6.26712e-17 	1 	1
0.44062 	0.9999 	6.09365e-17 	1 	1
0.441869 	0.9999 	5.95487e-17 	1 	1
0.443117 	0.9999 	6.05895e-17 	1 	1
0.444366 	0.9999 	6.05894e-17 	1 	1
0.445614 	0.9999 	5.98955e-17 	1 	1
0.446863 	0.9999 	6.23241e-17 	1 	1
0.448111 	0.9999 	6.33649e-17 	1 	1
0.44936 	0.9999 	6.40588e-17 	1 	1
0.450608 	0.9999 	6.44057e-17 	1 	1
0.451857 	0.9999 	6.37118e-17 	1 	1
0.453105 	0.9999 	6.44057e-17 	1 	1
0.454354 	0.9999 	6.47526e-17 	1 	1
0.455602 	0.9999 	6.47526e-17 	1 	1
0.456851 	0.9999 	6.40587e-17 	1 	1
0.458099 	0.9999 	6.44056e-17 	1 	1
0.459348 	0.9999 	6.37117e-17 	1 	1
0.460596 	0.9999 	6.30178e-17 	1 	1
0.461845 	0.9999 	6.40586e-17 	1 	1
0.463093 	0.9999 	6.40586e-17 	1 	1
0.464342 	0.9999 	6.40586e-17 	1 	1
0.46559 	0.9999 	6.57933e-17 	1 	1
0.466839 	0.9999 	6.54463e-17 	1 	1
0.468087 	0.9999 	6.44054e-17 	1 	1
0.469336 	0.9999 	6.44054e-17 	1 	1
0.470584 	0.9999 	6.50993e-17 	1 	1
0.471833 	0.9999 	6.75279e-17 	1 	1
0.473081 	0.9999 	6.82217e-17 	1 	1
0.47433 	0.9999 	6.85687e-17 	1 	1
0.475578 	0.9999 	6.99564e-17 	1 	1
0.476827 	0.9999 	7.16911e-17 	1 	1
0.478075 	0.9999 	7.09972e-17 	1 	1
0.479324 	0.9999 	6.85686e-17 	1 	1
0.480572 	0.9999 	6.61399e-17 	1 	1
0.481821 	0.9999 	6.50991e-17 	1 	1
0.483069 	0.9999 	6.5793e-17 	1 	1
0.484318 	0.9999 	6.57929e-17 	1 	1
0.485566 	0.9999 	6.5446e-17 	1 	1
0.486815 	0.9999 	6.5099e-17 	1 	1
0.488063 	0.9999 	6.44051e-17 	1 	1
0.489312 	0.9999 	6.40581e-17 	1 	1
0.49056 	0.9999 	6.40581e-17 	1 	1
0.491809 	0.9999 	6.57928e-17 	1 	1
0.493057 	0.9999 	6.85683e-17 	1 	1
0.494306 	0.9999 	7.0303e-17 	1 	1
0.495554 	0.9999 	6.92622e-17 	1 	1
0.496803 	0.9999 	6.75274e-17 	1 	1
0.498051 	0.9999 	6.82213e-17 	1 	1
0.4993 	0.9999 	6.57927e-17 	1 	1
0.500861 	0.9999 	6.44049e-17 	1 	1
0.502736 	0.9999 	6.61396e-17 	1 	1
0.504612 	0.9999 	6.61396e-17 	1 	1
0.506487 	0.9999 	6.61396e-17 	1 	1
0.508362 	0.9999 	6.61396e-17 	1 	1
0.510237 	0.9999 	6.61396e-17 	1 	1
0.512112 	0.9999 	6.44049e-17 	1 	1
0.513987 	0.9999 	6.26702e-17 	1 	1
0.515862 	0.9999 	6.44049e-17 	1 	1
0.517737 	0.9999 	6.61396e-17 	1 	1
0.519612 	0.9999 	6.44049e-17 	1 	1
0.521487 	0.9999 	6.26702e-17 	1 	1
0.523363 	0.9999 	6.26702e-17 	1 	1
0.525238 	0.9999 	6.44049e-17 	1 	1
0.527113 	0.9999 	6.61396e-17 	1 	1
0.528988 	0.9999 	6.61396e-17 	1 	1
0.530863 	0.9999 	6.61396e-17 	1 	1
0.532738 	0.9999 	6.78743e-17 	1 	1
0.534613 	0.9999 	6.96091e-17 	1 	1
0.536488 	0.9999 	6.96091e-17 	1 	1
0.538363 	0.9999 	6.96091e-17 	1 	1
0.540238 	0.9999 	6.96091e-17 	1 	1
0.542113 	0.9999 	6.96091e-17 	1 	1
0.543989 	0.9999 	6.96091e-17 	1 	1
0.545864 	0.9999 	7.13438e-17 	1 	1
0.547739 	0.9999 	7.48132e-17 	1 	1
0.549614 	0.9999 	7.6548e-17 	1 	1
0.551489 	0.9999 	7.48132e-17 	1 	1
0.553364 	0.9999 	7.48132e-17 	1 	1
0.555239 	0.9999 	7.48132e-17 	1 	1
0.557114 	0.9999 	7.30785e-17 	1 	1
0.558989 	0.9999 	7.30785e-17 	1 	1
0.560864 	0.9999 	7.13438e-17 	1 	1
0.56274 	0.9999 	6.96091e-17 	1 	1
0.564615 	0.9999 	6.96091e-17 	1 	1
0.56649 	0.9999 	7.13438e-17 	1 	1
0.568365 	0.9999 	7.23846e-17 	1 	1
0.57024 	0.9999 	7.16907e-17 	1 	1
0.572115 	0.9999 	7.16907e-17 	1 	1
0.57399 	0.9999 	6.9956e-17 	1 	1
0.575865 	0.9999 	6.82213e-17 	1 	1
0.57774 	0.9999 	6.82213e-17 	1 	1
0.579615 	0.9999 	6.82213e-17 	1 	1
0.58149 	0.9999 	6.82213e-17 	1 	1
0.583366 	0.9999 	6.82213e-17 	1 	1
0.585241 	0.9999 	6.82213e-17 	1 	1
0.587116 	0.9999 	6.82213e-17 	1 	1
0.588991 	0.9999 	6.82213e-17 	1 	1
0.590866 	0.9999 	6.82213e-17 	1 	1
0.592741 	0.9999 	6.82213e-17 	1 	1
0.594616 	0.9999 	6.82213e-17 	1 	1
0.596491 	0.9999 	6.82213e-17 	1 	1
0.598366 	0.9999 	6.82213e-17 	1 	1
0.600241 	0.9999 	6.82213e-17 	1 	1
0.602117 	0.9999 	6.82213e-17 	1 	1
0.603992 	0.9999 	6.82213e-17 	1 	1
0.605867 	0.9999 	6.82213e-17 	1 	1
0.607742 	0.9999 	6.82213e-17 	1 	1
0.609617 	0.9999 	6.82213e-17 	1 	1
0.611492 	0.9999 	6.64866e-17 	1 	1
0.613367 	0.9999 	6.47518e-17 	1 	1
0.615242 	0.9999 	6.30171e-17 	1 	1
0.617117 	0.9999 	6.12824e-17 	1 	1
0.618992 	0.9999 	6.12824e-17 	1 	1
0.620867 	0.9999 	6.30171e-17 	1 	1
0.622743 	0.9999 	6.30171e-17 	1 	1
0.624618 	0.9999 	6.30171e-17 	1 	1
0.626493 	0.9999 	6.47518e-17 	1 	1
0.628368 	0.9999 	6.30171e-17 	1 	1
0.630243 	0.9999 	6.12824e-17 	1 	1
0.632118 	0.9999 	5.95477e-17 	1 	1
0.633993 	0.9999 	5.95477e-17 	1 	1
0.635868 	0.9999 	5.95477e-17 	1 	1
0.637743 	0.9999 	5.95477e-17 	1 	1
0.639618 	0.9999 	6.30171e-17 	1 	1
0.641494 	0.9999 	6.47518e-17 	1 	1
0.643369 	0.9999 	6.47518e-17 	1 	1
0.645244 	0.9999 	6.47518e-17 	1 	1
0.647119 	0.9999 	6.30171e-17 	1 	1
0.648994 	0.9999 	6.30171e-17 	1 	1
0.650869 	0.9999 	6.47518e-17 	1 	1
0.652744 	0.9999 	6.47518e-17 	1 	1
0.654619 	0.9999 	6.47518e-17 	1 	1
0.656494 	0.9999 	6.47518e-17 	1 	1
0.658369 	0.9999 	6.30171e-17 	1 	1
0.660244 	0.9999 	6.30171e-17 	1 	1
0.66212 	0.9999 	6.47518e-17 	1 	1
0.663995 	0.9999 	6.30171e-17 	1 	1
0.66587 	0.9999 	6.12824e-17 	1 	1
0.667745 	0.9999 	6.12824e-17 	1 	1
0.66962 	0.9999 	6.12824e-17 	1 	1
0.671495 	0.9999 	6.12824e-17 	1 	1
0.67337 	0.9999 	6.12824e-17 	1 	1
0.675245 	0.9999 	6.12824e-17 	1 	1
0.67712 	0.9999 	6.12824e-17 	1 	1
0.678995 	0.9999 	6.12824e-17 	1 	1
0.680871 	0.9999 	6.12824e-17 	1 	1
0.682746 	0.9999 	6.12824e-17 	1 	1
0.684621 	0.9999 	6.12824e-17 	1 	1
0.686496 	0.9999 	6.30171e-17 	1 	1
0.688371 	0.9999 	6.47518e-17 	1 	1
0.690246 	0.9999 	6.64866e-17 	1 	1
0.692121 	0.9999 	6.82213e-17 	1 	1
0.693996 	0.9999 	6.82213e-17 	1 	1
0.695871 	0.9999 	6.82213e-17 	1 	1
0.697746 	0.9999 	6.82213e-17 	1 	1
0.699621 	0.9999 	6.82213e-17 	1 	1
0.701497 	0.9999 	6.82213e-17 	1 	1
0.703372 	0.9999 	6.9956e-17 	1 	1
0.705247 	0.9999 	7.16907e-17 	1 	1
0.707122 	0.9999 	7.16907e-17 	1 	1
0.708997 	0.9999 	7.34255e-17 	1 	1
0.710872 	0.9999 	7.68949e-17 	1 	1
0.712747 	0.9999 	7.86296e-17 	1 	1
0.714622 	0.9999 	7.86296e-17 	1 	1
0.716497 	0.9999 	7.86296e-17 	1 	1
0.718372 	0.9999 	7.86296e-17 	1 	1
0.720248 	0.9999 	7.86296e-17 	1 	1
0.722123 	0.9999 	7.86296e-17 	1 	1
0.723998 	0.9999 	7.86296e-17 	1 	1
0.725873 	0.9999 	7.86296e-17 	1 	1
0.727748 	0.9999 	7.86296e-17 	1 	1
0.729623 	0.9999 	7.86296e-17 	1 	1
0.731498 	0.9999 	7.86296e-17 	1 	1
0.733373 	0.9999 	8.03643e-17 	1 	1
0.735248 	0.9999 	8.20991e-17 	1 	1
0.737123 	0.9999 	8.20991e-17 	1 	1
0.738998 	0.9999 	8.20991e-17 	1 	1
0.740874 	0.9999 	8.20991e-17 	1 	1
0.742749 	0.9999 	8.34869e-17 	1 	1
0.744624 	0.9999 	8.34869e-17 	1 	1
0.746499 	0.9999 	8.20991e-17 	1 	1
0.748374 	0.9999 	8.20991e-17 	1 	1
0.750249 	0.9999 	8.52216e-17 	1 	1
0.752124 	0.9999 	8.66094e-17 	1 	1
0.753999 	0.9999 	8.62624e-17 	1 	1
0.755874 	0.9999 	8.62624e-17 	1 	1
0.757749 	0.9999 	8.48746e-17 	1 	1
0.759625 	0.9999 	8.62624e-17 	1 	1
0.7615 	0.9999 	9.07727e-17 	1 	1
0.763375 	0.9999 	9.07727e-17 	1 	1
0.76525 	0.9999 	8.9038e-17 	1 	1
0.767125 	0.9999 	8.9038e-17 	1 	1
0.769 	0.9999 	8.76502e-17 	1 	1
0.770875 	0.9999 	8.9038e-17 	1 	1
0.77275 	0.9999 	9.04257e-17 	1 	1
0.774625 	0.9999 	9.04257e-17 	1 	1
0.7765 	0.9999 	9.04257e-17 	1 	1
0.778375 	0.9999 	9.04257e-17 	1 	1
0.780251 	0.9999 	8.9038e-17 	1 	1
0.782126 	0.9999 	8.9038e-17 	1 	1
0.784001 	0.9999 	9.18135e-17 	1 	1
0.785876 	0.9999 	9.45891e-17 	1 	1
0.787751 	0.9999 	9.73646e-17 	1 	1
0.789626 	0.9999 	9.84055e-17 	1 	1
0.791501 	0.9999 	9.80585e-17 	1 	1
0.793376 	0.9999 	9.97933e-17 	1 	1
0.795251 	0.9999 	1.01528e-16 	1 	1
0.797126 	0.9999 	1.02916e-16 	1 	1
0.799002 	0.9999 	1.06038e-16 	1 	1
0.800877 	0.9999 	1.07426e-16 	1 	1
0.802752 	0.9999 	1.07079e-16 	1 	1
0.804627 	0.9999 	1.07079e-16 	1 	1
0.806502 	0.9999 	1.08467e-16 	1 	1
0.808377 	0.9999 	1.10202e-16 	1 	1
0.810252 	0.9999 	1.08814e-16 	1 	1
0.812127 	0.9999 	1.07079e-16 	1 	1
0.814002 	0.9999 	1.07079e-16 	1 	1
0.815877 	0.9999 	1.07079e-16 	1 	1
0.817752 	0.9999 	1.07079e-16 	1 	1
0.819628 	0.9999 	1.08814e-16 	1 	1
0.821503 	0.9999 	1.08814e-16 	1 	1
0.823378 	0.9999 	1.05344e-16 	1 	1
0.825253 	0.9999 	1.03957e-16 	1 	1
0.827128 	0.9999 	1.06038e-16 	1 	1
0.829003 	0.9999 	1.0465e-16 	1 	1
0.830878 	0.9999 	9.97933e-17 	1 	1
0.832753 	0.9999 	9.97933e-17 	1 	1
0.834628 	0.9999 	1.02916e-16 	1 	1
0.836503 	0.9999 	1.04304e-16 	1 	1
0.838379 	0.9999 	1.03957e-16 	1 	1
0.840254 	0.9999 	1.0361e-16 	1 	1
0.842129 	0.9999 	1.01875e-16 	1 	1
0.844004 	0.9999 	9.87524e-17 	1 	1
0.845879 	0.9999 	9.56299e-17 	1 	1
0.847754 	0.9999 	9.38952e-17 	1 	1
0.849629 	0.9999 	9.25074e-17 	1 	1
0.851504 	0.9999 	8.93849e-17 	1 	1
0.853379 	0.9999 	8.76502e-17 	1 	1
0.855254 	0.9999 	8.76502e-17 	1 	1
0.857129 	0.9999 	9.11196e-17 	1 	1
0.859005 	0.9999 	9.42421e-17 	1 	1
0.86088 	0.9999 	9.56299e-17 	1 	1
0.862755 	0.9999 	9.70177e-17 	1 	1
0.86463 	0.9999 	9.66707e-17 	1 	1
0.866505 	0.9999 	9.80585e-17 	1 	1
0.86838 	0.9999 	9.97933e-17 	1 	1
0.870255 	0.9999 	1.01875e-16 	1 	1
0.87213 	0.9999 	1.00487e-16 	1 	1
0.874005 	0.9999 	9.90994e-17 	1 	1
0.87588 	0.9999 	1.02569e-16 	1 	1
0.877756 	0.9999 	1.05691e-16 	1 	1
0.879631 	0.9999 	1.08467e-16 	1 	1
0.881506 	0.9999 	1.0812e-16 	1 	1
0.883381 	0.9999 	1.06385e-16 	1 	1
0.885256 	0.9999 	1.06385e-16 	1 	1
0.887131 	0.9999 	1.07773e-16 	1 	1
0.889006 	0.9999 	1.07773e-16 	1 	1
0.890881 	0.9999 	1.0465e-16 	1 	1
0.892756 	0.9999 	1.01181e-16 	1 	1
0.894631 	0.9999 	1.01181e-16 	1 	1
0.896506 	0.9999 	1.02916e-16 	1 	1
0.898382 	0.9999 	1.04304e-16 	1 	1
0.900257 	0.9999 	1.07079e-16 	1 	1
0.902132 	0.9999 	1.06732e-16 	1 	1
0.904007 	0.9999 	1.0361e-16 	1 	1
0.905882 	0.9999 	1.00487e-16 	1 	1
0.907757 	0.9999 	1.00487e-16 	1 	1
0.909632 	0.9999 	1.00487e-16 	1 	1
0.911507 	0.9999 	1.0014e-16 	1 	1
0.913382 	0.9999 	1.02916e-16 	1 	1
0.915257 	0.9999 	1.02916e-16 	1 	1
0.917133 	0.9999 	1.0361e-16 	1 	1
0.919008 	0.9999 	1.07079e-16 	1 	1
0.920883 	0.9999 	1.11589e-16 	1 	1
0.922758 	0.9999 	1.15059e-16 	1 	1
0.924633 	0.9999 	1.15406e-16 	1 	1
0.926508 	0.9999 	1.15406e-16 	1 	1
0.928383 	0.9999 	1.13671e-16 	1 	1
0.930258 	0.9999 	1.13671e-16 	1 	1
0.932133 	0.9999 	1.12283e-16 	1 	1
0.934008 	0.9999 	1.10895e-16 	1 	1
0.935883 	0.9999 	1.1263e-16 	1 	1
0.937759 	0.9999 	1.15753e-16 	1 	1
0.939634 	0.9999 	1.20263e-16 	1 	1
0.941509 	0.9999 	1.20263e-16 	1 	1
0.943384 	0.9999 	1.20263e-16 	1 	1
0.945259 	0.9999 	1.21651e-16 	1 	1
0.947134 	0.9999 	1.21304e-16 	1 	1
0.949009 	0.9999 	1.24079e-16 	1 	1
0.950884 	0.9999 	1.27202e-16 	1 	1
0.952759 	0.9999 	1.27202e-16 	1 	1
0.954634 	0.9999 	1.25467e-16 	1 	1
0.95651 	0.9999 	1.23732e-16 	1 	1
0.958385 	0.9999 	1.23732e-16 	1 	1
0.96026 	0.9999 	1.2512e-16 	1 	1
0.962135 	0.9999 	1.24773e-16 	1 	1
0.96401 	0.9999 	1.21651e-16 	1 	1
0.965885 	0.9999 	1.18875e-16 	1 	1
0.96776 	0.9999 	1.18875e-16 	1 	1
0.969635 	0.9999 	1.18528e-16 	1 	1
0.97151 	0.9999 	1.18528e-16 	1 	1
0.973385 	0.9999 	1.23385e-16 	1 	1
0.97526 	0.9999 	1.26508e-16 	1 	1
0.977136 	0.9999 	1.24773e-16 	1 	1
0.979011 	0.9999 	1.23039e-16 	1 	1
0.980886 	0.9999 	1.24426e-16 	1 	1
0.982761 	0.9999 	1.27202e-16 	1 	1
0.984636 	0.9999 	1.2859e-16 	1 	1
0.986511 	0.9999 	1.26855e-16 	1 	1
0.988386 	0.9999 	1.23385e-16 	1 	1
0.990261 	0.9999 	1.20263e-16 	1 	1
0.992136 	0.9999 	1.18875e-16 	1 	1
0.994011 	0.9999 	1.15753e-16 	1 	1
0.995887 	0.9999 	1.12977e-16 	1 	1
0.997762 	0.9999 	1.14365e-16 	1 	1
0.999637 	0.9999 	1.18528e-16 	1 	1
1.00151 	0.9999 	1.19916e-16 	1 	1
1.00339 	0.9999 	1.19569e-16 	1 	1
1.00526 	0.9999 	1.19222e-16 	1 	1
1.00714 	0.9999 	1.1714e-16 	1 	1
1.00901 	0.9999 	1.15059e-16 	1 	1
1.01089 	0.9999 	1.14712e-16 	1 	1
1.01276 	0.9999 	1.16447e-16 	1 	1
1.01464 	0.9999 	1.16794e-16 	1 	1
1.01651 	0.9999 	1.16794e-16 	1 	1
1.01839 	0.9999 	1.16794e-16 	1 	1
1.02026 	0.9999 	1.16794e-16 	1 	1
1.02214 	0.9999 	1.18528e-16 	1 	1
1.02401 	0.9999 	1.18875e-16 	1 	1
1.02589 	0.9999 	1.15753e-16 	1 	1
1.02776 	0.9999 	1.12283e-16 	1 	1
1.02964 	0.9999 	1.08814e-16 	1 	1
1.03151 	0.9999 	1.07079e-16 	1 	1
1.03339 	0.9999 	1.07079e-16 	1 	1
1.03526 	0.9999 	1.08814e-16 	1 	1
1.03714 	0.9999 	1.10549e-16 	1 	1
1.03901 	0.9999 	1.11936e-16 	1 	1
1.04089 	0.9999 	1.15059e-16 	1 	1
1.04276 	0.9999 	1.15059e-16 	1 	1
1.04464 	0.9999 	1.11936e-16 	1 	1
1.04651 	0.9999 	1.13671e-16 	1 	1
1.04839 	0.9999 	1.15406e-16 	1 	1
1.05026 	0.9999 	1.11936e-16 	1 	1
1.05214 	0.9999 	1.09855e-16 	1 	1
1.05401 	0.9999 	1.08467e-16 	1 	1
1.05589 	0.9999 	1.07079e-16 	1 	1
1.05776 	0.9999 	1.08467e-16 	1 	1
1.05964 	0.9999 	1.09855e-16 	1 	1
1.06151 	0.9999 	1.08467e-16 	1 	1
1.06339 	0.9999 	1.07079e-16 	1 	1
1.06527 	0.9999 	1.08467e-16 	1 	1
1.06714 	0.9999 	1.09855e-16 	1 	1
1.06902 	0.9999 	1.09855e-16 	1 	1
1.07089 	0.9999 	1.09855e-16 	1 	1
1.07277 	0.9999 	1.09855e-16 	1 	1
1.07464 	0.9999 	1.09855e-16 	1 	1
1.07652 	0.9999 	1.11936e-16 	1 	1
1.07839 	0.9999 	1.15406e-16 	1 	1
1.08027 	0.9999 	1.15059e-16 	1 	1
1.08214 	0.9999 	1.11589e-16 	1 	1
1.08402 	0.9999 	1.11589e-16 	1 	1
1.08589 	0.9999 	1.13324e-16 	1 	1
1.08777 	0.9999 	1.09855e-16 	1 	1
1.08964 	0.9999 	1.07773e-16 	1 	1
1.09152 	0.9999 	1.06038e-16 	1 	1
1.09339 	0.9999 	1.01528e-16 	1 	1
1.09527 	0.9999 	1.0014e-16 	1 	1
1.09714 	0.9999 	1.01875e-16 	1 	1
1.09902 	0.9999 	1.0361e-16 	1 	1
1.10089 	0.9999 	1.04997e-16 	1 	1
1.10277 	0.9999 	1.0465e-16 	1 	1
1.10464 	0.9999 	1.02569e-16 	1 	1
1.10652 	0.9999 	1.02222e-16 	1 	1
1.10839 	0.9999 	1.00487e-16 	1 	1
1.11027 	0.9999 	9.87524e-17 	1 	1
1.11214 	0.9999 	9.87524e-17 	1 	1
1.11402 	0.9999 	9.87524e-17 	1 	1
1.11589 	0.9999 	9.87524e-17 	1 	1
1.11777 	0.9999 	9.56299e-17 	1 	1
1.11964 	0.9999 	9.11196e-17 	1 	1
1.12152 	0.9999 	8.97319e-17 	1 	1
1.12339 	0.9999 	8.79971e-17 	1 	1
1.12527 	0.9999 	8.31399e-17 	1 	1
1.12714 	0.9999 	8.00174e-17 	1 	1
1.12902 	0.9999 	7.82827e-17 	1 	1
1.13089 	0.9999 	7.51602e-17 	1 	1
1.13277 	0.9999 	7.51602e-17 	1 	1
1.13464 	0.9999 	7.82827e-17 	1 	1
1.13652 	0.9999 	8.00174e-17 	1 	1
1.13839 	0.9999 	8.14052e-17 	1 	1
1.14027 	0.9999 	8.10582e-17 	1 	1
1.14214 	0.9999 	8.07113e-17 	1 	1
1.14402 	0.9999 	8.69563e-17 	1 	1
1.14589 	0.9999 	8.97319e-17 	1 	1
1.14777 	0.9999 	8.93849e-17 	1 	1
1.14964 	0.9999 	8.93849e-17 	1 	1
1.15152 	0.9999 	8.76502e-17 	1 	1
1.15339 	0.9999 	8.9038e-17 	1 	1
1.15527 	0.9999 	9.04257e-17 	1 	1
1.15714 	0.9999 	9.18135e-17 	1 	1
1.15902 	0.9999 	9.32013e-17 	1 	1
1.16089 	0.9999 	9.32013e-17 	1 	1
1.16277 	0.9999 	9.66707e-17 	1 	1
1.16465 	0.9999 	1.0014e-16 	1 	1
1.16652 	0.9999 	9.70177e-17 	1 	1
1.1684 	0.9999 	9.38952e-17 	1 	1
1.17027 	0.9999 	9.38952e-17 	1 	1
1.17215 	0.9999 	9.21605e-17 	1 	1
1.17402 	0.9999 	9.04257e-17 	1 	1
1.1759 	0.9999 	8.8691e-17 	1 	1
1.17777 	0.9999 	8.69563e-17 	1 	1
1.17965 	0.9999 	8.55685e-17 	1 	1
1.18152 	0.9999 	8.2446e-17 	1 	1
1.1834 	0.9999 	8.2446e-17 	1 	1
1.18527 	0.9999 	8.41807e-17 	1 	1
1.18715 	0.9999 	8.59155e-17 	1 	1
1.18902 	0.9999 	8.9038e-17 	1 	1
1.1909 	0.9999 	8.9038e-17 	1 	1
1.19277 	0.9999 	8.76502e-17 	1 	1
1.19465 	0.9999 	8.93849e-17 	1 	1
1.19652 	0.9999 	9.14666e-17 	1 	1
1.1984 	0.9999 	9.00788e-17 	1 	1
1.20027 	0.9999 	8.79971e-17 	1 	1
1.20215 	0.9999 	8.9038e-17 	1 	1
1.20402 	0.9999 	8.8691e-17 	1 	1
1.2059 	0.9999 	8.69563e-17 	1 	1
1.20777 	0.9999 	8.69563e-17 	1 	1
1.20965 	0.9999 	8.55685e-17 	1 	1
1.21152 	0.9999 	8.41807e-17 	1 	1
1.2134 	0.9999 	8.38338e-17 	1 	1
1.21527 	0.9999 	8.34869e-17 	1 	1
1.21715 	0.9999 	8.34869e-17 	1 	1
1.21902 	0.9999 	8.17521e-17 	1 	1
1.2209 	0.9999 	8.00174e-17 	1 	1
1.22277 	0.9999 	8.00174e-17 	1 	1
1.22465 	0.9999 	8.00174e-17 	1 	1
1.22652 	0.9999 	7.86296e-17 	1 	1
1.2284 	0.9999 	7.86296e-17 	1 	1
1.23027 	0.9999 	8.14052e-17 	1 	1
1.23215 	0.9999 	7.96705e-17 	1 	1
1.23402 	0.9999 	7.6548e-17 	1 	1
1.2359 	0.9999 	7.6201e-17 	1 	1
1.23777 	0.9999 	7.37724e-17 	1 	1
1.23965 	0.9999 	7.16907e-17 	1 	1
1.24152 	0.9999 	6.68335e-17 	1 	1
1.2434 	0.9999 	6.33641e-17 	1 	1
1.24527 	0.9999 	6.47518e-17 	1 	1
1.24715 	0.9999 	6.61396e-17 	1 	1
1.24902 	0.9999 	6.75274e-17 	1 	1
1.2509 	0.9999 	6.75274e-17 	1 	1
1.25277 	0.9999 	6.75274e-17 	1 	1
1.25465 	0.9999 	6.75274e-17 	1 	1
1.25652 	0.9999 	6.75274e-17 	1 	1
1.2584 	0.9999 	6.75274e-17 	1 	1
1.26027 	0.9999 	6.75274e-17 	1 	1
1.26215 	0.9999 	6.89152e-17 	1 	1
1.26403 	0.9999 	7.0303e-17 	1 	1
1.2659 	0.9999 	7.0303e-17 	1 	1
1.26778 	0.9999 	7.0303e-17 	1 	1
1.26965 	0.9999 	7.0303e-17 	1 	1
1.27153 	0.9999 	7.16907e-17 	1 	1
1.2734 	0.9999 	7.44663e-17 	1 	1
1.27528 	0.9999 	7.41193e-17 	1 	1
1.27715 	0.9999 	7.09968e-17 	1 	1
1.27903 	0.9999 	6.96091e-17 	1 	1
1.2809 	0.9999 	6.96091e-17 	1 	1
1.28278 	0.9999 	6.96091e-17 	1 	1
1.28465 	0.9999 	6.64866e-17 	1 	1
1.28653 	0.9999 	6.16293e-17 	1 	1
1.2884 	0.9999 	5.81599e-17 	1 	1
1.29028 	0.9999 	5.64252e-17 	1 	1
1.29215 	0.9999 	5.64252e-17 	1 	1
1.29403 	0.9999 	5.78129e-17 	1 	1
1.2959 	0.9999 	5.7466e-17 	1 	1
1.29778 	0.9999 	5.57313e-17 	1 	1
1.29965 	0.9999 	5.57313e-17 	1 	1
1.30153 	0.9999 	5.57313e-17 	1 	1
1.3034 	0.9999 	5.57313e-17 	1 	1
1.30528 	0.9999 	5.57313e-17 	1 	1
1.30715 	0.9999 	5.39966e-17 	1 	1
1.30903 	0.9999 	5.22618e-17 	1 	1
1.3109 	0.9999 	5.22618e-17 	1 	1
1.31278 	0.9999 	5.39966e-17 	1 	1
1.31465 	0.9999 	5.39966e-17 	1 	1
1.31653 	0.9999 	5.22618e-17 	1 	1
1.3184 	0.9999 	5.22618e-17 	1 	1
1.32028 	0.9999 	5.05271e-17 	1 	1
1.32215 	0.9999 	4.87924e-17 	1 	1
1.32403 	0.9999 	5.05271e-17 	1 	1
1.3259 	0.9999 	5.22618e-17 	1 	1
1.32778 	0.9999 	5.05271e-17 	1 	1
1.32965 	0.9999 	5.05271e-17 	1 	1
1.33153 	0.9999 	5.19149e-17 	1 	1
1.3334 	0.9999 	5.15679e-17 	1 	1
1.33528 	0.9999 	5.29557e-17 	1 	1
1.33715 	0.9999 	5.26088e-17 	1 	1
1.33903 	0.9999 	5.0874e-17 	1 	1
1.3409 	0.9999 	4.91393e-17 	1 	1
1.34278 	0.9999 	4.91393e-17 	1 	1
1.34465 	0.9999 	5.26088e-17 	1 	1
1.34653 	0.9999 	5.43435e-17 	1 	1
1.3484 	0.9999 	5.60782e-17 	1 	1
1.35028 	0.9999 	5.78129e-17 	1 	1
1.35215 	0.9999 	5.95477e-17 	1 	1
1.35403 	0.9999 	6.12824e-17 	1 	1
1.3559 	0.9999 	5.81599e-17 	1 	1
1.35778 	0.9999 	5.67721e-17 	1 	1
1.35965 	0.9999 	5.85068e-17 	1 	1
1.36153 	0.9999 	5.85068e-17 	1 	1
1.36341 	0.9999 	6.02416e-17 	1 	1
1.36528 	0.9999 	5.85068e-17 	1 	1
1.36716 	0.9999 	5.33027e-17 	1 	1
1.36903 	0.9999 	5.33027e-17 	1 	1
1.37091 	0.9999 	5.50374e-17 	1 	1
1.37278 	0.9999 	5.33027e-17 	1 	1
1.37466 	0.9999 	4.98332e-17 	1 	1
1.37653 	0.9999 	4.80985e-17 	1 	1
1.37841 	0.9999 	4.94863e-17 	1 	1
1.38028 	0.9999 	4.94863e-17 	1 	1
1.38216 	0.9999 	4.32413e-17 	1 	1
1.38403 	0.9999 	3.69963e-17 	1 	1
1.38591 	0.9999 	3.56085e-17 	1 	1
1.38778 	0.9999 	3.42207e-17 	1 	1
1.38966 	0.9999 	3.28329e-17 	1 	1
1.39153 	0.9999 	3.42207e-17 	1 	1
1.39341 	0.9999 	3.56085e-17 	1 	1
1.39528 	0.9999 	3.42207e-17 	1 	1
1.39716 	0.9999 	3.42207e-17 	1 	1
1.39903 	0.9999 	3.56085e-17 	1 	1
1.40091 	0.9999 	3.69963e-17 	1 	1
1.40278 	0.9999 	4.01188e-17 	1 	1
1.40466 	0.9999 	4.35882e-17 	1 	1
1.40653 	0.9999 	4.67107e-17 	1 	1
1.40841 	0.9999 	4.80985e-17 	1 	1
1.41028 	0.9999 	4.80985e-17 	1 	1
1.41216 	0.9999 	4.63638e-17 	1 	1
1.41403 	0.9999 	4.32413e-17 	1 	1
1.41591 	0.9999 	4.18535e-17 	1 	1
1.41778 	0.9999 	4.35882e-17 	1 	1
1.41966 	0.9999 	4.53229e-17 	1 	1
1.42153 	0.9999 	4.53229e-17 	1 	1
1.42341 	0.9999 	4.35882e-17 	1 	1
1.42528 	0.9999 	4.18535e-17 	1 	1
1.42716 	0.9999 	4.35882e-17 	1 	1
1.42903 	0.9999 	4.53229e-17 	1 	1
1.43091 	0.9999 	4.53229e-17 	1 	1
1.43278 	0.9999 	4.4976e-17 	1 	1
1.43466 	0.9999 	4.4629e-17 	1 	1
1.43653 	0.9999 	4.63638e-17 	1 	1
1.43841 	0.9999 	4.63638e-17 	1 	1
1.44028 	0.9999 	4.77515e-17 	1 	1
1.44216 	0.9999 	5.39966e-17 	1 	1
1.44403 	0.9999 	5.57313e-17 	1 	1
1.44591 	0.9999 	5.43435e-17 	1 	1
1.44778 	0.9999 	5.60782e-17 	1 	1
1.44966 	0.9999 	5.78129e-17 	1 	1
1.45153 	0.9999 	5.95477e-17 	1 	1
1.45341 	0.9999 	5.95477e-17 	1 	1
1.45528 	0.9999 	5.92007e-17 	1 	1
1.45716 	0.9999 	6.23232e-17 	1 	1
1.45904 	0.9999 	6.05885e-17 	1 	1
1.46091 	0.9999 	5.71191e-17 	1 	1
1.46279 	0.9999 	5.53843e-17 	1 	1
1.46466 	0.9999 	5.36496e-17 	1 	1
1.46654 	0.9999 	5.53843e-17 	1 	1
1.46841 	0.9999 	5.71191e-17 	1 	1
1.47029 	0.9999 	5.57313e-17 	1 	1
1.47216 	0.9999 	5.57313e-17 	1 	1
1.47404 	0.9999 	5.36496e-17 	1 	1
1.47591 	0.9999 	5.33027e-17 	1 	1
1.47779 	0.9999 	5.46904e-17 	1 	1
1.47966 	0.9999 	5.46904e-17 	1 	1
1.48154 	0.9999 	5.50374e-17 	1 	1
1.48341 	0.9999 	5.22618e-17 	1 	1
1.48529 	0.9999 	5.0874e-17 	1 	1
1.48716 	0.9999 	4.94863e-17 	1 	1
1.48904 	0.9999 	4.80985e-17 	1 	1
1.49091 	0.9999 	4.77515e-17 	1 	1
1.49279 	0.9999 	5.05271e-17 	1 	1
1.49466 	0.9999 	5.19149e-17 	1 	1
1.49654 	0.9999 	4.84454e-17 	1 	1
1.49841 	0.9999 	4.84454e-17 	1 	1
1.50029 	0.9999 	4.84454e-17 	1 	1
1.50216 	0.9999 	4.67107e-17 	1 	1
1.50404 	0.9999 	4.67107e-17 	1 	1
1.50591 	0.9999 	4.32413e-17 	1 	1
1.50779 	0.9999 	4.11596e-17 	1 	1
1.50966 	0.9999 	3.90779e-17 	1 	1
1.51154 	0.9999 	3.73432e-17 	1 	1
1.51341 	0.9999 	3.90779e-17 	1 	1
1.51529 	0.9999 	3.90779e-17 	1 	1
1.51716 	0.9999 	4.22004e-17 	1 	1
1.51904 	0.9999 	4.39352e-17 	1 	1
1.52091 	0.9999 	4.08127e-17 	1 	1
1.52279 	0.9999 	4.08127e-17 	1 	1
1.52466 	0.9999 	4.25474e-17 	1 	1
1.52654 	0.9999 	4.42821e-17 	1 	1
1.52841 	0.9999 	4.60168e-17 	1 	1
1.53029 	0.9999 	4.60168e-17 	1 	1
1.53216 	0.9999 	4.60168e-17 	1 	1
1.53404 	0.9999 	4.25474e-17 	1 	1
1.53591 	0.9999 	3.90779e-17 	1 	1
1.53779 	0.9999 	4.04657e-17 	1 	1
1.53966 	0.9999 	4.18535e-17 	1 	1
1.54154 	0.9999 	4.01188e-17 	1 	1
1.54341 	0.9999 	3.66493e-17 	1 	1
1.54529 	0.9999 	3.49146e-17 	1 	1
1.54716 	0.9999 	3.35268e-17 	1 	1
1.54904 	0.9999 	3.07513e-17 	1 	1
1.55091 	0.9999 	2.93635e-17 	1 	1
1.55279 	0.9999 	2.93635e-17 	1 	1
1.55466 	0.9999 	2.93635e-17 	1 	1
1.55654 	0.9999 	2.93635e-17 	1 	1
1.55842 	0.9999 	2.93635e-17 	1 	1
1.56029 	0.9999 	3.10982e-17 	1 	1
1.56217 	0.9999 	3.45676e-17 	1 	1
1.56404 	0.9999 	3.80371e-17 	1 	1
1.56592 	0.9999 	3.97718e-17 	1 	1
1.56779 	0.9999 	3.97718e-17 	1 	1
1.56967 	0.9999 	4.11596e-17 	1 	1
1.57154 	0.9999 	4.25474e-17 	1 	1
1.57342 	0.9999 	4.28943e-17 	1 	1
1.57529 	0.9999 	4.15065e-17 	1 	1
1.57717 	0.9999 	3.80371e-17 	1 	1
1.57904 	0.9999 	3.49146e-17 	1 	1
1.58092 	0.9999 	3.35268e-17 	1 	1
1.58279 	0.9999 	3.17921e-17 	1 	1
1.58467 	0.9999 	3.00574e-17 	1 	1
1.58654 	0.9999 	3.00574e-17 	1 	1
1.58842 	0.9999 	3.00574e-17 	1 	1
1.59029 	0.9999 	3.00574e-17 	1 	1
1.59217 	0.9999 	2.83226e-17 	1 	1
1.59404 	0.9999 	2.83226e-17 	1 	1
1.59592 	0.9999 	3.00574e-17 	1 	1
1.59779 	0.9999 	3.00574e-17 	1 	1
1.59967 	0.9999 	3.17921e-17 	1 	1
1.60154 	0.9999 	3.35268e-17 	1 	1
1.60342 	0.9999 	3.66493e-17 	1 	1
1.60529 	0.9999 	3.97718e-17 	1 	1
1.60717 	0.9999 	4.01188e-17 	1 	1
1.60904 	0.9999 	3.8731e-17 	1 	1
1.61092 	0.9999 	3.8731e-17 	1 	1
1.61279 	0.9999 	4.04657e-17 	1 	1
1.61467 	0.9999 	4.04657e-17 	1 	1
1.61654 	0.9999 	4.04657e-17 	1 	1
1.61842 	0.9999 	4.01188e-17 	1 	1
1.62029 	0.9999 	4.15065e-17 	1 	1
1.62217 	0.9999 	4.32413e-17 	1 	1
1.62404 	0.9999 	4.32413e-17 	1 	1
1.62592 	0.9999 	4.32413e-17 	1 	1
1.62779 	0.9999 	4.32413e-17 	1 	1
1.62967 	0.9999 	4.32413e-17 	1 	1
1.63154 	0.9999 	4.32413e-17 	1 	1
1.63342 	0.9999 	4.32413e-17 	1 	1
1.63529 	0.9999 	4.4629e-17 	1 	1
1.63717 	0.9999 	4.60168e-17 	1 	1
1.63904 	0.9999 	4.60168e-17 	1 	1
1.64092 	0.9999 	4.60168e-17 	1 	1
1.64279 	0.9999 	4.60168e-17 	1 	1
1.64467 	0.9999 	4.25474e-17 	1 	1
1.64654 	0.9999 	3.90779e-17 	1 	1
1.64842 	0.9999 	3.76902e-17 	1 	1
1.65029 	0.9999 	3.80371e-17 	1 	1
1.65217 	0.9999 	3.97718e-17 	1 	1
1.65404 	0.9999 	3.80371e-17 	1 	1
1.65592 	0.9999 	3.49146e-17 	1 	1
1.6578 	0.9999 	3.17921e-17 	1 	1
1.65967 	0.9999 	3.17921e-17 	1 	1
1.66155 	0.9999 	3.52615e-17 	1 	1
1.66342 	0.9999 	3.69963e-17 	1 	1
1.6653 	0.9999 	3.52615e-17 	1 	1
1.66717 	0.9999 	3.35268e-17 	1 	1
1.66905 	0.9999 	3.35268e-17 	1 	1
1.67092 	0.9999 	3.35268e-17 	1 	1
1.6728 	0.9999 	3.17921e-17 	1 	1
1.67467 	0.9999 	3.00574e-17 	1 	1
1.67655 	0.9999 	3.31799e-17 	1 	1
1.67842 	0.9999 	3.63024e-17 	1 	1
1.6803 	0.9999 	3.49146e-17 	1 	1
1.68217 	0.9999 	3.35268e-17 	1 	1
1.68405 	0.9999 	3.35268e-17 	1 	1
1.68592 	0.9999 	3.35268e-17 	1 	1
1.6878 	0.9999 	3.35268e-17 	1 	1
1.68967 	0.9999 	3.2139e-17 	1 	1
1.69155 	0.9999 	3.07513e-17 	1 	1
1.69342 	0.9999 	3.07513e-17 	1 	1
1.6953 	0.9999 	3.07513e-17 	1 	1
1.69717 	0.9999 	3.07513e-17 	1 	1
1.69905 	0.9999 	3.07513e-17 	1 	1
1.70092 	0.9999 	3.2486e-17 	1 	1
1.7028 	0.9999 	3.2139e-17 	1 	1
1.70467 	0.9999 	2.69349e-17 	1 	1
1.70655 	0.9999 	2.38124e-17 	1 	1
1.70842 	0.9999 	2.38124e-17 	1 	1
1.7103 	0.9999 	2.38124e-17 	1 	1
1.71217 	0.9999 	2.52001e-17 	1 	1
1.71405 	0.9999 	2.31185e-17 	1 	1
1.71592 	0.9999 	1.9649e-17 	1 	1
1.7178 	0.9999 	2.13838e-17 	1 	1
1.71967 	0.9999 	2.31185e-17 	1 	1
1.72155 	0.9999 	2.13838e-17 	1 	1
1.72342 	0.9999 	1.9649e-17 	1 	1
1.7253 	0.9999 	1.9649e-17 	1 	1
1.72717 	0.9999 	1.9649e-17 	1 	1
1.72905 	0.9999 	1.79143e-17 	1 	1
1.73092 	0.9999 	1.61796e-17 	1 	1
1.7328 	0.9999 	1.79143e-17 	1 	1
1.73467 	0.9999 	1.65265e-17 	1 	1
1.73655 	0.9999 	1.20162e-17 	1 	1
1.73842 	0.9999 	1.3751e-17 	1 	1
1.7403 	0.9999 	1.68735e-17 	1 	1
1.74217 	0.9999 	1.51387e-17 	1 	1
1.74405 	0.9999 	1.3404e-17 	1 	1
1.74592 	0.9999 	1.3404e-17 	1 	1
1.7478 	0.9999 	1.3404e-17 	1 	1
1.74967 	0.9999 	1.16693e-17 	1 	1
1.75155 	0.9999 	9.93458e-18 	1 	1
1.75342 	0.9999 	9.93458e-18 	1 	1
1.7553 	0.9999 	9.93458e-18 	1 	1
1.75718 	0.9999 	9.93458e-18 	1 	1
1.75905 	0.9999 	8.19985e-18 	1 	1
1.76093 	0.9999 	6.46513e-18 	1 	1
1.7628 	0.9999 	6.46513e-18 	1 	1
1.76468 	0.9999 	6.46513e-18 	1 	1
1.76655 	0.9999 	5.07735e-18 	1 	1
1.76843 	0.9999 	2.30179e-18 	1 	1
1.7703 	0.9999 	2.64874e-18 	1 	1
1.77218 	0.9999 	4.38346e-18 	1 	1
1.77405 	0.9999 	2.99568e-18 	1 	1
1.77593 	0.9999 	1.6079e-18 	1 	1
1.7778 	0.9999 	1.6079e-18 	1 	1
1.77968 	0.9999 	1.6079e-18 	1 	1
1.78155 	0.9999 	1.6079e-18 	1 	1
1.78343 	0.9999 	1.6079e-18 	1 	1
1.7853 	0.9999 	1.6079e-18 	1 	1
1.78718 	0.9999 	3.34263e-18 	1 	1
1.78905 	0.9999 	5.07735e-18 	1 	1
1.79093 	0.9999 	5.07735e-18 	1 	1
1.7928 	0.9999 	5.07735e-18 	1 	1
1.79468 	0.9999 	3.34263e-18 	1 	1
1.79655 	0.9999 	2.20124e-19 	1 	1
1.79843 	0.9999 	-1.16766e-18 	1 	1
1.8003 	0.9999 	-2.90238e-18 	1 	1
1.80218 	0.9999 	-2.90238e-18 	1 	1
1.80405 	0.9999 	-1.16766e-18 	1 	1
1.80593 	0.9999 	-2.90238e-18 	1 	1
1.8078 	0.9999 	-4.6371e-18 	1 	1
1.80968 	0.9999 	-6.37183e-18 	1 	1
1.81155 	0.9999 	-8.10655e-18 	1 	1
1.81343 	0.9999 	-8.10655e-18 	1 	1
1.8153 	0.9999 	-8.10655e-18 	1 	1
1.81718 	0.9999 	-8.10655e-18 	1 	1
1.81905 	0.9999 	-8.10655e-18 	1 	1
1.82093 	0.9999 	-8.10655e-18 	1 	1
1.8228 	0.9999 	-8.10655e-18 	1 	1
1.82468 	0.9999 	-8.10655e-18 	1 	1
1.82655 	0.9999 	-9.49433e-18 	1 	1
1.82843 	0.9999 	-1.08821e-17 	1 	1
1.8303 	0.9999 	-1.08821e-17 	1 	1
1.83218 	0.9999 	-1.08821e-17 	1 	1
1.83405 	0.9999 	-9.14738e-18 	1 	1
1.83593 	0.9999 	-1.05352e-17 	1 	1
1.8378 	0.9999 	-1.36577e-17 	1 	1
1.83968 	0.9999 	-1.36577e-17 	1 	1
1.84155 	0.9999 	-1.19229e-17 	1 	1
1.84343 	0.9999 	-8.45349e-18 	1 	1
1.8453 	0.9999 	-8.45349e-18 	1 	1
1.84718 	0.9999 	-1.01882e-17 	1 	1
1.84905 	0.9999 	-1.01882e-17 	1 	1
1.85093 	0.9999 	-1.01882e-17 	1 	1
1.85281 	0.9999 	-1.01882e-17 	1 	1
1.85468 	0.9999 	-1.01882e-17 	1 	1
1.85656 	0.9999 	-1.01882e-17 	1 	1
1.85843 	0.9999 	-1.19229e-17 	1 	1
1.86031 	0.9999 	-1.53924e-17 	1 	1
1.86218 	0.9999 	-1.71271e-17 	1 	1
1.86406 	0.9999 	-1.71271e-17 	1 	1
1.86593 	0.9999 	-1.71271e-17 	1 	1
1.86781 	0.9999 	-1.88618e-17 	1 	1
1.86968 	0.9999 	-2.05966e-17 	1 	1
1.87156 	0.9999 	-2.05966e-17 	1 	1
1.87343 	0.9999 	-1.88618e-17 	1 	1
1.87531 	0.9999 	-1.71271e-17 	1 	1
1.87718 	0.9999 	-1.88618e-17 	1 	1
1.87906 	0.9999 	-2.05966e-17 	1 	1
1.88093 	0.9999 	-2.23313e-17 	1 	1
1.88281 	0.9999 	-2.4066e-17 	1 	1
1.88468 	0.9999 	-2.4066e-17 	1 	1
1.88656 	0.9999 	-2.4066e-17 	1 	1
1.88843 	0.9999 	-2.54538e-17 	1 	1
1.89031 	0.9999 	-2.68416e-17 	1 	1
1.89218 	0.9999 	-2.68416e-17 	1 	1
1.89406 	0.9999 	-2.68416e-17 	1 	1
1.89593 	0.9999 	-2.68416e-17 	1 	1
1.89781 	0.9999 	-2.68416e-17 	1 	1
1.89968 	0.9999 	-2.71885e-17 	1 	1
1.90156 	0.9999 	-2.75355e-17 	1 	1
1.90343 	0.9999 	-2.75355e-17 	1 	1
1.90531 	0.9999 	-2.75355e-17 	1 	1
1.90718 	0.9999 	-2.75355e-17 	1 	1
1.90906 	0.9999 	-2.75355e-17 	1 	1
1.91093 	0.9999 	-2.75355e-17 	1 	1
1.91281 	0.9999 	-2.75355e-17 	1 	1
1.91468 	0.9999 	-2.58007e-17 	1 	1
1.91656 	0.9999 	-2.23313e-17 	1 	1
1.91843 	0.9999 	-2.05966e-17 	1 	1
1.92031 	0.9999 	-2.05966e-17 	1 	1
1.92218 	0.9999 	-2.05966e-17 	1 	1
1.92406 	0.9999 	-2.05966e-17 	1 	1
1.92593 	0.9999 	-2.05966e-17 	1 	1
1.92781 	0.9999 	-2.05966e-17 	1 	1
1.92968 	0.9999 	-2.05966e-17 	1 	1
1.93156 	0.9999 	-2.05966e-17 	1 	1
1.93343 	0.9999 	-1.92088e-17 	1 	1
1.93531 	0.9999 	-1.7821e-17 	1 	1
1.93718 	0.9999 	-1.60863e-17 	1 	1
1.93906 	0.9999 	-1.43516e-17 	1 	1
1.94093 	0.9999 	-1.43516e-17 	1 	1
1.94281 	0.9999 	-1.60863e-17 	1 	1
1.94468 	0.9999 	-1.7821e-17 	1 	1
1.94656 	0.9999 	-1.60863e-17 	1 	1
1.94843 	0.9999 	-1.60863e-17 	1 	1
1.95031 	0.9999 	-1.7821e-17 	1 	1
1.95219 	0.9999 	-1.7821e-17 	1 	1
1.95406 	0.9999 	-1.95557e-17 	1 	1
1.95594 	0.9999 	-2.12904e-17 	1 	1
1.95781 	0.9999 	-2.12904e-17 	1 	1
1.95969 	0.9999 	-2.12904e-17 	1 	1
1.96156 	0.9999 	-2.12904e-17 	1 	1
1.96344 	0.9999 	-2.12904e-17 	1 	1
1.96531 	0.9999 	-2.12904e-17 	1 	1
1.96719 	0.9999 	-2.30252e-17 	1 	1
1.96906 	0.9999 	-2.47599e-17 	1 	1
1.97094 	0.9999 	-2.47599e-17 	1 	1
1.97281 	0.9999 	-2.47599e-17 	1 	1
1.97469 	0.9999 	-2.64946e-17 	1 	1
1.97656 	0.9999 	-2.82293e-17 	1 	1
1.97844 	0.9999 	-2.82293e-17 	1 	1
1.98031 	0.9999 	-2.82293e-17 	1 	1
1.98219 	0.9999 	-2.82293e-17 	1 	1
1.98406 	0.9999 	-2.82293e-17 	1 	1
1.98594 	0.9999 	-3.16988e-17 	1 	1
1.98781 	0.9999 	-3.51682e-17 	1 	1
1.98969 	0.9999 	-3.51682e-17 	1 	1
1.99156 	0.9999 	-3.51682e-17 	1 	1
1.99344 	0.9999 	-3.51682e-17 	1 	1
1.99531 	0.9999 	-3.34335e-17 	1 	1
1.99719 	0.9999 	-3.16988e-17 	1 	1
1.99906 	0.9999 	-3.31966e-17 	1 	1
