0.0015625 	0.9999 	-1.29896e-18 	3 	-2.51298e-16 	0
0.0046875 	0.9999 	2.17049e-18 	3 	-2.21423e-16 	0
0.0078125 	0.9999 	7.82707e-19 	3 	-8.72469e-17 	0
0.0109375 	0.9999 	-6.05072e-19 	3 	-3.23813e-17 	0
0.0140625 	0.9999 	-6.05072e-19 	3 	-9.98759e-17 	0
0.0171875 	0.9999 	-6.05072e-19 	3 	-2.76159e-16 	0
0.0203125 	0.9999 	-6.05072e-19 	3 	-4.23071e-16 	0
0.0234375 	0.9999 	7.82707e-19 	3 	-3.51593e-16 	0
0.0265625 	0.9999 	2.17049e-18 	3 	-6.19902e-16 	0
0.0296875 	0.9999 	3.90521e-18 	3 	-5.68143e-16 	0
0.0328125 	0.9999 	5.63993e-18 	3 	-1.69716e-17 	0
0.0359375 	0.9999 	5.63993e-18 	3 	3.43349e-16 	0
0.0390625 	0.9999 	5.63993e-18 	3 	6.84206e-17 	0
0.0421875 	0.9999 	5.63993e-18 	3 	1.562e-16 	0
0.0453125 	0.9999 	5.63993e-18 	3 	6.18394e-17 	0
0.0484375 	0.9999 	5.63993e-18 	3 	4.99818e-16 	0
0.0515625 	0.9999 	5.63993e-18 	3 	2.41677e-16 	0
0.0546875 	0.9999 	5.63993e-18 	3 	3.65577e-17 	0
0.0578125 	0.9999 	5.63993e-18 	3 	3.43717e-17 	0
0.0609375 	0.9999 	5.63993e-18 	3 	2.13133e-16 	0
0.0640625 	0.9999 	4.25215e-18 	3 	3.50648e-16 	0
0.0671875 	0.9999 	2.86438e-18 	3 	5.90735e-16 	0
0.0703125 	0.9999 	2.86438e-18 	3 	6.88127e-16 	0
0.0734375 	0.9999 	2.86438e-18 	3 	-2.06728e-16 	0
0.0765625 	0.9999 	2.86438e-18 	3 	-5.75903e-16 	0
0.0796875 	0.9999 	2.86438e-18 	3 	-7.53187e-16 	0
0.0828125 	0.9999 	2.86438e-18 	3 	-6.45237e-16 	0
0.0859375 	0.9999 	2.86438e-18 	3 	-8.25504e-16 	0
0.0890625 	0.9999 	2.86438e-18 	3 	-6.24174e-16 	0
0.0921875 	0.9999 	6.33382e-18 	3 	-1.12373e-16 	0
0.0953125 	0.9999 	1.1191e-17 	3 	-7.51024e-17 	0
0.0984375 	0.9999 	1.25788e-17 	3 	-7.13579e-16 	0
0.101563 	0.9999 	1.1191e-17 	3 	-1.08607e-15 	0
0.104688 	0.9999 	1.32727e-17 	3 	-7.99953e-16 	0
0.107813 	0.9999 	1.67422e-17 	3 	-4.82512e-16 	0
0.110938 	0.9999 	1.67422e-17 	3 	-3.4111e-16 	0
0.114063 	0.9999 	1.67422e-17 	3 	-7.77487e-16 	0
0.117188 	0.9999 	1.67422e-17 	3 	-8.97119e-16 	0
0.120313 	0.9999 	1.53544e-17 	3 	-1.37129e-15 	0
0.123438 	0.9999 	1.39666e-17 	3 	-9.31157e-16 	0
0.126563 	0.9999 	1.39666e-17 	3 	9.25881e-17 	0
0.129688 	0.9999 	1.39666e-17 	3 	-3.25089e-17 	0
0.132813 	0.9999 	1.39666e-17 	3 	-3.17793e-16 	0
0.135938 	0.9999 	1.39666e-17 	3 	-1.03509e-15 	0
0.139063 	0.9999 	1.39666e-17 	3 	-9.18487e-16 	0
0.142188 	0.9999 	1.39666e-17 	3 	-2.58507e-16 	0
0.145313 	0.9999 	1.39666e-17 	3 	5.90741e-16 	0
0.148438 	0.9999 	1.36197e-17 	3 	4.36269e-16 	0
0.151563 	0.9999 	1.32727e-17 	3 	-1.93573e-16 	0
0.154688 	0.9999 	1.32727e-17 	3 	-2.06522e-16 	0
0.157813 	0.9999 	1.32727e-17 	3 	1.43652e-17 	0
0.160938 	0.9999 	1.32727e-17 	3 	2.88223e-18 	0
0.164063 	0.9999 	1.32727e-17 	3 	1.0065e-16 	0
0.167188 	0.9999 	1.32727e-17 	3 	5.41929e-16 	0
0.170313 	0.9999 	1.32727e-17 	3 	2.56614e-16 	0
0.173438 	0.9999 	1.32727e-17 	3 	-4.79403e-16 	0
0.176563 	0.9999 	1.32727e-17 	3 	-5.55554e-16 	0
0.179688 	0.9999 	1.32727e-17 	3 	-2.07096e-16 	0
0.182813 	0.9999 	1.32727e-17 	3 	-3.385e-16 	0
0.185938 	0.9999 	1.32727e-17 	3 	-4.33604e-16 	0
0.189063 	0.9999 	1.32727e-17 	3 	-1.35404e-15 	0
0.192188 	0.9999 	1.32727e-17 	3 	-1.2237e-15 	0
0.195313 	0.9999 	1.67422e-17 	3 	-6.42095e-17 	0
0.198438 	0.9999 	2.02116e-17 	3 	-1.8084e-16 	0
0.201563 	0.9999 	1.88238e-17 	3 	-1.33014e-16 	0
0.204688 	0.9999 	1.60483e-17 	3 	4.65786e-16 	0
0.207813 	0.9999 	1.46605e-17 	3 	1.39734e-15 	0
0.210938 	0.9999 	1.32727e-17 	3 	8.69601e-16 	0
0.214063 	0.9999 	1.18849e-17 	3 	4.46415e-16 	0
0.217188 	0.9999 	1.18849e-17 	3 	2.60181e-16 	0
0.220313 	0.9999 	1.18849e-17 	3 	2.40592e-16 	0
0.223438 	0.9999 	1.18849e-17 	3 	4.55944e-16 	0
0.226563 	0.9999 	1.36197e-17 	3 	8.39522e-16 	0
0.229688 	0.9999 	1.53544e-17 	3 	6.825e-16 	0
0.232813 	0.9999 	1.53544e-17 	3 	-6.79917e-17 	0
0.235938 	0.9999 	1.70891e-17 	3 	-1.0772e-16 	0
0.239063 	0.9999 	1.88238e-17 	3 	-3.09075e-16 	0
0.242188 	0.9999 	1.70891e-17 	3 	-1.91618e-16 	0
0.245313 	0.9999 	1.53544e-17 	3 	3.65504e-17 	0
0.248438 	0.9999 	1.67422e-17 	3 	3.63415e-16 	0
0.251563 	0.9999 	1.81299e-17 	3 	7.66604e-16 	0
0.254688 	0.9999 	1.81299e-17 	3 	8.65125e-16 	0
0.257813 	0.9999 	1.81299e-17 	3 	1.01447e-15 	0
0.260938 	0.9999 	1.81299e-17 	3 	5.43415e-16 	0
0.264063 	0.9999 	1.81299e-17 	3 	5.40165e-16 	0
0.267188 	0.9999 	1.81299e-17 	3 	9.01987e-16 	0
0.270313 	0.9999 	1.81299e-17 	3 	6.97033e-16 	0
0.273438 	0.9999 	1.81299e-17 	3 	7.56498e-16 	0
0.276563 	0.9999 	1.81299e-17 	3 	7.27242e-16 	0
0.279688 	0.9999 	1.81299e-17 	3 	8.18781e-16 	0
0.282813 	0.9999 	1.81299e-17 	3 	2.08584e-16 	0
0.285938 	0.9999 	1.81299e-17 	3 	-7.9402e-16 	0
0.289063 	0.9999 	1.81299e-17 	3 	-3.75145e-16 	0
0.292188 	0.9999 	1.81299e-17 	3 	2.50595e-16 	0
0.295313 	0.9999 	1.95177e-17 	3 	3.44747e-16 	0
0.298438 	0.9999 	1.95177e-17 	3 	6.16712e-16 	0
0.301563 	0.9999 	1.95177e-17 	3 	7.53603e-16 	0
0.304688 	0.9999 	2.09055e-17 	3 	1.70446e-16 	0
0.307813 	0.9999 	2.09055e-17 	3 	1.80193e-16 	0
0.310938 	0.9999 	2.09055e-17 	3 	-1.49006e-16 	0
0.314063 	0.9999 	2.09055e-17 	3 	-7.35063e-16 	0
0.317188 	0.9999 	2.09055e-17 	3 	-8.39768e-16 	0
0.320313 	0.9999 	2.09055e-17 	3 	-2.65037e-16 	0
0.323438 	0.9999 	2.09055e-17 	3 	3.1161e-16 	0
0.326563 	0.9999 	2.09055e-17 	3 	4.92937e-16 	0
0.329688 	0.9999 	2.09055e-17 	3 	4.94175e-16 	0
0.332813 	0.9999 	2.09055e-17 	3 	5.37441e-16 	0
0.335938 	0.9999 	2.26402e-17 	3 	1.75401e-17 	0
0.339063 	0.9999 	2.43749e-17 	3 	-9.60323e-16 	0
0.342188 	0.9999 	2.43749e-17 	3 	-2.50002e-15 	0
0.345313 	0.9999 	2.43749e-17 	3 	-2.40655e-15 	0
0.348438 	0.9999 	2.57627e-17 	3 	-2.52521e-15 	0
0.351563 	0.9999 	2.57627e-17 	3 	-2.58849e-15 	0
0.354688 	0.9999 	2.43749e-17 	3 	-1.22486e-15 	0
0.357813 	0.9999 	2.43749e-17 	3 	-1.62351e-16 	0
0.360938 	0.9999 	2.43749e-17 	3 	3.52226e-16 	0
0.364063 	0.9999 	2.09055e-17 	3 	6.54772e-16 	0
0.367188 	0.9999 	1.74361e-17 	3 	4.00102e-16 	0
0.370313 	0.9999 	1.60483e-17 	3 	2.72779e-16 	0
0.373438 	0.9999 	1.46605e-17 	3 	2.10034e-16 	0
0.376563 	0.9999 	1.46605e-17 	3 	-3.02503e-17 	0
0.379688 	0.9999 	1.46605e-17 	3 	9.34432e-17 	0
0.382813 	0.9999 	1.46605e-17 	3 	3.44274e-16 	0
0.385938 	0.9999 	1.46605e-17 	3 	7.41478e-16 	0
0.389063 	0.9999 	1.46605e-17 	3 	5.09417e-16 	0
0.392188 	0.9999 	1.1191e-17 	3 	1.20254e-16 	0
0.395313 	0.9999 	7.7216e-18 	3 	-1.91637e-16 	0
0.398438 	0.9999 	6.33382e-18 	3 	-3.58821e-16 	0
0.401563 	0.9999 	4.94604e-18 	3 	-6.64103e-16 	0
0.404688 	0.9999 	4.94604e-18 	3 	-2.54653e-16 	0
0.407813 	0.9999 	4.94604e-18 	3 	1.02436e-16 	0
0.410938 	0.9999 	4.94604e-18 	3 	-1.93187e-16 	0
0.414063 	0.9999 	4.94604e-18 	3 	2.36011e-16 	0
0.417188 	0.9999 	4.94604e-18 	3 	6.96523e-16 	0
0.420313 	0.9999 	4.94604e-18 	3 	6.44988e-16 	0
0.423438 	0.9999 	4.94604e-18 	3 	5.97439e-16 	0
0.426563 	0.9999 	4.94604e-18 	3 	9.95181e-16 	0
0.429688 	0.9999 	6.68077e-18 	3 	5.93905e-16 	0
0.432813 	0.9999 	8.41549e-18 	3 	5.4166e-16 	0
0.435938 	0.9999 	9.80327e-18 	3 	-1.79085e-17 	0
0.439063 	0.9999 	1.1191e-17 	3 	-5.12919e-16 	0
0.442188 	0.9999 	1.1191e-17 	3 	-3.38772e-16 	0
0.445313 	0.9999 	1.1191e-17 	3 	-2.08778e-16 	0
0.448438 	0.9999 	1.29258e-17 	3 	-6.13471e-16 	0
0.451563 	0.9999 	1.46605e-17 	3 	-3.71025e-16 	0
0.454688 	0.9999 	1.46605e-17 	3 	-2.26021e-17 	0
0.457813 	0.9999 	1.46605e-17 	3 	-1.93195e-16 	0
0.460938 	0.9999 	1.95177e-17 	3 	-5.64026e-16 	0
0.464063 	0.9999 	2.43749e-17 	3 	-1.02754e-15 	0
0.467188 	0.9999 	2.43749e-17 	3 	-1.09567e-15 	0
0.470313 	0.9999 	2.29872e-17 	3 	-1.1701e-15 	0
0.473438 	0.9999 	2.15994e-17 	3 	-1.17363e-15 	0
0.476563 	0.9999 	2.15994e-17 	3 	-9.13195e-16 	0
0.479688 	0.9999 	2.15994e-17 	3 	5.58742e-16 	0
0.482813 	0.9999 	2.15994e-17 	3 	5.64895e-16 	0
0.485938 	0.9999 	2.02116e-17 	3 	1.30127e-17 	0
0.489063 	0.9999 	1.88238e-17 	3 	-9.24318e-16 	0
0.492188 	0.9999 	1.88238e-17 	3 	-1.62002e-15 	0
0.495313 	0.9999 	1.88238e-17 	3 	-1.15113e-15 	0
0.498438 	0.9999 	1.88238e-17 	3 	-8.76009e-16 	0
0.501563 	0.9999 	1.88238e-17 	3 	-3.54171e-16 	0
0.504688 	0.9999 	1.88238e-17 	3 	1.09812e-16 	0
0.507813 	0.9999 	1.88238e-17 	3 	9.96939e-16 	0
0.510938 	0.9999 	1.88238e-17 	3 	1.64033e-15 	0
0.514063 	0.9999 	1.88238e-17 	3 	6.06644e-16 	0
0.517188 	0.9999 	2.05586e-17 	3 	-6.61755e-16 	0
0.520313 	0.9999 	2.05586e-17 	3 	-1.04813e-15 	0
0.523438 	0.9999 	1.88238e-17 	3 	-1.14239e-15 	0
0.526563 	0.9999 	2.05586e-17 	3 	-1.5319e-15 	0
0.529688 	0.9999 	2.22933e-17 	3 	-3.18714e-16 	0
0.532813 	0.9999 	2.22933e-17 	3 	1.63427e-16 	0
0.535938 	0.9999 	2.22933e-17 	3 	2.85549e-16 	0
0.539063 	0.9999 	2.22933e-17 	3 	8.6612e-17 	0
0.542188 	0.9999 	2.22933e-17 	3 	4.6141e-16 	0
0.545313 	0.9999 	2.22933e-17 	3 	3.77348e-16 	0
0.548438 	0.9999 	1.88238e-17 	3 	6.59576e-16 	0
0.551563 	0.9999 	1.53544e-17 	3 	6.19134e-16 	0
0.554688 	0.9999 	1.53544e-17 	3 	7.50434e-16 	0
0.557813 	0.9999 	1.53544e-17 	3 	3.91599e-16 	0
0.560938 	0.9999 	1.53544e-17 	3 	-2.72257e-16 	0
0.564063 	0.9999 	1.53544e-17 	3 	-3.24339e-16 	0
0.567188 	0.9999 	1.53544e-17 	3 	-1.50027e-16 	0
0.570313 	0.9999 	1.53544e-17 	3 	-2.33131e-16 	0
0.573438 	0.9999 	1.53544e-17 	3 	-2.36248e-16 	0
0.576563 	0.9999 	1.18849e-17 	3 	-2.46176e-16 	0
0.579688 	0.9999 	8.41549e-18 	3 	-8.68451e-17 	0
0.582813 	0.9999 	8.41549e-18 	3 	1.45354e-16 	0
0.585938 	0.9999 	8.41549e-18 	3 	2.18301e-16 	0
0.589063 	0.9999 	1.01502e-17 	2.29834 	0.00309703 	0
0.592188 	0.9999 	1.18849e-17 	0.832796 	0.00565618 	0
0.595313 	0.9999 	1.18849e-17 	0.729944 	0.00576903 	0
0.598438 	0.9999 	8.76244e-18 	0.744846 	0.00571115 	0
0.601563 	0.9999 	3.90521e-18 	0.75668 	0.0051442 	0
0.604688 	0.9999 	2.17049e-18 	0.76799 	0.00426454 	0
0.607813 	0.9999 	2.17049e-18 	0.777015 	0.00302922 	0
0.610938 	0.9999 	2.17049e-18 	0.783421 	0.00223377 	0
0.614063 	0.9999 	2.17049e-18 	0.78788 	0.00179796 	0
0.617188 	0.9999 	2.17049e-18 	0.790536 	0.00125565 	0
0.620313 	0.9999 	2.17049e-18 	0.792786 	0.00120803 	0
0.623438 	0.9999 	3.55826e-18 	0.793829 	0.00128071 	0
0.626563 	0.9999 	4.94604e-18 	0.79402 	0.00156766 	0
0.629688 	0.9999 	8.41549e-18 	0.79287 	0.00185532 	0
0.632813 	0.9999 	1.18849e-17 	0.789533 	0.00187108 	0
0.635938 	0.9999 	1.18849e-17 	0.786512 	0.00141507 	0
0.639063 	0.9999 	1.18849e-17 	0.787641 	0.00098969 	0
0.642188 	0.9999 	1.18849e-17 	0.790122 	0.00072562 	0
0.645313 	0.9999 	1.18849e-17 	0.794334 	0.000817128 	0
0.648438 	0.9999 	1.18849e-17 	0.800537 	0.00105589 	0
0.651563 	0.9999 	1.18849e-17 	0.808539 	0.00146388 	0
0.654688 	0.9999 	1.18849e-17 	0.818006 	0.00218609 	0
0.657813 	0.9999 	1.18849e-17 	0.828492 	0.00298198 	0
0.660938 	0.9999 	1.18849e-17 	0.839571 	0.00366059 	0
0.664063 	0.9999 	1.18849e-17 	0.850809 	0.00402858 	0
0.667188 	0.9999 	1.18849e-17 	0.861163 	0.00366603 	0
0.670313 	0.9999 	1.18849e-17 	0.869369 	0.00276279 	0
0.673438 	0.9999 	1.18849e-17 	0.875302 	0.00164924 	0
0.676563 	0.9999 	1.18849e-17 	0.879524 	0.000856007 	0
0.679688 	0.9999 	1.18849e-17 	0.882933 	0.000437547 	0
0.682813 	0.9999 	1.18849e-17 	0.88515 	0.000342686 	0
0.685938 	0.9999 	1.18849e-17 	0.887124 	0.000205033 	0
0.689063 	0.9999 	1.18849e-17 	0.888729 	7.11665e-05 	0
0.692188 	0.9999 	1.18849e-17 	0.890276 	2.38599e-05 	0
0.695313 	0.9999 	1.18849e-17 	0.891883 	1.32655e-05 	0
0.698438 	0.9999 	1.18849e-17 	0.894176 	0.000294888 	0
0.701563 	0.9999 	1.18849e-17 	0.89726 	0.00043525 	0
0.704688 	0.9999 	1.04972e-17 	0.899757 	0.000697339 	0
0.707813 	0.9999 	5.63993e-18 	0.90233 	0.00095139 	0
0.710938 	0.9999 	2.17049e-18 	0.90534 	0.00134541 	0
0.714063 	0.9999 	7.82707e-19 	0.909251 	0.00197824 	0
0.717188 	0.9999 	-6.05072e-19 	0.914658 	0.00278566 	0
0.720313 	0.9999 	-6.05072e-19 	0.922086 	0.00362208 	0
0.723438 	0.9999 	-6.05072e-19 	0.931359 	0.00432663 	0
0.726563 	0.9999 	-6.05072e-19 	0.942055 	0.00475358 	0
0.729688 	0.9999 	-6.05072e-19 	0.953303 	0.00468648 	0
0.732813 	0.9999 	-6.05072e-19 	0.963918 	0.00413294 	0
0.735938 	0.9999 	-6.05072e-19 	0.972857 	0.00324707 	0
0.739063 	0.9999 	-6.05072e-19 	0.979625 	0.00199437 	0
0.742188 	0.9999 	-2.3398e-18 	0.984872 	0.000955289 	0
0.745313 	0.9999 	-4.07452e-18 	0.988602 	0.000600513 	0
0.748438 	0.9999 	-4.07452e-18 	0.991455 	0.000522354 	0
0.751563 	0.9999 	-2.68674e-18 	0.994033 	0.000436419 	0
0.754688 	0.9999 	-1.29896e-18 	0.996398 	0.000277651 	0
0.757813 	0.9999 	-1.29896e-18 	0.998601 	5.99725e-05 	0
0.760938 	0.9999 	-1.29896e-18 	1.00085 	-5.36808e-05 	0
0.764063 	0.9999 	-1.29896e-18 	1.00327 	3.7607e-05 	0
0.767188 	0.9999 	-1.29896e-18 	1.00663 	0.000313385 	0
0.770313 	0.9999 	-1.29896e-18 	1.01005 	0.000463906 	0
0.773438 	0.9999 	-1.29896e-18 	1.01289 	0.000645819 	0
0.776563 	0.9999 	-1.29896e-18 	1.01591 	0.000946922 	0
0.779688 	0.9999 	-1.29896e-18 	1.01931 	0.00118992 	0
0.782813 	0.9999 	-1.29896e-18 	1.02349 	0.00163403 	0
0.785938 	0.9999 	-1.29896e-18 	1.02901 	0.002248 	0
0.789063 	0.9999 	-1.29896e-18 	1.03621 	0.00290911 	0
0.792188 	0.9999 	-1.29896e-18 	1.04519 	0.00349694 	0
0.795313 	0.9999 	-1.29896e-18 	1.05542 	0.00395443 	0
0.798438 	0.9999 	-1.29896e-18 	1.06604 	0.00407877 	0
0.801563 	0.9999 	-1.29896e-18 	1.07624 	0.00397823 	0
0.804688 	0.9999 	-1.29896e-18 	1.08496 	0.00315824 	0
0.807813 	0.9999 	-1.29896e-18 	1.09123 	0.00205887 	0
0.810938 	0.9999 	-1.29896e-18 	1.09636 	0.0012894 	0
0.814063 	0.9999 	-1.29896e-18 	1.09996 	0.000807878 	0
0.817188 	0.9999 	-1.29896e-18 	1.10274 	0.000715955 	0
0.820313 	0.9999 	-1.29896e-18 	1.10524 	0.000633687 	0
0.823438 	0.9999 	-1.29896e-18 	1.10749 	0.000593784 	0
0.826563 	0.9999 	-1.29896e-18 	1.10965 	0.000705312 	0
0.829688 	0.9999 	-1.29896e-18 	1.11206 	0.000812596 	0
0.832813 	0.9999 	-1.29896e-18 	1.11475 	0.000907342 	0
0.835938 	0.9999 	-1.29896e-18 	1.11777 	0.00107043 	0
0.839063 	0.9999 	-1.29896e-18 	1.12093 	0.00111739 	0
0.842188 	0.9999 	-1.29896e-18 	1.12359 	0.000819441 	0
0.845313 	0.9999 	-1.29896e-18 	1.12632 	0.000369004 	0
0.848438 	0.9999 	-1.29896e-18 	1.12989 	0.000222114 	0
0.851563 	0.9999 	-1.29896e-18 	1.13383 	0.000288592 	0
0.854688 	0.9999 	-1.29896e-18 	1.13839 	0.000572413 	0
0.857813 	0.9999 	-1.29896e-18 	1.14417 	0.00109354 	0
0.860938 	0.9999 	-1.29896e-18 	1.15129 	0.00184153 	0
0.864063 	0.9999 	-1.29896e-18 	1.15956 	0.00254036 	0
0.867188 	0.9999 	-1.29896e-18 	1.16889 	0.0030316 	0
0.870313 	0.9999 	-1.29896e-18 	1.17863 	0.00336271 	0
0.873438 	0.9999 	-1.29896e-18 	1.18803 	0.00359111 	0
0.876563 	0.9999 	-1.29896e-18 	1.19667 	0.00327169 	0
0.879688 	0.9999 	-1.29896e-18 	1.20409 	0.00244108 	0
0.882813 	0.9999 	-1.29896e-18 	1.21038 	0.00179301 	0
0.885938 	0.9999 	-1.29896e-18 	1.21593 	0.0017399 	0
0.889063 	0.9999 	-1.29896e-18 	1.22145 	0.00176123 	0
0.892188 	0.9999 	-1.29896e-18 	1.22675 	0.00171004 	0
0.895313 	0.9999 	-1.29896e-18 	1.23101 	0.00162842 	0
0.898438 	0.9999 	-1.29896e-18 	1.23516 	0.00128591 	0
0.901563 	0.9999 	-1.29896e-18 	1.23869 	0.000725587 	0
0.904688 	0.9999 	-1.29896e-18 	1.24178 	0.00025526 	0
0.907813 	0.9999 	-1.29896e-18 	1.2447 	-8.59681e-05 	0
0.910938 	0.9999 	-1.29896e-18 	1.24768 	-0.000348093 	0
0.914063 	0.9999 	-1.29896e-18 	1.25068 	-0.000412908 	0
0.917188 	0.9999 	-1.29896e-18 	1.25435 	-0.000466335 	0
0.920313 	0.9999 	-1.29896e-18 	1.25891 	-0.000448141 	0
0.923438 	0.9999 	-1.29896e-18 	1.26362 	-0.000195761 	0
0.926563 	0.9999 	-1.29896e-18 	1.26853 	0.000362231 	0
0.929688 	0.9999 	-1.29896e-18 	1.27348 	0.000999411 	0
0.932813 	0.9999 	-1.29896e-18 	1.27858 	0.00147046 	0
0.935938 	0.9999 	-1.29896e-18 	1.28368 	0.00181559 	0
0.939063 	0.9999 	-1.29896e-18 	1.2888 	0.00219692 	0
0.942188 	0.9999 	-1.29896e-18 	1.29413 	0.00261071 	0
0.945313 	0.9999 	-1.29896e-18 	1.29995 	0.00298472 	0
0.948438 	0.9999 	-1.29896e-18 	1.30635 	0.00296973 	0
0.951563 	0.9999 	-1.29896e-18 	1.31307 	0.00239184 	0
0.954688 	0.9999 	-1.29896e-18 	1.31999 	0.00158804 	0
0.957813 	0.9999 	-1.29896e-18 	1.32695 	0.00075328 	0
0.960938 	0.9999 	-1.29896e-18 	1.33365 	-9.74338e-05 	0
0.964063 	0.9999 	-1.29896e-18 	1.33982 	-0.000935601 	0
0.967188 	0.9999 	-1.29896e-18 	1.34573 	-0.00145356 	0
0.970313 	0.9999 	-1.29896e-18 	1.35221 	-0.00142242 	0
0.973438 	0.9999 	-1.29896e-18 	1.36017 	-0.000555007 	0
0.976563 	0.9999 	-1.29896e-18 	1.36793 	0.000975542 	0
0.979688 	0.9999 	-1.29896e-18 	1.37338 	0.00191048 	0
0.982813 	0.9999 	-1.29896e-18 	1.37851 	0.00224028 	0
0.985938 	0.9999 	-1.29896e-18 	1.3832 	0.00251961 	0
0.989063 	0.9999 	-1.29896e-18 	1.38647 	0.00268444 	0
0.992188 	0.9999 	-1.29896e-18 	1.3879 	0.00238524 	0
0.995313 	0.9999 	-1.29896e-18 	1.38854 	0.00131692 	0
0.998438 	0.9999 	-1.29896e-18 	1.39052 	-3.71413e-05 	0
1.00156 	0.9999 	-6.05072e-19 	1.3945 	-0.000682119 	0
1.00469 	0.9999 	8.88178e-20 	1.39964 	-0.000729526 	0
1.00781 	0.9999 	8.88178e-20 	1.40537 	-0.00067104 	0
1.01094 	0.9999 	8.88178e-20 	1.41129 	-0.000625881 	0
1.01406 	0.9999 	8.88178e-20 	1.4165 	-0.000604006 	0
1.01719 	0.9999 	-9.52016e-19 	1.42143 	-0.000530336 	0
1.02031 	0.9999 	-1.99285e-18 	1.42598 	-0.00042333 	0
1.02344 	0.9999 	-1.99285e-18 	1.42965 	-0.000366917 	0
1.02656 	0.9999 	-1.99285e-18 	1.43334 	-0.000314031 	0
1.02969 	0.9999 	-1.99285e-18 	1.4377 	-0.000185887 	0
1.03281 	0.9999 	-1.29896e-18 	1.44262 	0.000298645 	0
1.03594 	0.9999 	-6.05072e-19 	1.44866 	0.00106579 	0
1.03906 	0.9999 	-6.05072e-19 	1.45568 	0.0016597 	0
1.04219 	0.9999 	-6.05072e-19 	1.46287 	0.00191302 	0
1.04531 	0.9999 	-6.05072e-19 	1.46906 	0.00198458 	0
1.04844 	0.9999 	-6.05072e-19 	1.47369 	0.00200027 	0
1.05156 	0.9999 	-6.05072e-19 	1.47781 	0.00193065 	0
1.05469 	0.9999 	-6.05072e-19 	1.4817 	0.00136203 	0
1.05781 	0.9999 	-6.05072e-19 	1.48543 	0.000130663 	0
1.06094 	0.9999 	-6.05072e-19 	1.48936 	-0.000917212 	0
1.06406 	0.9999 	-6.05072e-19 	1.49392 	-0.00145405 	0
1.06719 	0.9999 	-6.05072e-19 	1.49949 	-0.00167484 	0
1.07031 	0.9999 	-6.05072e-19 	1.50589 	-0.00131031 	0
1.07344 	0.9999 	-6.05072e-19 	1.51229 	-0.000270398 	0
1.07656 	0.9999 	-5.4623e-18 	1.51844 	0.000680523 	0
1.07969 	0.9999 	-8.23785e-18 	1.52431 	0.00108331 	0
1.08281 	0.9999 	-6.15619e-18 	1.52969 	0.00128368 	0
1.08594 	0.9999 	-6.15619e-18 	1.53401 	0.00125723 	0
1.08906 	0.9999 	-4.76841e-18 	1.53736 	0.000812174 	0
1.09219 	0.9999 	-3.38063e-18 	1.54032 	-8.60775e-05 	0
1.09531 	0.9999 	-1.99285e-18 	1.54386 	-0.000937135 	0
1.09844 	0.9999 	-1.99285e-18 	1.54817 	-0.00136322 	0
1.10156 	0.9999 	-6.85008e-18 	1.55313 	-0.00147117 	0
1.10469 	0.9999 	-1.17073e-17 	1.55816 	-0.00146782 	0
1.10781 	0.9999 	-1.30951e-17 	1.56315 	-0.000976093 	0
1.11094 	0.9999 	-9.62563e-18 	1.56803 	-0.000412556 	0
1.11406 	0.9999 	-8.23785e-18 	1.57212 	5.36074e-05 	0
1.11719 	0.9999 	-8.93174e-18 	1.57523 	0.000318789 	0
1.12031 	0.9999 	-6.15619e-18 	1.57938 	0.000271202 	0
1.12344 	0.9999 	-3.38063e-18 	1.58424 	0.000203661 	0
1.12656 	0.9999 	-3.38063e-18 	1.5891 	2.96507e-06 	0
1.12969 	0.9999 	-6.15619e-18 	1.59402 	-0.000194111 	0
1.13281 	0.9999 	-7.54397e-18 	1.59918 	-0.000258067 	0
1.13594 	0.9999 	-8.93174e-18 	1.60448 	-0.000387788 	0
1.13906 	0.9999 	-1.17073e-17 	1.6097 	-0.000558127 	0
1.14219 	0.9999 	-1.30951e-17 	1.61485 	-0.000519713 	0
1.14531 	0.9999 	-1.30951e-17 	1.61992 	-0.000334476 	0
1.14844 	0.9999 	-1.30951e-17 	1.62502 	-0.000131029 	0
1.15156 	0.9999 	-1.17073e-17 	1.62998 	0.000131145 	0
1.15469 	0.9999 	-1.03195e-17 	1.63438 	0.000315677 	0
1.15781 	0.9999 	-1.44829e-17 	1.63874 	0.000304914 	0
1.16094 	0.9999 	-1.72584e-17 	1.64311 	2.943e-05 	0
1.16406 	0.9999 	-1.44829e-17 	1.64742 	-0.000411968 	0
1.16719 	0.9999 	-1.30951e-17 	1.65211 	-0.000893409 	0
1.17031 	0.9999 	-1.44829e-17 	1.65717 	-0.0012573 	0
1.17344 	0.9999 	-1.44829e-17 	1.66219 	-0.00151634 	0
1.17656 	0.9999 	-9.97258e-18 	1.66715 	-0.00174598 	0
1.17969 	0.9999 	-5.4623e-18 	1.67224 	-0.00191755 	0
1.18281 	0.9999 	-4.07452e-18 	1.67742 	-0.00189818 	0
1.18594 	0.9999 	-4.07452e-18 	1.68248 	-0.00158354 	0
1.18906 	0.9999 	-3.38063e-18 	1.6873 	-0.000938318 	0
1.19219 	0.9999 	-2.3398e-18 	1.69185 	-0.0001909 	0
1.19531 	0.9999 	-6.05072e-19 	1.69607 	0.000219612 	0
1.19844 	0.9999 	7.82707e-19 	1.69961 	0.00030776 	0
1.20156 	0.9999 	-6.05072e-19 	1.70261 	0.000240184 	0
1.20469 	0.9999 	-6.05072e-19 	1.70518 	-0.000195195 	0
1.20781 	0.9999 	4.25215e-18 	1.7073 	-0.000789622 	0
1.21094 	0.9999 	9.45632e-18 	1.70974 	-0.00129615 	0
1.21406 	0.9999 	1.1191e-17 	1.71365 	-0.00154615 	0
1.21719 	0.9999 	1.25788e-17 	1.71841 	-0.00163054 	0
1.22031 	0.9999 	1.25788e-17 	1.72315 	-0.00172665 	0
1.22344 	0.9999 	1.29258e-17 	1.72809 	-0.00184668 	0
1.22656 	0.9999 	1.63952e-17 	1.73352 	-0.00183079 	0
1.22969 	0.9999 	2.29872e-17 	1.73936 	-0.00146777 	0
1.23281 	0.9999 	2.78444e-17 	1.7448 	-0.000870312 	0
1.23594 	0.9999 	2.68036e-17 	1.74932 	-0.000571312 	0
1.23906 	0.9999 	2.71505e-17 	1.75335 	-0.000581053 	0
1.24219 	0.9999 	2.71505e-17 	1.75716 	-0.000758492 	0
1.24531 	0.9999 	2.71505e-17 	1.76041 	-0.0010553 	0
1.24844 	0.9999 	2.99261e-17 	1.76358 	-0.00127596 	0
1.25156 	0.9999 	2.99261e-17 	1.76703 	-0.0014932 	0
1.25469 	0.9999 	3.20077e-17 	1.77062 	-0.00162887 	0
1.25781 	0.9999 	3.54772e-17 	1.77433 	-0.001492 	0
1.26094 	0.9999 	3.54772e-17 	1.77818 	-0.00110931 	0
1.26406 	0.9999 	3.89466e-17 	1.78212 	-0.000594676 	0
1.26719 	0.9999 	4.2763e-17 	1.78603 	-0.000208254 	0
1.27031 	0.9999 	4.44977e-17 	1.7898 	-7.01177e-05 	0
1.27344 	0.9999 	4.9355e-17 	1.79351 	-0.000146219 	0
1.27656 	0.9999 	5.45591e-17 	1.79739 	-0.000392325 	0
1.27969 	0.9999 	5.62939e-17 	1.80139 	-0.000911264 	0
1.28281 	0.9999 	5.62939e-17 	1.80511 	-0.00160195 	0
1.28594 	0.9999 	5.76816e-17 	1.80884 	-0.00221374 	0
1.28906 	0.9999 	6.04572e-17 	1.81291 	-0.00268819 	0
1.29219 	0.9999 	6.1845e-17 	1.81761 	-0.00308781 	0
1.29531 	0.9999 	6.32328e-17 	1.82281 	-0.0033614 	0
1.29844 	0.9999 	6.46205e-17 	1.82811 	-0.00356949 	0
1.30156 	0.9999 	6.42736e-17 	1.83389 	-0.00283277 	0
1.30469 	0.9999 	6.04572e-17 	1.8391 	-0.00135972 	0
1.30781 	0.9999 	5.56e-17 	1.84411 	-0.000297821 	0
1.31094 	0.9999 	5.56e-17 	1.84832 	0.000674005 	0
1.31406 	0.9999 	5.45591e-17 	1.85041 	0.00124236 	0
1.31719 	0.9999 	5.21305e-17 	1.85068 	0.00116386 	0
1.32031 	0.9999 	4.9008e-17 	1.85032 	-0.000342511 	0
1.32344 	0.9999 	4.72733e-17 	1.8504 	-0.00266361 	0
1.32656 	0.9999 	5.00489e-17 	1.85266 	-0.00444086 	0
1.32969 	0.9999 	4.65794e-17 	1.85624 	-0.0053015 	0
1.33281 	0.9999 	4.311e-17 	1.85998 	-0.00569011 	0
1.33594 	0.9999 	4.41508e-17 	1.86577 	-0.00612673 	0
1.33906 	0.9999 	4.24161e-17 	1.8761 	-0.0060738 	0
1.34219 	0.9999 	4.10283e-17 	1.88681 	-0.0040301 	0
1.34531 	0.9999 	3.99875e-17 	1.89443 	-0.00071867 	0
1.34844 	0.9999 	3.89466e-17 	1.89839 	0.00136853 	0
1.35156 	0.9999 	3.89466e-17 	1.90222 	0.00247573 	0
1.35469 	0.9999 	4.03344e-17 	1.90406 	0.00320625 	0
1.35781 	0.9999 	4.17222e-17 	1.90228 	0.00324541 	0
1.36094 	0.9999 	4.17222e-17 	1.89923 	0.00169942 	0
1.36406 	0.9999 	4.17222e-17 	1.89764 	-0.00115483 	0
1.36719 	0.9999 	4.13752e-17 	1.89843 	-0.00374281 	0
1.37031 	0.9999 	4.10283e-17 	1.9016 	-0.00523663 	0
1.37344 	0.9999 	4.24161e-17 	1.90624 	-0.0056957 	0
1.37656 	0.9999 	4.10283e-17 	1.91166 	-0.00599746 	0
1.37969 	0.9999 	3.47833e-17 	1.91959 	-0.00616242 	0
1.38281 	0.9999 	2.78444e-17 	1.92903 	-0.00521873 	0
1.38594 	0.9999 	2.43749e-17 	1.93641 	-0.00309685 	0
1.38906 	0.9999 	2.43749e-17 	1.94232 	-0.00142541 	0
1.39219 	0.9999 	2.43749e-17 	1.94805 	-0.000606132 	0
1.39531 	0.9999 	2.57627e-17 	1.95296 	0.000142441 	0
1.39844 	0.9999 	2.68036e-17 	1.95548 	0.000474673 	0
1.40156 	0.9999 	2.78444e-17 	1.95528 	-4.04256e-06 	0
1.40469 	0.9999 	2.92322e-17 	1.95377 	-0.00155057 	0
1.40781 	0.9999 	2.92322e-17 	1.95438 	-0.00276345 	0
1.41094 	0.9999 	2.88852e-17 	1.95843 	-0.00312796 	0
1.41406 	0.9999 	3.20077e-17 	1.96305 	-0.00319511 	0
1.41719 	0.9999 	3.54772e-17 	1.96817 	-0.00277613 	0
1.42031 	0.9999 	3.54772e-17 	1.97329 	-0.00203088 	0
1.42344 	0.9999 	3.61711e-17 	1.978 	-0.00166565 	0
1.42656 	0.9999 	3.54772e-17 	1.98143 	-0.00125455 	0
1.42969 	0.9999 	3.58241e-17 	1.98146 	-0.00122345 	0
1.43281 	0.9999 	3.75588e-17 	1.97972 	-0.00207252 	0
1.43594 	0.9999 	3.75588e-17 	1.98093 	-0.0027604 	0
1.43906 	0.9999 	3.75588e-17 	1.98472 	-0.00294666 	0
1.44219 	0.9999 	3.61711e-17 	1.98859 	-0.00313096 	0
1.44531 	0.9999 	3.33955e-17 	1.99377 	-0.00337657 	0
1.44844 	0.9999 	3.20077e-17 	2.0014 	-0.00283194 	0
1.45156 	0.9999 	3.54772e-17 	2.00666 	-0.00188042 	0
1.45469 	0.9999 	3.92936e-17 	2.01032 	-0.00171629 	0
1.45781 	0.9999 	3.61711e-17 	2.01355 	-0.00161702 	0
1.46094 	0.9999 	3.13138e-17 	2.01491 	-0.00182113 	0
1.46406 	0.9999 	2.99261e-17 	2.01455 	-0.00274289 	0
1.46719 	0.9999 	2.81913e-17 	2.01538 	-0.0036136 	0
1.47031 	0.9999 	2.50688e-17 	2.01849 	-0.00407632 	0
1.47344 	0.9999 	2.36811e-17 	2.02224 	-0.00442023 	0
1.47656 	0.9999 	2.50688e-17 	2.02735 	-0.00399118 	0
1.47969 	0.9999 	2.64566e-17 	2.03179 	-0.00230912 	0
1.48281 	0.9999 	2.64566e-17 	2.03651 	-0.00135809 	0
1.48594 	0.9999 	2.64566e-17 	2.04096 	-0.000377836 	0
1.48906 	0.9999 	2.43749e-17 	2.04348 	0.000382432 	0
1.49219 	0.9999 	2.22933e-17 	2.04433 	0.000591477 	0
1.49531 	0.9999 	2.19463e-17 	2.04529 	0.000115022 	0
1.49844 	0.9999 	2.15994e-17 	2.04647 	-0.00125113 	0
1.50156 	0.9999 	2.19463e-17 	2.0478 	-0.00264544 	0
1.50469 	0.9999 	2.36811e-17 	2.05053 	-0.00364789 	0
1.50781 	0.9999 	2.64566e-17 	2.05504 	-0.00406923 	0
1.51094 	0.9999 	2.74974e-17 	2.05982 	-0.00434982 	0
1.51406 	0.9999 	2.85383e-17 	2.06546 	-0.00416966 	0
1.51719 	0.9999 	3.13138e-17 	2.07112 	-0.00282033 	0
1.52031 	0.9999 	3.27016e-17 	2.07579 	-0.00198747 	0
1.52344 	0.9999 	3.13138e-17 	2.08037 	-0.00126944 	0
1.52656 	0.9999 	2.99261e-17 	2.08275 	-0.000596566 	0
1.52969 	0.9999 	2.99261e-17 	2.08182 	-0.000651006 	0
1.53281 	0.9999 	2.88852e-17 	2.08014 	-0.00199396 	0
1.53594 	0.9999 	2.92322e-17 	2.08063 	-0.00333351 	0
1.53906 	0.9999 	3.062e-17 	2.08367 	-0.00395617 	0
1.54219 	0.9999 	3.062e-17 	2.08773 	-0.00417629 	0
1.54531 	0.9999 	3.062e-17 	2.09182 	-0.00444318 	0
1.54844 	0.9999 	3.20077e-17 	2.09789 	-0.00445865 	0
1.55156 	0.9999 	3.33955e-17 	2.10404 	-0.00322765 	0
1.55469 	0.9999 	3.6865e-17 	2.10773 	-0.00221934 	0
1.55781 	0.9999 	4.03344e-17 	2.11136 	-0.00175645 	0
1.56094 	0.9999 	4.17222e-17 	2.1134 	-0.00134237 	0
1.56406 	0.9999 	4.65794e-17 	2.11264 	-0.00152983 	0
1.56719 	0.9999 	4.86611e-17 	2.1121 	-0.00269737 	0
1.57031 	0.9999 	4.86611e-17 	2.11393 	-0.00372994 	0
1.57344 	0.9999 	5.00489e-17 	2.11685 	-0.00413847 	0
1.57656 	0.9999 	4.86611e-17 	2.11997 	-0.00433036 	0
1.57969 	0.9999 	4.76202e-17 	2.12439 	-0.00448097 	0
1.58281 	0.9999 	5.28244e-17 	2.13042 	-0.00395239 	0
1.58594 	0.9999 	5.76816e-17 	2.1336 	-0.00281247 	0
1.58906 	0.9999 	5.76816e-17 	2.13728 	-0.00207538 	0
1.59219 	0.9999 	5.76816e-17 	2.14039 	-0.00151076 	0
1.59531 	0.9999 	5.62939e-17 	2.14118 	-0.00140721 	0
1.59844 	0.9999 	5.49061e-17 	2.14133 	-0.00170057 	0
1.60156 	0.9999 	5.49061e-17 	2.14381 	-0.00222953 	0
1.60469 	0.9999 	5.62939e-17 	2.14735 	-0.00283748 	0
1.60781 	0.9999 	5.76816e-17 	2.15075 	-0.00339435 	0
1.61094 	0.9999 	5.80286e-17 	2.1543 	-0.00380288 	0
1.61406 	0.9999 	5.83755e-17 	2.15877 	-0.00407548 	0
1.61719 	0.9999 	5.83755e-17 	2.16366 	-0.00426079 	0
1.62031 	0.9999 	5.83755e-17 	2.16836 	-0.00440777 	0
1.62344 	0.9999 	5.69877e-17 	2.17261 	-0.00428402 	0
1.62656 	0.9999 	5.38652e-17 	2.17639 	-0.00356977 	0
1.62969 	0.9999 	5.21305e-17 	2.17898 	-0.00247131 	0
1.63281 	0.9999 	5.21305e-17 	2.17913 	-0.00154466 	0
1.63594 	0.9999 	5.21305e-17 	2.17803 	-0.00123854 	0
1.63906 	0.9999 	5.35183e-17 	2.17845 	-0.00150526 	0
1.64219 	0.9999 	5.49061e-17 	2.18077 	-0.00180967 	0
1.64531 	0.9999 	5.31714e-17 	2.18359 	-0.002302 	0
1.64844 	0.9999 	5.00489e-17 	2.18613 	-0.00307019 	0
1.65156 	0.9999 	5.00489e-17 	2.18823 	-0.00387864 	0
1.65469 	0.9999 	5.28244e-17 	2.19053 	-0.00454327 	0
1.65781 	0.9999 	5.97633e-17 	2.19369 	-0.00508874 	0
1.66094 	0.9999 	6.53144e-17 	2.19713 	-0.00540342 	0
1.66406 	0.9999 	6.53144e-17 	2.2004 	-0.00565102 	0
1.66719 	0.9999 	6.04572e-17 	2.20483 	-0.00470111 	0
1.67031 	0.9999 	5.42122e-17 	2.2087 	-0.00308869 	0
1.67344 	0.9999 	5.49061e-17 	2.21209 	-0.00183026 	0
1.67656 	0.9999 	5.69877e-17 	2.21552 	-0.00115065 	0
1.67969 	0.9999 	5.69877e-17 	2.21848 	-0.000728537 	0
1.68281 	0.9999 	5.83755e-17 	2.22053 	-0.000584303 	0
1.68594 	0.9999 	5.97633e-17 	2.22172 	-0.000969907 	0
1.68906 	0.9999 	5.87225e-17 	2.22118 	-0.00238647 	0
1.69219 	0.9999 	5.76816e-17 	2.21912 	-0.00410746 	0
1.69531 	0.9999 	5.59469e-17 	2.21885 	-0.00519404 	0
1.69844 	0.9999 	5.42122e-17 	2.22111 	-0.00553007 	0
1.70156 	0.9999 	5.42122e-17 	2.22406 	-0.0056417 	0
1.70469 	0.9999 	5.42122e-17 	2.22994 	-0.00500136 	0
1.70781 	0.9999 	5.42122e-17 	2.23456 	-0.00324854 	0
1.71094 	0.9999 	5.28244e-17 	2.23798 	-0.00224646 	0
1.71406 	0.9999 	5.14366e-17 	2.24152 	-0.000938598 	0
1.71719 	0.9999 	5.14366e-17 	2.24274 	6.53881e-05 	0
1.72031 	0.9999 	4.79672e-17 	2.24178 	0.000267603 	0
1.72344 	0.9999 	4.44977e-17 	2.24064 	-0.000781897 	0
1.72656 	0.9999 	4.13752e-17 	2.2396 	-0.00307193 	0
1.72969 	0.9999 	3.82527e-17 	2.23961 	-0.00517253 	0
1.73281 	0.9999 	3.82527e-17 	2.24191 	-0.00634317 	0
1.73594 	0.9999 	3.6865e-17 	2.24572 	-0.00670261 	0
1.73906 	0.9999 	3.40894e-17 	2.24956 	-0.00700952 	0
1.74219 	0.9999 	2.92322e-17 	2.25811 	-0.00699221 	0
1.74531 	0.9999 	2.57627e-17 	2.2684 	-0.00448091 	0
1.74844 	0.9999 	2.43749e-17 	2.27384 	-0.00143485 	0
1.75156 	0.9999 	2.29872e-17 	2.27821 	0.000319524 	0
1.75469 	0.9999 	2.29872e-17 	2.28318 	0.00165593 	0
1.75781 	0.9999 	1.95177e-17 	2.28545 	0.00262601 	0
1.76094 	0.9999 	1.60483e-17 	2.28146 	0.00260739 	0
1.76406 	0.9999 	1.43136e-17 	2.27275 	-0.000280384 	0
1.76719 	0.9999 	1.29258e-17 	2.26599 	-0.00473016 	0
1.77031 	0.9999 	1.32727e-17 	2.26526 	-0.0075946 	0
1.77344 	0.9999 	1.18849e-17 	2.26731 	-0.0086129 	0
1.77656 	0.9999 	1.04972e-17 	2.26972 	-0.00897498 	0
1.77969 	0.9999 	1.04972e-17 	2.27504 	-0.00954137 	0
1.78281 	0.9999 	1.04972e-17 	2.2864 	-0.00967182 	0
1.78594 	0.9999 	9.10938e-18 	2.29817 	-0.00655524 	0
1.78906 	0.9999 	7.7216e-18 	2.30553 	-0.00234416 	0
1.79219 	0.9999 	7.7216e-18 	2.30883 	-0.00015422 	0
1.79531 	0.9999 	7.7216e-18 	2.31237 	0.000996288 	0
1.79844 	0.9999 	1.1191e-17 	2.31409 	0.00187567 	0
1.80156 	0.9999 	1.46605e-17 	2.31084 	0.00179788 	0
1.80469 	0.9999 	1.46605e-17 	2.30333 	-0.000656376 	0
1.80781 	0.9999 	1.60483e-17 	2.29757 	-0.00401967 	0
1.81094 	0.9999 	1.60483e-17 	2.29724 	-0.00584639 	0
1.81406 	0.9999 	1.36197e-17 	2.29914 	-0.00627781 	0
1.81719 	0.9999 	1.25788e-17 	2.30186 	-0.00638485 	0
1.82031 	0.9999 	1.60483e-17 	2.31013 	-0.00628483 	0
1.82344 	0.9999 	1.95177e-17 	2.32096 	-0.00431996 	0
1.82656 	0.9999 	1.95177e-17 	2.32611 	-0.00249326 	0
1.82969 	0.9999 	1.95177e-17 	2.33014 	-0.0014357 	0
1.83281 	0.9999 	1.95177e-17 	2.33443 	-0.000151093 	0
1.83594 	0.9999 	2.09055e-17 	2.33613 	0.000562681 	0
1.83906 	0.9999 	2.22933e-17 	2.33336 	7.38064e-05 	0
1.84219 	0.9999 	2.22933e-17 	2.32766 	-0.00273411 	0
1.84531 	0.9999 	2.43749e-17 	2.32401 	-0.00569976 	0
1.84844 	0.9999 	2.64566e-17 	2.32507 	-0.00711834 	0
1.85156 	0.9999 	2.64566e-17 	2.32823 	-0.00746427 	0
1.85469 	0.9999 	2.64566e-17 	2.33147 	-0.00763058 	0
1.85781 	0.9999 	2.64566e-17 	2.33894 	-0.00771118 	0
1.86094 	0.9999 	2.64566e-17 	2.35104 	-0.00615022 	0
1.86406 	0.9999 	2.64566e-17 	2.35899 	-0.00247928 	0
1.86719 	0.9999 	2.64566e-17 	2.36234 	-0.000474496 	0
1.87031 	0.9999 	2.64566e-17 	2.36714 	0.0014059 	0
1.87344 	0.9999 	2.64566e-17 	2.37025 	0.00268725 	0
1.87656 	0.9999 	2.29872e-17 	2.36643 	0.00293554 	0
1.87969 	0.9999 	1.60483e-17 	2.35417 	0.000385136 	0
1.88281 	0.9999 	1.08441e-17 	2.34323 	-0.00461073 	0
1.88594 	0.9999 	7.7216e-18 	2.34143 	-0.00797832 	0
1.88906 	0.9999 	8.06855e-18 	2.3431 	-0.00925421 	0
1.89219 	0.9999 	1.04972e-17 	2.34494 	-0.00964685 	0
1.89531 	0.9999 	1.1191e-17 	2.35032 	-0.0100902 	0
1.89844 	0.9999 	1.1191e-17 	2.36393 	-0.00979446 	0
1.90156 	0.9999 	1.1191e-17 	2.38056 	-0.00621273 	0
1.90469 	0.9999 	1.1191e-17 	2.38993 	-0.00120293 	0
1.90781 	0.9999 	1.1191e-17 	2.39332 	0.00119551 	0
1.91094 	0.9999 	1.1191e-17 	2.39697 	0.00273467 	0
1.91406 	0.9999 	1.1191e-17 	2.39768 	0.00392251 	0
1.91719 	0.9999 	1.1191e-17 	2.38969 	0.00368257 	0
1.92031 	0.9999 	1.29258e-17 	2.37377 	-0.000317057 	0
1.92344 	0.9999 	1.67422e-17 	2.36276 	-0.00549192 	0
1.92656 	0.9999 	1.88238e-17 	2.36155 	-0.008018 	0
1.92969 	0.9999 	2.02116e-17 	2.36282 	-0.00853861 	0
1.93281 	0.9999 	2.29872e-17 	2.36581 	-0.0088356 	0
1.93594 	0.9999 	2.43749e-17 	2.37533 	-0.00887208 	0
1.93906 	0.9999 	2.43749e-17 	2.38944 	-0.00693965 	0
1.94219 	0.9999 	2.78444e-17 	2.39783 	-0.00337541 	0
1.94531 	0.9999 	3.13138e-17 	2.40061 	-0.00211761 	0
1.94844 	0.9999 	3.13138e-17 	2.40436 	-0.000428673 	0
1.95156 	0.9999 	2.99261e-17 	2.40594 	0.000716738 	0
1.95469 	0.9999 	2.68036e-17 	2.40264 	0.000531765 	0
1.95781 	0.9999 	2.36811e-17 	2.39706 	-0.00187937 	0
1.96094 	0.9999 	2.22933e-17 	2.39505 	-0.00465341 	0
1.96406 	0.9999 	2.05586e-17 	2.39721 	-0.005965 	0
1.96719 	0.9999 	1.88238e-17 	2.40067 	-0.00624156 	0
1.97031 	0.9999 	1.43136e-17 	2.40431 	-0.00628991 	0
1.97344 	0.9999 	9.80327e-18 	2.41113 	-0.00627369 	0
1.97656 	0.9999 	1.1538e-17 	2.42236 	-0.00525093 	0
1.97969 	0.9999 	1.32727e-17 	2.42904 	-0.0023429 	0
1.98281 	0.9999 	1.18849e-17 	2.43229 	-0.000660327 	0
1.98594 	0.9999 	1.08441e-17 	2.43651 	0.00142276 	0
1.98906 	0.9999 	1.1191e-17 	2.43735 	0.00264012 	0
1.99219 	0.9999 	1.1191e-17 	2.42837 	0.00242593 	0
1.99531 	0.9999 	1.1191e-17 	2.41268 	-0.00145225 	0
1.99844 	0.9999 	9.80327e-18 	2.40473 	-0.00579202 	0
2.00156 	0.9999 	8.41549e-18 	2.40499 	-0.00777076 	0
2.00469 	0.9999 	8.41549e-18 	2.40677 	-0.00838852 	0
2.00781 	0.9999 	8.41549e-18 	2.40881 	-0.00871309 	0
2.01094 	0.9999 	8.41549e-18 	2.41554 	-0.00914621 	0
2.01406 	0.9999 	8.41549e-18 	2.43021 	-0.00863143 	0
2.01719 	0.9999 	8.41549e-18 	2.44539 	-0.0046092 	0
2.02031 	0.9999 	8.41549e-18 	2.45252 	-0.000714961 	0
2.02344 	0.9999 	8.41549e-18 	2.4555 	0.000591274 	0
2.02656 	0.9999 	9.80327e-18 	2.45893 	0.00183752 	0
2.02969 	0.9999 	1.1191e-17 	2.45882 	0.00246519 	0
2.03281 	0.9999 	9.80327e-18 	2.45072 	0.00131696 	0
2.03594 	0.9999 	8.41549e-18 	2.43845 	-0.00317079 	0
2.03906 	0.9999 	8.41549e-18 	2.43361 	-0.00689011 	0
2.04219 	0.9999 	9.80327e-18 	2.43405 	-0.00819011 	0
2.04531 	0.9999 	1.1191e-17 	2.43503 	-0.00856671 	0
2.04844 	0.9999 	1.1191e-17 	2.44012 	-0.00879161 	0
2.05156 	0.9999 	1.1191e-17 	2.45374 	-0.00841969 	0
2.05469 	0.9999 	1.1191e-17 	2.47186 	-0.00492422 	0
2.05781 	0.9999 	1.43136e-17 	2.48082 	-0.000727669 	0
2.06094 	0.9999 	1.60483e-17 	2.48391 	0.000907753 	0
2.06406 	0.9999 	1.81299e-17 	2.48725 	0.00292162 	0
2.06719 	0.9999 	2.15994e-17 	2.48443 	0.00387922 	0
2.07031 	0.9999 	2.15994e-17 	2.46973 	0.00233424 	0
2.07344 	0.9999 	2.15994e-17 	2.45322 	-0.00282377 	0
2.07656 	0.9999 	2.15994e-17 	2.44959 	-0.0063252 	0
2.07969 	0.9999 	2.15994e-17 	2.45177 	-0.00752561 	0
2.08281 	0.9999 	2.15994e-17 	2.45483 	-0.00779849 	0
2.08594 	0.9999 	2.15994e-17 	2.45926 	-0.00791644 	0
2.08906 	0.9999 	2.02116e-17 	2.47276 	-0.00791384 	0
2.09219 	0.9999 	1.88238e-17 	2.49136 	-0.00633121 	0
2.09531 	0.9999 	1.88238e-17 	2.50036 	-0.0034357 	0
2.09844 	0.9999 	1.88238e-17 	2.50297 	-0.0020271 	0
2.10156 	0.9999 	1.88238e-17 	2.50661 	0.000105306 	0
2.10469 	0.9999 	1.88238e-17 	2.50699 	0.00142993 	0
2.10781 	0.9999 	1.88238e-17 	2.49627 	0.00106838 	0
2.11094 	0.9999 	1.88238e-17 	2.47726 	-0.00265849 	0
2.11406 	0.9999 	1.88238e-17 	2.46975 	-0.00540648 	0
2.11719 	0.9999 	1.88238e-17 	2.47118 	-0.00608834 	0
2.12031 	0.9999 	2.05586e-17 	2.47341 	-0.00625231 	0
2.12344 	0.9999 	2.57627e-17 	2.47608 	-0.00648568 	0
2.12656 	0.9999 	3.27016e-17 	2.48453 	-0.00682783 	0
2.12969 	0.9999 	3.61711e-17 	2.50016 	-0.00639188 	0
2.13281 	0.9999 	3.47833e-17 	2.51316 	-0.00385978 	0
2.13594 	0.9999 	3.47833e-17 	2.51739 	-0.00206365 	0
2.13906 	0.9999 	3.61711e-17 	2.51971 	-0.00116937 	0
2.14219 	0.9999 	3.61711e-17 	2.52235 	6.05238e-06 	0
2.14531 	0.9999 	3.61711e-17 	2.52157 	0.000615905 	0
2.14844 	0.9999 	3.61711e-17 	2.51173 	-0.000408732 	0
2.15156 	0.9999 	3.61711e-17 	2.49514 	-0.00413415 	0
2.15469 	0.9999 	3.61711e-17 	2.48735 	-0.00651524 	0
2.15781 	0.9999 	3.61711e-17 	2.48733 	-0.00709845 	0
2.16094 	0.9999 	3.61711e-17 	2.48831 	-0.00724178 	0
2.16406 	0.9999 	3.61711e-17 	2.49187 	-0.00741374 	0
2.16719 	0.9999 	3.61711e-17 	2.5025 	-0.00732935 	0
2.17031 	0.9999 	3.61711e-17 	2.51948 	-0.0046394 	0
2.17344 	0.9999 	3.61711e-17 	2.53064 	-0.000880414 	0
2.17656 	0.9999 	3.61711e-17 	2.53366 	0.000535175 	0
2.17969 	0.9999 	3.61711e-17 	2.53749 	0.00199856 	0
2.18281 	0.9999 	3.61711e-17 	2.53828 	0.00297064 	0
2.18594 	0.9999 	3.61711e-17 	2.53025 	0.00247724 	0
2.18906 	0.9999 	3.75588e-17 	2.51577 	-0.00129295 	0
2.19219 	0.9999 	3.89466e-17 	2.50968 	-0.00498938 	0
2.19531 	0.9999 	3.89466e-17 	2.51134 	-0.00656318 	0
2.19844 	0.9999 	3.89466e-17 	2.51429 	-0.00702584 	0
2.20156 	0.9999 	3.89466e-17 	2.5176 	-0.00717676 	0
2.20469 	0.9999 	3.89466e-17 	2.52668 	-0.0071168 	0
2.20781 	0.9999 	4.06813e-17 	2.54285 	-0.00646127 	0
2.21094 	0.9999 	4.58855e-17 	2.5524 	-0.00429728 	0
2.21406 	0.9999 	4.9355e-17 	2.55484 	-0.0031763 	0
2.21719 	0.9999 	4.9355e-17 	2.55804 	-0.00135478 	0
2.22031 	0.9999 	5.07427e-17 	2.55834 	-0.000142584 	0
2.22344 	0.9999 	5.21305e-17 	2.54874 	-0.00049997 	0
2.22656 	0.9999 	5.21305e-17 	2.53193 	-0.00330139 	0
2.22969 	0.9999 	5.21305e-17 	2.52591 	-0.00507246 	0
2.23281 	0.9999 	5.21305e-17 	2.52733 	-0.00541521 	0
2.23594 	0.9999 	5.21305e-17 	2.52935 	-0.00546257 	0
2.23906 	0.9999 	5.21305e-17 	2.53147 	-0.0055131 	0
2.24219 	0.9999 	5.21305e-17 	2.53742 	-0.00557743 	0
2.24531 	0.9999 	5.21305e-17 	2.54963 	-0.00518662 	0
2.24844 	0.9999 	5.21305e-17 	2.56135 	-0.00360108 	0
2.25156 	0.9999 	5.21305e-17 	2.56554 	-0.00218723 	0
2.25469 	0.9999 	5.21305e-17 	2.56767 	-0.00150894 	0
2.25781 	0.9999 	5.07427e-17 	2.57006 	-0.000570807 	0
2.26094 	0.9999 	5.07427e-17 	2.56938 	-6.94605e-05 	0
2.26406 	0.9999 	5.21305e-17 	2.56169 	-0.00102562 	0
2.26719 	0.9999 	5.21305e-17 	2.55038 	-0.00389847 	0
2.27031 	0.9999 	5.21305e-17 	2.54672 	-0.00581558 	0
2.27344 	0.9999 	5.21305e-17 	2.54761 	-0.0064368 	0
2.27656 	0.9999 	5.21305e-17 	2.54875 	-0.00661781 	0
2.27969 	0.9999 	5.35183e-17 	2.55114 	-0.00676273 	0
2.28281 	0.9999 	5.49061e-17 	2.55946 	-0.00674443 	0
2.28594 	0.9999 	5.49061e-17 	2.57656 	-0.00610477 	0
2.28906 	0.9999 	5.49061e-17 	2.59253 	-0.00333646 	0
2.29219 	0.9999 	5.14366e-17 	2.5973 	-0.00137723 	0
2.29531 	0.9999 	4.79672e-17 	2.60005 	-0.000147439 	0
2.29844 	0.9999 	4.9355e-17 	2.60276 	0.00134572 	0
2.30156 	0.9999 	5.07427e-17 	2.59922 	0.00181936 	0
2.30469 	0.9999 	5.07427e-17 	2.58248 	-7.13641e-05 	0
2.30781 	0.9999 	5.07427e-17 	2.56235 	-0.00422233 	0
2.31094 	0.9999 	4.72733e-17 	2.55748 	-0.00603647 	0
2.31406 	0.9999 	4.38038e-17 	2.55932 	-0.00638814 	0
2.31719 	0.9999 	4.38038e-17 	2.56221 	-0.00644927 	0
2.32031 	0.9999 	4.38038e-17 	2.5666 	-0.00648072 	0
2.32344 	0.9999 	4.38038e-17 	2.57967 	-0.00632511 	0
2.32656 	0.9999 	4.38038e-17 	2.59586 	-0.00469375 	0
2.32969 	0.9999 	4.72733e-17 	2.60218 	-0.00277222 	0
2.33281 	0.9999 	5.07427e-17 	2.60482 	-0.00173033 	0
2.33594 	0.9999 	5.07427e-17 	2.6079 	-0.000315758 	0
2.33906 	0.9999 	5.07427e-17 	2.60661 	0.000342593 	0
2.34219 	0.9999 	5.07427e-17 	2.59712 	-0.000607561 	0
2.34531 	0.9999 	5.07427e-17 	2.58881 	-0.00279729 	0
2.34844 	0.9999 	5.07427e-17 	2.58923 	-0.00364823 	0
2.35156 	0.9999 	5.07427e-17 	2.59132 	-0.00383226 	0
2.35469 	0.9999 	5.07427e-17 	2.59354 	-0.00386117 	0
2.35781 	0.9999 	5.07427e-17 	2.59581 	-0.00388297 	0
2.36094 	0.9999 	5.07427e-17 	2.59975 	-0.00382213 	0
2.36406 	0.9999 	5.07427e-17 	2.60525 	-0.00336225 	0
2.36719 	0.9999 	5.07427e-17 	2.60811 	-0.00314896 	0
2.37031 	0.9999 	5.07427e-17 	2.60927 	-0.00307249 	0
2.37344 	0.9999 	5.07427e-17 	2.60929 	-0.00318649 	0
2.37656 	0.9999 	5.07427e-17 	2.60449 	-0.00357961 	0
2.37969 	0.9999 	5.07427e-17 	2.59602 	-0.00389214 	0
2.38281 	0.9999 	5.07427e-17 	2.59245 	-0.00408634 	0
2.38594 	0.9999 	5.07427e-17 	2.59342 	-0.00417438 	0
2.38906 	0.9999 	5.07427e-17 	2.59481 	-0.0042079 	0
2.39219 	0.9999 	5.07427e-17 	2.59646 	-0.00431534 	0
2.39531 	0.9999 	5.07427e-17 	2.60223 	-0.00443738 	0
2.39844 	0.9999 	5.07427e-17 	2.61359 	-0.00413491 	0
2.40156 	0.9999 	5.07427e-17 	2.62416 	-0.00247709 	0
2.40469 	0.9999 	5.07427e-17 	2.6272 	-0.00161094 	0
2.40781 	0.9999 	5.07427e-17 	2.63023 	-0.00108853 	0
2.41094 	0.9999 	5.07427e-17 	2.6336 	-0.00104764 	0
2.41406 	0.9999 	5.07427e-17 	2.63298 	-0.00161337 	0
2.41719 	0.9999 	5.07427e-17 	2.6259 	-0.00368354 	0
2.42031 	0.9999 	5.07427e-17 	2.61365 	0.00355691 	0
2.42344 	0.9999 	5.07427e-17 	2.58592 	0.0238598 	0
2.42656 	0.9999 	5.07427e-17 	2.4692 	0.101235 	0
2.42969 	0.9999 	5.07427e-17 	2.27714 	0.206446 	0
2.43281 	0.9999 	5.07427e-17 	2.11273 	0.250266 	0
2.43594 	0.9999 	5.07427e-17 	1.99484 	0.245791 	0
2.43906 	0.9999 	5.07427e-17 	1.89459 	0.210016 	0
2.44219 	0.9999 	5.07427e-17 	1.79149 	0.113339 	0
2.44531 	0.9999 	5.07427e-17 	1.78205 	0.0413316 	0
2.44844 	0.9999 	5.07427e-17 	1.78677 	0.00750425 	0
2.45156 	0.9999 	5.07427e-17 	1.81763 	0.00343092 	0
2.45469 	0.9999 	5.07427e-17 	1.81596 	0.00328215 	0
2.45781 	0.9999 	5.07427e-17 	1.80249 	0.00204456 	0
2.46094 	0.9999 	5.07427e-17 	1.79819 	-0.000778502 	0
2.46406 	0.9999 	5.07427e-17 	1.79968 	-0.000770972 	0
2.46719 	0.9999 	5.07427e-17 	1.80153 	0.000154095 	0
2.47031 	0.9999 	5.07427e-17 	1.80573 	0.000355808 	0
2.47344 	0.9999 	5.07427e-17 	1.81187 	-0.00125046 	0
2.47656 	0.9999 	5.07427e-17 	1.81828 	-0.00285909 	0
2.47969 	0.9999 	5.07427e-17 	1.82304 	-0.00310218 	0
2.48281 	0.9999 	5.07427e-17 	1.82771 	-0.00211382 	0
2.48594 	0.9999 	4.9008e-17 	1.83192 	-0.000521554 	0
2.48906 	0.9999 	4.72733e-17 	1.83389 	0.000227313 	0
2.49219 	0.9999 	4.72733e-17 	1.83504 	0.000452452 	0
2.49531 	0.9999 	4.72733e-17 	1.83525 	0.000629105 	0
2.49844 	0.9999 	4.72733e-17 	1.83398 	-0.000125257 	0
2.50156 	0.9999 	4.72733e-17 	1.83355 	-0.00122382 	0
2.50469 	0.9999 	4.72733e-17 	1.83409 	-0.00169968 	0
2.50781 	0.9999 	4.72733e-17 	1.83453 	-0.00177978 	0
2.51094 	0.9999 	4.72733e-17 	1.83585 	-0.00165289 	0
2.51406 	0.9999 	4.9008e-17 	1.83808 	-0.00151319 	0
2.51719 	0.9999 	5.07427e-17 	1.8408 	-0.00131529 	0
2.52031 	0.9999 	5.07427e-17 	1.84337 	-0.000865988 	0
2.52344 	0.9999 	5.07427e-17 	1.84476 	-0.00035592 	0
2.52656 	0.9999 	5.07427e-17 	1.8439 	-0.00023148 	0
2.52969 	0.9999 	5.07427e-17 	1.84144 	-0.000658943 	0
2.53281 	0.9999 	5.07427e-17 	1.83939 	-0.00178878 	0
2.53594 	0.9999 	5.07427e-17 	1.83979 	-0.00275246 	0
2.53906 	0.9999 	5.21305e-17 	1.84109 	-0.00330915 	0
2.54219 	0.9999 	5.49061e-17 	1.84238 	-0.00369207 	0
2.54531 	0.9999 	5.80286e-17 	1.84541 	-0.00407734 	0
2.54844 	0.9999 	6.11511e-17 	1.85082 	-0.0040288 	0
2.55156 	0.9999 	6.11511e-17 	1.85648 	-0.00304039 	0
2.55469 	0.9999 	6.32328e-17 	1.85947 	-0.00147141 	0
2.55781 	0.9999 	6.809e-17 	1.85996 	-0.00075841 	0
2.56094 	0.9999 	6.94778e-17 	1.85969 	-0.000190327 	0
2.56406 	0.9999 	6.94778e-17 	1.85827 	8.00927e-05 	0
2.56719 	0.9999 	6.94778e-17 	1.85645 	-5.25594e-05 	0
2.57031 	0.9999 	7.26003e-17 	1.8561 	0.000230509 	0
2.57344 	0.9999 	7.71105e-17 	1.85737 	0.000575842 	0
2.57656 	0.9999 	7.84983e-17 	1.8589 	0.000826777 	0
2.57969 	0.9999 	8.058e-17 	1.86085 	0.00114397 	0
2.58281 	0.9999 	8.57842e-17 	1.86314 	0.00137221 	0
2.58594 	0.9999 	8.89067e-17 	1.86541 	0.00140139 	0
2.58906 	0.9999 	9.37639e-17 	1.86767 	0.00139293 	0
2.59219 	0.9999 	9.86211e-17 	1.86947 	0.00140807 	0
2.59531 	0.9999 	1.02091e-16 	1.87053 	0.00113297 	0
2.59844 	0.9999 	1.0556e-16 	1.87035 	0.000248354 	0
2.60156 	0.9999 	1.06948e-16 	1.86851 	-0.00128751 	0
2.60469 	0.9999 	1.06948e-16 	1.86651 	-0.00285991 	0
2.60781 	0.9999 	1.04172e-16 	1.86752 	-0.00361615 	0
2.61094 	0.9999 	1.03131e-16 	1.86954 	-0.00384985 	0
2.61406 	0.9999 	1.04866e-16 	1.87219 	-0.00399256 	0
2.61719 	0.9999 	1.09723e-16 	1.8774 	-0.00339385 	0
2.62031 	0.9999 	1.13193e-16 	1.88283 	-0.00156153 	0
2.62344 	0.9999 	1.13193e-16 	1.88607 	0.000336053 	0
2.62656 	0.9999 	1.13193e-16 	1.88789 	0.00121659 	0
2.62969 	0.9999 	1.13193e-16 	1.88918 	0.00152196 	0
2.63281 	0.9999 	1.11805e-16 	1.88847 	0.00144099 	0
2.63594 	0.9999 	1.11805e-16 	1.88649 	0.000668941 	0
2.63906 	0.9999 	1.13193e-16 	1.88549 	-0.000563843 	0
2.64219 	0.9999 	1.13193e-16 	1.88544 	-0.00133077 	0
2.64531 	0.9999 	1.11805e-16 	1.8857 	-0.00174538 	0
2.64844 	0.9999 	1.10417e-16 	1.88623 	-0.00198804 	0
2.65156 	0.9999 	1.10417e-16 	1.88767 	-0.00220312 	0
2.65469 	0.9999 	1.15274e-16 	1.89051 	-0.00252506 	0
2.65781 	0.9999 	1.20132e-16 	1.89398 	-0.00288551 	0
2.66094 	0.9999 	1.18744e-16 	1.89725 	-0.00303826 	0
2.66406 	0.9999 	1.17356e-16 	1.90065 	-0.00285598 	0
2.66719 	0.9999 	1.15968e-16 	1.90383 	-0.00235081 	0
2.67031 	0.9999 	1.16315e-16 	1.90627 	-0.00126023 	0
2.67344 	0.9999 	1.16662e-16 	1.90832 	-9.66012e-05 	0
2.67656 	0.9999 	1.13887e-16 	1.91062 	0.00080926 	0
2.67969 	0.9999 	1.15968e-16 	1.91297 	0.00149295 	0
2.68281 	0.9999 	1.19438e-16 	1.91507 	0.00203345 	0
2.68594 	0.9999 	1.21173e-16 	1.9164 	0.00249492 	0
2.68906 	0.9999 	1.26377e-16 	1.91655 	0.00291334 	0
2.69219 	0.9999 	1.28458e-16 	1.91555 	0.00307317 	0
2.69531 	0.9999 	1.25683e-16 	1.91413 	0.00256395 	0
2.69844 	0.9999 	1.24295e-16 	1.91267 	0.00124389 	0
2.70156 	0.9999 	1.24295e-16 	1.91142 	-0.000611381 	0
2.70469 	0.9999 	1.27764e-16 	1.91061 	-0.00210483 	0
2.70781 	0.9999 	1.31581e-16 	1.91 	-0.00286457 	0
2.71094 	0.9999 	1.31928e-16 	1.90949 	-0.00352955 	0
2.71406 	0.9999 	1.31928e-16 	1.9102 	-0.00386996 	0
2.71719 	0.9999 	1.31928e-16 	1.91197 	-0.00338838 	0
2.72031 	0.9999 	1.31928e-16 	1.91301 	-0.00186325 	0
2.72344 	0.9999 	1.31928e-16 	1.91221 	0.000101251 	0
2.72656 	0.9999 	1.3054e-16 	1.91081 	0.00128676 	0
2.72969 	0.9999 	1.32622e-16 	1.90862 	0.002133 	0
2.73281 	0.9999 	1.36091e-16 	1.9045 	0.00254626 	0
2.73594 	0.9999 	1.36091e-16 	1.90062 	0.00237972 	0
2.73906 	0.9999 	1.37479e-16 	1.89914 	0.00181505 	0
2.74219 	0.9999 	1.38867e-16 	1.89935 	0.000930903 	0
2.74531 	0.9999 	1.38867e-16 	1.9 	-5.04392e-05 	0
2.74844 	0.9999 	1.40254e-16 	1.90131 	-0.000833706 	0
2.75156 	0.9999 	1.41642e-16 	1.90415 	-0.00119736 	0
2.75469 	0.9999 	1.4303e-16 	1.90618 	-0.00133835 	0
2.75781 	0.9999 	1.44418e-16 	1.9072 	-0.00134068 	0
2.76094 	0.9999 	1.44418e-16 	1.90821 	-0.00106002 	0
2.76406 	0.9999 	1.42683e-16 	1.90909 	-0.000464671 	0
2.76719 	0.9999 	1.40948e-16 	1.90964 	0.000452697 	0
2.77031 	0.9999 	1.39561e-16 	1.90976 	0.00133171 	0
2.77344 	0.9999 	1.39561e-16 	1.90993 	0.00174131 	0
2.77656 	0.9999 	1.39561e-16 	1.91069 	0.00183907 	0
2.77969 	0.9999 	1.36785e-16 	1.91173 	0.00183776 	0
2.78281 	0.9999 	1.35397e-16 	1.91265 	0.0017479 	0
2.78594 	0.9999 	1.36785e-16 	1.91316 	0.00134948 	0
2.78906 	0.9999 	1.36785e-16 	1.91293 	0.000312925 	0
2.79219 	0.9999 	1.38867e-16 	1.91191 	-0.00116522 	0
2.79531 	0.9999 	1.42336e-16 	1.91085 	-0.00235245 	0
2.79844 	0.9999 	1.42336e-16 	1.91024 	-0.00287663 	0
2.80156 	0.9999 	1.42336e-16 	1.90982 	-0.00319341 	0
2.80469 	0.9999 	1.43724e-16 	1.91038 	-0.00355366 	0
2.80781 	0.9999 	1.43724e-16 	1.91267 	-0.00341568 	0
2.81094 	0.9999 	1.40948e-16 	1.91622 	-0.00233948 	0
2.81406 	0.9999 	1.39561e-16 	1.9214 	-0.000151809 	0
2.81719 	0.9999 	1.38173e-16 	1.92755 	0.00228207 	0
2.82031 	0.9999 	1.36785e-16 	1.93157 	0.0035789 	0
2.82344 	0.9999 	1.35397e-16 	1.93404 	0.00390727 	0
2.82656 	0.9999 	1.34009e-16 	1.93647 	0.00421858 	0
2.82969 	0.9999 	1.35397e-16 	1.93724 	0.00437549 	0
2.83281 	0.9999 	1.33316e-16 	1.93504 	0.00338024 	0
2.83594 	0.9999 	1.28111e-16 	1.93011 	0.000619895 	0
2.83906 	0.9999 	1.23254e-16 	1.92467 	-0.00274228 	0
2.84219 	0.9999 	1.24989e-16 	1.92095 	-0.00507425 	0
2.84531 	0.9999 	1.29846e-16 	1.92017 	-0.00610151 	0
2.84844 	0.9999 	1.29846e-16 	1.92146 	-0.00648171 	0
2.85156 	0.9999 	1.28458e-16 	1.92435 	-0.00652046 	0
2.85469 	0.9999 	1.25683e-16 	1.93001 	-0.00553159 	0
2.85781 	0.9999 	1.24295e-16 	1.93621 	-0.00302088 	0
2.86094 	0.9999 	1.22907e-16 	1.94163 	-0.000596237 	0
2.86406 	0.9999 	1.21519e-16 	1.94567 	0.000485341 	0
2.86719 	0.9999 	1.21519e-16 	1.94866 	0.000789155 	0
2.87031 	0.9999 	1.24989e-16 	1.951 	0.000991436 	0
2.87344 	0.9999 	1.28458e-16 	1.95362 	0.00117271 	0
2.87656 	0.9999 	1.28458e-16 	1.95678 	0.00146785 	0
2.87969 	0.9999 	1.30193e-16 	1.95879 	0.00177176 	0
2.88281 	0.9999 	1.31928e-16 	1.96002 	0.00195193 	0
2.88594 	0.9999 	1.31928e-16 	1.96154 	0.00229776 	0
2.88906 	0.9999 	1.31928e-16 	1.96287 	0.00266587 	0
2.89219 	0.9999 	1.35397e-16 	1.9632 	0.002989 	0
2.89531 	0.9999 	1.38867e-16 	1.96126 	0.00289256 	0
2.89844 	0.9999 	1.40601e-16 	1.95584 	0.00111433 	0
2.90156 	0.9999 	1.40948e-16 	1.94847 	-0.00217272 	0
2.90469 	0.9999 	1.40948e-16 	1.94396 	-0.00508654 	0
2.90781 	0.9999 	1.42336e-16 	1.94298 	-0.00666503 	0
2.91094 	0.9999 	1.42336e-16 	1.94359 	-0.00729438 	0
2.91406 	0.9999 	1.42336e-16 	1.94543 	-0.00774385 	0
2.91719 	0.9999 	1.40948e-16 	1.95051 	-0.00760677 	0
2.92031 	0.9999 	1.39561e-16 	1.95635 	-0.00550893 	0
2.92344 	0.9999 	1.39561e-16 	1.96111 	-0.00208871 	0
2.92656 	0.9999 	1.38173e-16 	1.96506 	0.00125716 	0
2.92969 	0.9999 	1.38173e-16 	1.96769 	0.00346675 	0
2.93281 	0.9999 	1.39561e-16 	1.96998 	0.00473654 	0
2.93594 	0.9999 	1.40948e-16 	1.97121 	0.00575633 	0
2.93906 	0.9999 	1.38867e-16 	1.97011 	0.00644025 	0
2.94219 	0.9999 	1.35397e-16 	1.96681 	0.00624143 	0
2.94531 	0.9999 	1.34009e-16 	1.96262 	0.0042341 	0
2.94844 	0.9999 	1.32622e-16 	1.95911 	0.000605664 	0
2.95156 	0.9999 	1.32622e-16 	1.95659 	-0.00344565 	0
2.95469 	0.9999 	1.32622e-16 	1.95548 	-0.00652902 	0
2.95781 	0.9999 	1.32622e-16 	1.95548 	-0.0080853 	0
2.96094 	0.9999 	1.32622e-16 	1.95692 	-0.00934594 	0
2.96406 	0.9999 	1.32622e-16 	1.96214 	-0.010308 	0
2.96719 	0.9999 	1.32622e-16 	1.97198 	-0.0101006 	0
2.97031 	0.9999 	1.32622e-16 	1.98374 	-0.00742806 	0
2.97344 	0.9999 	1.32622e-16 	1.99135 	-0.00279322 	0
2.97656 	0.9999 	1.34009e-16 	1.99444 	0.000953842 	0
2.97969 	0.9999 	1.33663e-16 	1.99577 	0.00270281 	0
2.98281 	0.9999 	1.31928e-16 	1.99623 	0.00415203 	0
2.98594 	0.9999 	1.3054e-16 	1.99338 	0.00520092 	0
2.98906 	0.9999 	1.27764e-16 	1.98812 	0.00530409 	0
2.99219 	0.9999 	1.26377e-16 	1.98418 	0.00483859 	0
2.99531 	0.9999 	1.26377e-16 	1.98241 	0.00314429 	0
2.99844 	0.9999 	1.22863e-16 	1.98389 	-0.000602865 	0
