0.0015625 	0.9999 	-1.29896e-18 	1 	1
0.0046875 	0.9999 	2.17049e-18 	1 	1
0.0078125 	0.9999 	7.82707e-19 	1 	1
0.0109375 	0.9999 	-6.05072e-19 	1 	1
0.0140625 	0.9999 	-6.05072e-19 	1 	1
0.0171875 	0.9999 	-6.05072e-19 	1 	1
0.0203125 	0.9999 	-6.05072e-19 	1 	1
0.0234375 	0.9999 	7.82707e-19 	1 	1
0.0265625 	0.9999 	2.17049e-18 	1 	1
0.0296875 	0.9999 	3.90521e-18 	1 	1
0.0328125 	0.9999 	5.63993e-18 	1 	1
0.0359375 	0.9999 	5.63993e-18 	1 	1
0.0390625 	0.9999 	5.63993e-18 	1 	1
0.0421875 	0.9999 	5.63993e-18 	1 	1
0.0453125 	0.9999 	5.63993e-18 	1 	1
0.0484375 	0.9999 	5.63993e-18 	1 	1
0.0515625 	0.9999 	5.63993e-18 	1 	1
0.0546875 	0.9999 	5.63993e-18 	1 	1
0.0578125 	0.9999 	5.63993e-18 	1 	1
0.0609375 	0.9999 	5.63993e-18 	1 	1
0.0640625 	0.9999 	4.25215e-18 	1 	1
0.0671875 	0.9999 	2.86438e-18 	1 	1
0.0703125 	0.9999 	2.86438e-18 	1 	1
0.0734375 	0.9999 	2.86438e-18 	1 	1
0.0765625 	0.9999 	2.86438e-18 	1 	1
0.0796875 	0.9999 	2.86438e-18 	1 	1
0.0828125 	0.9999 	2.86438e-18 	1 	1
0.0859375 	0.9999 	2.86438e-18 	1 	1
0.0890625 	0.9999 	2.86438e-18 	1 	1
0.0921875 	0.9999 	6.33382e-18 	1 	1
0.0953125 	0.9999 	1.1191e-17 	1 	1
0.0984375 	0.9999 	1.25788e-17 	1 	1
0.101563 	0.9999 	1.1191e-17 	1 	1
0.104688 	0.9999 	1.32727e-17 	1 	1
0.107813 	0.9999 	1.67422e-17 	1 	1
0.110938 	0.9999 	1.67422e-17 	1 	1
0.114063 	0.9999 	1.67422e-17 	1 	1
0.117188 	0.9999 	1.67422e-17 	1 	1
0.120313 	0.9999 	1.53544e-17 	1 	1
0.123438 	0.9999 	1.39666e-17 	1 	1
0.126563 	0.9999 	1.39666e-17 	1 	1
0.129688 	0.9999 	1.39666e-17 	1 	1
0.132813 	0.9999 	1.39666e-17 	1 	1
0.135938 	0.9999 	1.39666e-17 	1 	1
0.139063 	0.9999 	1.39666e-17 	1 	1
0.142188 	0.9999 	1.39666e-17 	1 	1
0.145313 	0.9999 	1.39666e-17 	1 	1
0.148438 	0.9999 	1.36197e-17 	1 	1
0.151563 	0.9999 	1.32727e-17 	1 	1
0.154688 	0.9999 	1.32727e-17 	1 	1
0.157813 	0.9999 	1.32727e-17 	1 	1
0.160938 	0.9999 	1.32727e-17 	1 	1
0.164063 	0.9999 	1.32727e-17 	1 	1
0.167188 	0.9999 	1.32727e-17 	1 	1
0.170313 	0.9999 	1.32727e-17 	1 	1
0.173438 	0.9999 	1.32727e-17 	1 	1
0.176563 	0.9999 	1.32727e-17 	1 	1
0.179688 	0.9999 	1.32727e-17 	1 	1
0.182813 	0.9999 	1.32727e-17 	1 	1
0.185938 	0.9999 	1.32727e-17 	1 	1
0.189063 	0.9999 	1.32727e-17 	1 	1
0.192188 	0.9999 	1.32727e-17 	1 	1
0.195313 	0.9999 	1.67422e-17 	1 	1
0.198438 	0.9999 	2.02116e-17 	1 	1
0.201563 	0.9999 	1.88238e-17 	1 	1
0.204688 	0.9999 	1.60483e-17 	1 	1
0.207813 	0.9999 	1.46605e-17 	1 	1
0.210938 	0.9999 	1.32727e-17 	1 	1
0.214063 	0.9999 	1.18849e-17 	1 	1
0.217188 	0.9999 	1.18849e-17 	1 	1
0.220313 	0.9999 	1.18849e-17 	1 	1
0.223438 	0.9999 	1.18849e-17 	1 	1
0.226563 	0.9999 	1.36197e-17 	1 	1
0.229688 	0.9999 	1.53544e-17 	1 	1
0.232813 	0.9999 	1.53544e-17 	1 	1
0.235938 	0.9999 	1.70891e-17 	1 	1
0.239063 	0.9999 	1.88238e-17 	1 	1
0.242188 	0.9999 	1.70891e-17 	1 	1
0.245313 	0.9999 	1.53544e-17 	1 	1
0.248438 	0.9999 	1.67422e-17 	1 	1
0.251563 	0.9999 	1.81299e-17 	1 	1
0.254688 	0.9999 	1.81299e-17 	1 	1
0.257813 	0.9999 	1.81299e-17 	1 	1
0.260938 	0.9999 	1.81299e-17 	1 	1
0.264063 	0.9999 	1.81299e-17 	1 	1
0.267188 	0.9999 	1.81299e-17 	1 	1
0.270313 	0.9999 	1.81299e-17 	1 	1
0.273438 	0.9999 	1.81299e-17 	1 	1
0.276563 	0.9999 	1.81299e-17 	1 	1
0.279688 	0.9999 	1.81299e-17 	1 	1
0.282813 	0.9999 	1.81299e-17 	1 	1
0.285938 	0.9999 	1.81299e-17 	1 	1
0.289063 	0.9999 	1.81299e-17 	1 	1
0.292188 	0.9999 	1.81299e-17 	1 	1
0.295313 	0.9999 	1.95177e-17 	1 	1
0.298438 	0.9999 	1.95177e-17 	1 	1
0.301563 	0.9999 	1.95177e-17 	1 	1
0.304688 	0.9999 	2.09055e-17 	1 	1
0.307813 	0.9999 	2.09055e-17 	1 	1
0.310938 	0.9999 	2.09055e-17 	1 	1
0.314063 	0.9999 	2.09055e-17 	1 	1
0.317188 	0.9999 	2.09055e-17 	1 	1
0.320313 	0.9999 	2.09055e-17 	1 	1
0.323438 	0.9999 	2.09055e-17 	1 	1
0.326563 	0.9999 	2.09055e-17 	1 	1
0.329688 	0.9999 	2.09055e-17 	1 	1
0.332813 	0.9999 	2.09055e-17 	1 	1
0.335938 	0.9999 	2.26402e-17 	1 	1
0.339063 	0.9999 	2.43749e-17 	1 	1
0.342188 	0.9999 	2.43749e-17 	1 	1
0.345313 	0.9999 	2.43749e-17 	1 	1
0.348438 	0.9999 	2.57627e-17 	1 	1
0.351563 	0.9999 	2.57627e-17 	1 	1
0.354688 	0.9999 	2.43749e-17 	1 	1
0.357813 	0.9999 	2.43749e-17 	1 	1
0.360938 	0.9999 	2.43749e-17 	1 	1
0.364063 	0.9999 	2.09055e-17 	1 	1
0.367188 	0.9999 	1.74361e-17 	1 	1
0.370313 	0.9999 	1.60483e-17 	1 	1
0.373438 	0.9999 	1.46605e-17 	1 	1
0.376563 	0.9999 	1.46605e-17 	1 	1
0.379688 	0.9999 	1.46605e-17 	1 	1
0.382813 	0.9999 	1.46605e-17 	1 	1
0.385938 	0.9999 	1.46605e-17 	1 	1
0.389063 	0.9999 	1.46605e-17 	1 	1
0.392188 	0.9999 	1.1191e-17 	1 	1
0.395313 	0.9999 	7.7216e-18 	1 	1
0.398438 	0.9999 	6.33382e-18 	1 	1
0.401563 	0.9999 	4.94604e-18 	1 	1
0.404688 	0.9999 	4.94604e-18 	1 	1
0.407813 	0.9999 	4.94604e-18 	1 	1
0.410938 	0.9999 	4.94604e-18 	1 	1
0.414063 	0.9999 	4.94604e-18 	1 	1
0.417188 	0.9999 	4.94604e-18 	1 	1
0.420313 	0.9999 	4.94604e-18 	1 	1
0.423438 	0.9999 	4.94604e-18 	1 	1
0.426563 	0.9999 	4.94604e-18 	1 	1
0.429688 	0.9999 	6.68077e-18 	1 	1
0.432813 	0.9999 	8.41549e-18 	1 	1
0.435938 	0.9999 	9.80327e-18 	1 	1
0.439063 	0.9999 	1.1191e-17 	1 	1
0.442188 	0.9999 	1.1191e-17 	1 	1
0.445313 	0.9999 	1.1191e-17 	1 	1
0.448438 	0.9999 	1.29258e-17 	1 	1
0.451563 	0.9999 	1.46605e-17 	1 	1
0.454688 	0.9999 	1.46605e-17 	1 	1
0.457813 	0.9999 	1.46605e-17 	1 	1
0.460938 	0.9999 	1.95177e-17 	1 	1
0.464063 	0.9999 	2.43749e-17 	1 	1
0.467188 	0.9999 	2.43749e-17 	1 	1
0.470313 	0.9999 	2.29872e-17 	1 	1
0.473438 	0.9999 	2.15994e-17 	1 	1
0.476563 	0.9999 	2.15994e-17 	1 	1
0.479688 	0.9999 	2.15994e-17 	1 	1
0.482813 	0.9999 	2.15994e-17 	1 	1
0.485938 	0.9999 	2.02116e-17 	1 	1
0.489063 	0.9999 	1.88238e-17 	1 	1
0.492188 	0.9999 	1.88238e-17 	1 	1
0.495313 	0.9999 	1.88238e-17 	1 	1
0.498438 	0.9999 	1.88238e-17 	1 	1
0.501563 	0.9999 	1.88238e-17 	1 	1
0.504688 	0.9999 	1.88238e-17 	1 	1
0.507813 	0.9999 	1.88238e-17 	1 	1
0.510938 	0.9999 	1.88238e-17 	1 	1
0.514063 	0.9999 	1.88238e-17 	1 	1
0.517188 	0.9999 	2.05586e-17 	1 	1
0.520313 	0.9999 	2.05586e-17 	1 	1
0.523438 	0.9999 	1.88238e-17 	1 	1
0.526563 	0.9999 	2.05586e-17 	1 	1
0.529688 	0.9999 	2.22933e-17 	1 	1
0.532813 	0.9999 	2.22933e-17 	1 	1
0.535938 	0.9999 	2.22933e-17 	1 	1
0.539063 	0.9999 	2.22933e-17 	1 	1
0.542188 	0.9999 	2.22933e-17 	1 	1
0.545313 	0.9999 	2.22933e-17 	1 	1
0.548438 	0.9999 	1.88238e-17 	1 	1
0.551563 	0.9999 	1.53544e-17 	1 	1
0.554688 	0.9999 	1.53544e-17 	1 	1
0.557813 	0.9999 	1.53544e-17 	1 	1
0.560938 	0.9999 	1.53544e-17 	1 	1
0.564063 	0.9999 	1.53544e-17 	1 	1
0.567188 	0.9999 	1.53544e-17 	1 	1
0.570313 	0.9999 	1.53544e-17 	1 	1
0.573438 	0.9999 	1.53544e-17 	1 	1
0.576563 	0.9999 	1.18849e-17 	1 	1
0.579688 	0.9999 	8.41549e-18 	1 	1
0.582813 	0.9999 	8.41549e-18 	1 	1
0.585938 	0.9999 	8.41549e-18 	1 	1
0.589063 	0.9999 	1.01502e-17 	2.61228 	1.64646
0.592188 	0.9999 	1.18849e-17 	9.53917 	2.667
0.595313 	0.9999 	1.18849e-17 	10.8575 	2.74909
0.598438 	0.9999 	8.76244e-18 	10.7566 	2.73651
0.601563 	0.9999 	3.90521e-18 	10.7037 	2.72573
0.604688 	0.9999 	2.17049e-18 	10.6532 	2.71668
0.607813 	0.9999 	2.17049e-18 	10.6044 	2.70861
0.610938 	0.9999 	2.17049e-18 	10.5599 	2.70103
0.614063 	0.9999 	2.17049e-18 	10.5267 	2.69484
0.617188 	0.9999 	2.17049e-18 	10.4901 	2.69072
0.620313 	0.9999 	2.17049e-18 	10.4572 	2.69081
0.623438 	0.9999 	3.55826e-18 	10.4279 	2.69358
0.626563 	0.9999 	4.94604e-18 	10.3935 	2.69946
0.629688 	0.9999 	8.41549e-18 	10.3473 	2.70733
0.632813 	0.9999 	1.18849e-17 	10.2776 	2.71355
0.635938 	0.9999 	1.18849e-17 	10.2054 	2.71633
0.639063 	0.9999 	1.18849e-17 	10.1742 	2.7179
0.642188 	0.9999 	1.18849e-17 	10.1517 	2.71722
0.645313 	0.9999 	1.18849e-17 	10.1389 	2.71588
0.648438 	0.9999 	1.18849e-17 	10.1359 	2.71417
0.651563 	0.9999 	1.18849e-17 	10.1381 	2.71113
0.654688 	0.9999 	1.18849e-17 	10.1418 	2.70629
0.657813 	0.9999 	1.18849e-17 	10.143 	2.69989
0.660938 	0.9999 	1.18849e-17 	10.1403 	2.6925
0.664063 	0.9999 	1.18849e-17 	10.1339 	2.68481
0.667188 	0.9999 	1.18849e-17 	10.1219 	2.67736
0.670313 	0.9999 	1.18849e-17 	10.1036 	2.67058
0.673438 	0.9999 	1.18849e-17 	10.0789 	2.66479
0.676563 	0.9999 	1.18849e-17 	10.0566 	2.66166
0.679688 	0.9999 	1.18849e-17 	10.034 	2.661
0.682813 	0.9999 	1.18849e-17 	10.0096 	2.66147
0.685938 	0.9999 	1.18849e-17 	9.98464 	2.66323
0.689063 	0.9999 	1.18849e-17 	9.96032 	2.66706
0.692188 	0.9999 	1.18849e-17 	9.93679 	2.67318
0.695313 	0.9999 	1.18849e-17 	9.91234 	2.68049
0.698438 	0.9999 	1.18849e-17 	9.8943 	2.68731
0.701563 	0.9999 	1.18849e-17 	9.87937 	2.69134
0.704688 	0.9999 	1.04972e-17 	9.85788 	2.69222
0.707813 	0.9999 	5.63993e-18 	9.83192 	2.69182
0.710938 	0.9999 	2.17049e-18 	9.80372 	2.68998
0.714063 	0.9999 	7.82707e-19 	9.77427 	2.68619
0.717188 	0.9999 	-6.05072e-19 	9.74489 	2.68063
0.720313 	0.9999 	-6.05072e-19 	9.71672 	2.67381
0.723438 	0.9999 	-6.05072e-19 	9.69172 	2.66642
0.726563 	0.9999 	-6.05072e-19 	9.66946 	2.65859
0.729688 	0.9999 	-6.05072e-19 	9.64966 	2.65068
0.732813 	0.9999 	-6.05072e-19 	9.63124 	2.64311
0.735938 	0.9999 	-6.05072e-19 	9.61168 	2.63611
0.739063 	0.9999 	-6.05072e-19 	9.59073 	2.63013
0.742188 	0.9999 	-2.3398e-18 	9.57117 	2.62592
0.745313 	0.9999 	-4.07452e-18 	9.54722 	2.62419
0.748438 	0.9999 	-4.07452e-18 	9.5194 	2.62425
0.751563 	0.9999 	-2.68674e-18 	9.49115 	2.62494
0.754688 	0.9999 	-1.29896e-18 	9.4619 	2.62672
0.757813 	0.9999 	-1.29896e-18 	9.43361 	2.63024
0.760938 	0.9999 	-1.29896e-18 	9.40806 	2.63546
0.764063 	0.9999 	-1.29896e-18 	9.38331 	2.64116
0.767188 	0.9999 	-1.29896e-18 	9.3662 	2.64621
0.770313 	0.9999 	-1.29896e-18 	9.34606 	2.64862
0.773438 	0.9999 	-1.29896e-18 	9.31832 	2.64884
0.776563 	0.9999 	-1.29896e-18 	9.28797 	2.64825
0.779688 	0.9999 	-1.29896e-18 	9.25476 	2.6463
0.782813 	0.9999 	-1.29896e-18 	9.22064 	2.64287
0.785938 	0.9999 	-1.29896e-18 	9.18766 	2.638
0.789063 	0.9999 	-1.29896e-18 	9.15744 	2.63193
0.792188 	0.9999 	-1.29896e-18 	9.1309 	2.62514
0.795313 	0.9999 	-1.29896e-18 	9.10827 	2.6182
0.798438 	0.9999 	-1.29896e-18 	9.08703 	2.61104
0.801563 	0.9999 	-1.29896e-18 	9.06608 	2.60377
0.804688 	0.9999 	-1.29896e-18 	9.03877 	2.59613
0.807813 	0.9999 	-1.29896e-18 	9.00642 	2.58854
0.810938 	0.9999 	-1.29896e-18 	8.97909 	2.58235
0.814063 	0.9999 	-1.29896e-18 	8.94166 	2.57694
0.817188 	0.9999 	-1.29896e-18 	8.90466 	2.57414
0.820313 	0.9999 	-1.29896e-18 	8.86832 	2.57326
0.823438 	0.9999 	-1.29896e-18 	8.83151 	2.57327
0.826563 	0.9999 	-1.29896e-18 	8.79501 	2.57372
0.829688 	0.9999 	-1.29896e-18 	8.76018 	2.57528
0.832813 	0.9999 	-1.29896e-18 	8.72765 	2.57827
0.835938 	0.9999 	-1.29896e-18 	8.69574 	2.58206
0.839063 	0.9999 	-1.29896e-18 	8.66083 	2.58514
0.842188 	0.9999 	-1.29896e-18 	8.62051 	2.58609
0.845313 	0.9999 	-1.29896e-18 	8.58154 	2.58566
0.848438 	0.9999 	-1.29896e-18 	8.55013 	2.58504
0.851563 	0.9999 	-1.29896e-18 	8.51954 	2.58386
0.854688 	0.9999 	-1.29896e-18 	8.4908 	2.58205
0.857813 	0.9999 	-1.29896e-18 	8.46528 	2.57951
0.860938 	0.9999 	-1.29896e-18 	8.44353 	2.57614
0.864063 	0.9999 	-1.29896e-18 	8.42377 	2.57183
0.867188 	0.9999 	-1.29896e-18 	8.40522 	2.56667
0.870313 	0.9999 	-1.29896e-18 	8.38795 	2.56097
0.873438 	0.9999 	-1.29896e-18 	8.36936 	2.55465
0.876563 	0.9999 	-1.29896e-18 	8.34619 	2.5477
0.879688 	0.9999 	-1.29896e-18 	8.32019 	2.54044
0.882813 	0.9999 	-1.29896e-18 	8.29358 	2.53328
0.885938 	0.9999 	-1.29896e-18 	8.2656 	2.52647
0.889063 	0.9999 	-1.29896e-18 	8.23923 	2.52077
0.892188 	0.9999 	-1.29896e-18 	8.21232 	2.51644
0.895313 	0.9999 	-1.29896e-18 	8.17588 	2.51368
0.898438 	0.9999 	-1.29896e-18 	8.13995 	2.51295
0.901563 	0.9999 	-1.29896e-18 	8.10168 	2.51263
0.904688 	0.9999 	-1.29896e-18 	8.06332 	2.5126
0.907813 	0.9999 	-1.29896e-18 	8.02564 	2.51304
0.910938 	0.9999 	-1.29896e-18 	7.98976 	2.5144
0.914063 	0.9999 	-1.29896e-18 	7.95515 	2.51647
0.917188 	0.9999 	-1.29896e-18 	7.92534 	2.51884
0.920313 	0.9999 	-1.29896e-18 	7.90349 	2.52104
0.923438 	0.9999 	-1.29896e-18 	7.88289 	2.52222
0.926563 	0.9999 	-1.29896e-18 	7.86162 	2.52263
0.929688 	0.9999 	-1.29896e-18 	7.83809 	2.52249
0.932813 	0.9999 	-1.29896e-18 	7.81222 	2.52147
0.935938 	0.9999 	-1.29896e-18 	7.78405 	2.51933
0.939063 	0.9999 	-1.29896e-18 	7.75317 	2.51606
0.942188 	0.9999 	-1.29896e-18 	7.71928 	2.51163
0.945313 	0.9999 	-1.29896e-18 	7.68299 	2.50615
0.948438 	0.9999 	-1.29896e-18 	7.64457 	2.4997
0.951563 	0.9999 	-1.29896e-18 	7.6055 	2.49255
0.954688 	0.9999 	-1.29896e-18 	7.569 	2.48511
0.957813 	0.9999 	-1.29896e-18 	7.53633 	2.47767
0.960938 	0.9999 	-1.29896e-18 	7.50714 	2.47036
0.964063 	0.9999 	-1.29896e-18 	7.48142 	2.46335
0.967188 	0.9999 	-1.29896e-18 	7.46027 	2.45702
0.970313 	0.9999 	-1.29896e-18 	7.44914 	2.4523
0.973438 	0.9999 	-1.29896e-18 	7.45033 	2.44981
0.976563 	0.9999 	-1.29896e-18 	7.44525 	2.44824
0.979688 	0.9999 	-1.29896e-18 	7.41957 	2.44659
0.982813 	0.9999 	-1.29896e-18 	7.38988 	2.44619
0.985938 	0.9999 	-1.29896e-18 	7.35624 	2.44599
0.989063 	0.9999 	-1.29896e-18 	7.31222 	2.44525
0.992188 	0.9999 	-1.29896e-18 	7.25247 	2.44328
0.995313 	0.9999 	-1.29896e-18 	7.18798 	2.441
0.998438 	0.9999 	-1.29896e-18 	7.13928 	2.4402
1.00156 	0.9999 	-6.05072e-19 	7.10967 	2.44097
1.00469 	0.9999 	8.88178e-20 	7.0888 	2.44258
1.00781 	0.9999 	8.88178e-20 	7.07132 	2.44402
1.01094 	0.9999 	8.88178e-20 	7.05539 	2.44492
1.01406 	0.9999 	8.88178e-20 	7.03389 	2.44493
1.01719 	0.9999 	-9.52016e-19 	7.00859 	2.44422
1.02031 	0.9999 	-1.99285e-18 	6.97928 	2.44229
1.02344 	0.9999 	-1.99285e-18 	6.94324 	2.43888
1.02656 	0.9999 	-1.99285e-18 	6.90731 	2.43484
1.02969 	0.9999 	-1.99285e-18 	6.87534 	2.43058
1.03281 	0.9999 	-1.29896e-18 	6.8454 	2.42579
1.03594 	0.9999 	-6.05072e-19 	6.81931 	2.42072
1.03906 	0.9999 	-6.05072e-19 	6.79588 	2.41533
1.04219 	0.9999 	-6.05072e-19 	6.77195 	2.40938
1.04531 	0.9999 	-6.05072e-19 	6.74245 	2.40246
1.04844 	0.9999 	-6.05072e-19 	6.7028 	2.39426
1.05156 	0.9999 	-6.05072e-19 	6.65921 	2.38561
1.05469 	0.9999 	-6.05072e-19 	6.61352 	2.37692
1.05781 	0.9999 	-6.05072e-19 	6.57035 	2.3689
1.06094 	0.9999 	-6.05072e-19 	6.53499 	2.36233
1.06406 	0.9999 	-6.05072e-19 	6.50716 	2.35753
1.06719 	0.9999 	-6.05072e-19 	6.48698 	2.35492
1.07031 	0.9999 	-6.05072e-19 	6.47469 	2.35488
1.07344 	0.9999 	-6.05072e-19 	6.4618 	2.3557
1.07656 	0.9999 	-5.4623e-18 	6.44323 	2.3566
1.07969 	0.9999 	-8.23785e-18 	6.42052 	2.35739
1.08281 	0.9999 	-6.15619e-18 	6.39384 	2.35786
1.08594 	0.9999 	-6.15619e-18 	6.36067 	2.35773
1.08906 	0.9999 	-4.76841e-18 	6.32041 	2.35674
1.09219 	0.9999 	-3.38063e-18 	6.28008 	2.35555
1.09531 	0.9999 	-1.99285e-18 	6.24652 	2.35487
1.09844 	0.9999 	-1.99285e-18 	6.22039 	2.35476
1.10156 	0.9999 	-6.85008e-18 	6.19912 	2.35492
1.10469 	0.9999 	-1.17073e-17 	6.18028 	2.35504
1.10781 	0.9999 	-1.30951e-17 	6.16316 	2.35501
1.11094 	0.9999 	-9.62563e-18 	6.1421 	2.35416
1.11406 	0.9999 	-8.23785e-18 	6.11341 	2.35179
1.11719 	0.9999 	-8.93174e-18 	6.07728 	2.34796
1.12031 	0.9999 	-6.15619e-18 	6.04545 	2.3441
1.12344 	0.9999 	-3.38063e-18 	6.01659 	2.34005
1.12656 	0.9999 	-3.38063e-18 	5.98733 	2.33536
1.12969 	0.9999 	-6.15619e-18 	5.95894 	2.3302
1.13281 	0.9999 	-7.54397e-18 	5.93162 	2.32462
1.13594 	0.9999 	-8.93174e-18 	5.90457 	2.31859
1.13906 	0.9999 	-1.17073e-17 	5.87847 	2.31223
1.14219 	0.9999 	-1.30951e-17 	5.85376 	2.30573
1.14531 	0.9999 	-1.30951e-17 	5.82922 	2.29914
1.14844 	0.9999 	-1.30951e-17 	5.80487 	2.29268
1.15156 	0.9999 	-1.17073e-17 	5.77979 	2.28638
1.15469 	0.9999 	-1.03195e-17 	5.7507 	2.28005
1.15781 	0.9999 	-1.44829e-17 	5.71992 	2.27409
1.16094 	0.9999 	-1.72584e-17 	5.68839 	2.26892
1.16406 	0.9999 	-1.44829e-17 	5.65715 	2.2653
1.16719 	0.9999 	-1.30951e-17 	5.62893 	2.26379
1.17031 	0.9999 	-1.44829e-17 	5.60409 	2.26353
1.17344 	0.9999 	-1.44829e-17 	5.58056 	2.26357
1.17656 	0.9999 	-9.97258e-18 	5.55848 	2.26391
1.17969 	0.9999 	-5.4623e-18 	5.53925 	2.26468
1.18281 	0.9999 	-4.07452e-18 	5.52323 	2.26581
1.18594 	0.9999 	-4.07452e-18 	5.50846 	2.26695
1.18906 	0.9999 	-3.38063e-18 	5.49204 	2.26772
1.19219 	0.9999 	-2.3398e-18 	5.47153 	2.26787
1.19531 	0.9999 	-6.05072e-19 	5.44623 	2.26739
1.19844 	0.9999 	7.82707e-19 	5.41654 	2.26607
1.20156 	0.9999 	-6.05072e-19 	5.3831 	2.26404
1.20469 	0.9999 	-6.05072e-19 	5.34651 	2.26136
1.20781 	0.9999 	4.25215e-18 	5.30875 	2.25811
1.21094 	0.9999 	9.45632e-18 	5.27421 	2.25482
1.21406 	0.9999 	1.1191e-17 	5.24834 	2.25217
1.21719 	0.9999 	1.25788e-17 	5.22755 	2.2497
1.22031 	0.9999 	1.25788e-17 	5.20722 	2.24679
1.22344 	0.9999 	1.29258e-17 	5.1885 	2.24352
1.22656 	0.9999 	1.63952e-17 	5.17353 	2.24019
1.22969 	0.9999 	2.29872e-17 	5.16111 	2.23672
1.23281 	0.9999 	2.78444e-17 	5.14513 	2.23234
1.23594 	0.9999 	2.68036e-17 	5.12233 	2.22669
1.23906 	0.9999 	2.71505e-17 	5.09578 	2.22019
1.24219 	0.9999 	2.71505e-17 	5.06729 	2.21315
1.24531 	0.9999 	2.71505e-17 	5.03711 	2.20581
1.24844 	0.9999 	2.99261e-17 	5.00765 	2.19863
1.25156 	0.9999 	2.99261e-17 	4.98005 	2.19187
1.25469 	0.9999 	3.20077e-17 	4.95457 	2.18568
1.25781 	0.9999 	3.54772e-17 	4.93105 	2.18019
1.26094 	0.9999 	3.54772e-17 	4.90749 	2.17554
1.26406 	0.9999 	3.89466e-17 	4.88286 	2.17216
1.26719 	0.9999 	4.2763e-17 	4.85681 	2.17005
1.27031 	0.9999 	4.44977e-17 	4.82949 	2.16875
1.27344 	0.9999 	4.9355e-17 	4.80196 	2.16783
1.27656 	0.9999 	5.45591e-17 	4.77557 	2.16717
1.27969 	0.9999 	5.62939e-17 	4.74991 	2.16666
1.28281 	0.9999 	5.62939e-17 	4.72468 	2.16613
1.28594 	0.9999 	5.76816e-17 	4.70129 	2.16568
1.28906 	0.9999 	6.04572e-17 	4.68089 	2.16551
1.29219 	0.9999 	6.1845e-17 	4.6641 	2.16563
1.29531 	0.9999 	6.32328e-17 	4.65122 	2.16616
1.29844 	0.9999 	6.46205e-17 	4.64196 	2.16703
1.30156 	0.9999 	6.42736e-17 	4.63814 	2.16849
1.30469 	0.9999 	6.04572e-17 	4.63032 	2.16907
1.30781 	0.9999 	5.56e-17 	4.61618 	2.16884
1.31094 	0.9999 	5.56e-17 	4.59432 	2.16721
1.31406 	0.9999 	5.45591e-17 	4.56078 	2.16347
1.31719 	0.9999 	5.21305e-17 	4.51783 	2.15811
1.32031 	0.9999 	4.9008e-17 	4.46956 	2.15165
1.32344 	0.9999 	4.72733e-17 	4.42744 	2.14554
1.32656 	0.9999 	5.00489e-17 	4.3994 	2.14095
1.32969 	0.9999 	4.65794e-17 	4.38103 	2.13729
1.33281 	0.9999 	4.311e-17 	4.36562 	2.13362
1.33594 	0.9999 	4.41508e-17 	4.36015 	2.13129
1.33906 	0.9999 	4.24161e-17 	4.37796 	2.13154
1.34219 	0.9999 	4.10283e-17 	4.40375 	2.13223
1.34531 	0.9999 	3.99875e-17 	4.40934 	2.13061
1.34844 	0.9999 	3.89466e-17 	4.39025 	2.12431
1.35156 	0.9999 	3.89466e-17 	4.36325 	2.11702
1.35469 	0.9999 	4.03344e-17 	4.32544 	2.10853
1.35781 	0.9999 	4.17222e-17 	4.27087 	2.09791
1.36094 	0.9999 	4.17222e-17 	4.20626 	2.0862
1.36406 	0.9999 	4.17222e-17 	4.15293 	2.07657
1.36719 	0.9999 	4.13752e-17 	4.11601 	2.07017
1.37031 	0.9999 	4.10283e-17 	4.0941 	2.06717
1.37344 	0.9999 	4.24161e-17 	4.08158 	2.06646
1.37656 	0.9999 	4.10283e-17 	4.07379 	2.06671
1.37969 	0.9999 	3.47833e-17 	4.07914 	2.06965
1.38281 	0.9999 	2.78444e-17 	4.09558 	2.07497
1.38594 	0.9999 	2.43749e-17 	4.10287 	2.07859
1.38906 	0.9999 	2.43749e-17 	4.09835 	2.08032
1.39219 	0.9999 	2.43749e-17 	4.08771 	2.08116
1.39531 	0.9999 	2.57627e-17 	4.07126 	2.08113
1.39844 	0.9999 	2.68036e-17 	4.04402 	2.0794
1.40156 	0.9999 	2.78444e-17 	4.0052 	2.07556
1.40469 	0.9999 	2.92322e-17 	3.96236 	2.07095
1.40781 	0.9999 	2.92322e-17 	3.93156 	2.06804
1.41094 	0.9999 	2.88852e-17 	3.9163 	2.06734
1.41406 	0.9999 	3.20077e-17 	3.90741 	2.06732
1.41719 	0.9999 	3.54772e-17 	3.9022 	2.06774
1.42031 	0.9999 	3.54772e-17 	3.89571 	2.06781
1.42344 	0.9999 	3.61711e-17 	3.88459 	2.06703
1.42656 	0.9999 	3.54772e-17 	3.86623 	2.06475
1.42969 	0.9999 	3.58241e-17 	3.83387 	2.05992
1.43281 	0.9999 	3.75588e-17 	3.7946 	2.05364
1.43594 	0.9999 	3.75588e-17 	3.76851 	2.04892
1.43906 	0.9999 	3.75588e-17 	3.75363 	2.04556
1.44219 	0.9999 	3.61711e-17 	3.7413 	2.04215
1.44531 	0.9999 	3.33955e-17 	3.73479 	2.0393
1.44844 	0.9999 	3.20077e-17 	3.73826 	2.03777
1.45156 	0.9999 	3.54772e-17 	3.73203 	2.0343
1.45469 	0.9999 	3.92936e-17 	3.71491 	2.02867
1.45781 	0.9999 	3.61711e-17 	3.69489 	2.0226
1.46094 	0.9999 	3.13138e-17 	3.66783 	2.01535
1.46406 	0.9999 	2.99261e-17 	3.63476 	2.00726
1.46719 	0.9999 	2.81913e-17 	3.60775 	2.00028
1.47031 	0.9999 	2.50688e-17 	3.59016 	1.99512
1.47344 	0.9999 	2.36811e-17 	3.57807 	1.99133
1.47656 	0.9999 	2.50688e-17 	3.5748 	1.98961
1.47969 	0.9999 	2.64566e-17 	3.56991 	1.98838
1.48281 	0.9999 	2.64566e-17 	3.55976 	1.9876
1.48594 	0.9999 	2.64566e-17 	3.5457 	1.98705
1.48906 	0.9999 	2.43749e-17 	3.52297 	1.98564
1.49219 	0.9999 	2.22933e-17 	3.49333 	1.98325
1.49531 	0.9999 	2.19463e-17 	3.46338 	1.98077
1.49844 	0.9999 	2.15994e-17 	3.43468 	1.9784
1.50156 	0.9999 	2.19463e-17 	3.40955 	1.97647
1.50469 	0.9999 	2.36811e-17 	3.39175 	1.97565
1.50781 	0.9999 	2.64566e-17 	3.38157 	1.97582
1.51094 	0.9999 	2.74974e-17 	3.37604 	1.97668
1.51406 	0.9999 	2.85383e-17 	3.3764 	1.97846
1.51719 	0.9999 	3.13138e-17 	3.37732 	1.98011
1.52031 	0.9999 	3.27016e-17 	3.37094 	1.98046
1.52344 	0.9999 	3.13138e-17 	3.36101 	1.9803
1.52656 	0.9999 	2.99261e-17 	3.34169 	1.97825
1.52969 	0.9999 	2.99261e-17 	3.30999 	1.97365
1.53281 	0.9999 	2.88852e-17 	3.27518 	1.9684
1.53594 	0.9999 	2.92322e-17 	3.25028 	1.96466
1.53906 	0.9999 	3.062e-17 	3.23606 	1.96251
1.54219 	0.9999 	3.062e-17 	3.22674 	1.96092
1.54531 	0.9999 	3.062e-17 	3.22012 	1.95949
1.54844 	0.9999 	3.20077e-17 	3.22088 	1.95923
1.55156 	0.9999 	3.33955e-17 	3.22374 	1.95901
1.55469 	0.9999 	3.6865e-17 	3.21604 	1.95633
1.55781 	0.9999 	4.03344e-17 	3.20343 	1.95233
1.56094 	0.9999 	4.17222e-17 	3.18451 	1.94696
1.56406 	0.9999 	4.65794e-17 	3.15607 	1.93962
1.56719 	0.9999 	4.86611e-17 	3.12789 	1.93202
1.57031 	0.9999 	4.86611e-17 	3.10927 	1.92599
1.57344 	0.9999 	5.00489e-17 	3.09604 	1.92093
1.57656 	0.9999 	4.86611e-17 	3.08415 	1.91615
1.57969 	0.9999 	4.76202e-17 	3.07642 	1.91229
1.58281 	0.9999 	5.28244e-17 	3.07549 	1.90998
1.58594 	0.9999 	5.76816e-17 	3.06834 	1.90674
1.58906 	0.9999 	5.76816e-17 	3.05687 	1.90342
1.59219 	0.9999 	5.76816e-17 	3.04109 	1.90012
1.59531 	0.9999 	5.62939e-17 	3.01775 	1.8963
1.59844 	0.9999 	5.49061e-17 	2.9933 	1.8931
1.60156 	0.9999 	5.49061e-17 	2.97609 	1.89172
1.60469 	0.9999 	5.62939e-17 	2.96321 	1.89136
1.60781 	0.9999 	5.76816e-17 	2.95128 	1.89133
1.61094 	0.9999 	5.80286e-17 	2.9405 	1.89162
1.61406 	0.9999 	5.83755e-17 	2.93285 	1.89253
1.61719 	0.9999 	5.83755e-17 	2.92734 	1.89362
1.62031 	0.9999 	5.83755e-17 	2.9229 	1.89468
1.62344 	0.9999 	5.69877e-17 	2.91936 	1.89579
1.62656 	0.9999 	5.38652e-17 	2.91455 	1.89646
1.62969 	0.9999 	5.21305e-17 	2.90405 	1.89614
1.63281 	0.9999 	5.21305e-17 	2.88403 	1.89386
1.63594 	0.9999 	5.21305e-17 	2.85903 	1.89034
1.63906 	0.9999 	5.35183e-17 	2.83845 	1.88764
1.64219 	0.9999 	5.49061e-17 	2.82333 	1.88587
1.64531 	0.9999 	5.31714e-17 	2.80972 	1.8842
1.64844 	0.9999 	5.00489e-17 	2.79568 	1.88223
1.65156 	0.9999 	5.00489e-17 	2.78174 	1.88004
1.65469 	0.9999 	5.28244e-17 	2.76942 	1.87793
1.65781 	0.9999 	5.97633e-17 	2.76001 	1.8761
1.66094 	0.9999 	6.53144e-17 	2.75312 	1.87443
1.66406 	0.9999 	6.53144e-17 	2.74924 	1.87301
1.66719 	0.9999 	6.04572e-17 	2.74982 	1.8723
1.67031 	0.9999 	5.42122e-17 	2.74757 	1.87071
1.67344 	0.9999 	5.49061e-17 	2.74039 	1.86775
1.67656 	0.9999 	5.69877e-17 	2.73034 	1.86396
1.67969 	0.9999 	5.69877e-17 	2.7173 	1.85923
1.68281 	0.9999 	5.83755e-17 	2.70103 	1.85355
1.68594 	0.9999 	5.97633e-17 	2.6815 	1.84698
1.68906 	0.9999 	5.87225e-17 	2.65673 	1.83933
1.69219 	0.9999 	5.76816e-17 	2.63058 	1.83155
1.69531 	0.9999 	5.59469e-17 	2.61173 	1.82542
1.69844 	0.9999 	5.42122e-17 	2.60104 	1.82128
1.70156 	0.9999 	5.42122e-17 	2.59555 	1.81886
1.70469 	0.9999 	5.42122e-17 	2.59937 	1.81887
1.70781 	0.9999 	5.42122e-17 	2.60066 	1.81868
1.71094 	0.9999 	5.28244e-17 	2.5941 	1.81733
1.71406 	0.9999 	5.14366e-17 	2.58373 	1.81617
1.71719 	0.9999 	5.14366e-17 	2.56555 	1.81407
1.72031 	0.9999 	4.79672e-17 	2.54036 	1.81088
1.72344 	0.9999 	4.44977e-17 	2.51394 	1.8076
1.72656 	0.9999 	4.13752e-17 	2.48903 	1.80467
1.72969 	0.9999 	3.82527e-17 	2.47057 	1.80308
1.73281 	0.9999 	3.82527e-17 	2.46108 	1.80304
1.73594 	0.9999 	3.6865e-17 	2.45771 	1.80416
1.73906 	0.9999 	3.40894e-17 	2.45787 	1.80603
1.74219 	0.9999 	2.92322e-17 	2.47028 	1.81058
1.74531 	0.9999 	2.57627e-17 	2.49101 	1.81629
1.74844 	0.9999 	2.43749e-17 	2.49526 	1.81816
1.75156 	0.9999 	2.29872e-17 	2.4903 	1.81828
1.75469 	0.9999 	2.29872e-17 	2.48245 	1.8181
1.75781 	0.9999 	1.95177e-17 	2.4659 	1.81571
1.76094 	0.9999 	1.60483e-17 	2.43213 	1.80908
1.76406 	0.9999 	1.43136e-17 	2.38366 	1.79909
1.76719 	0.9999 	1.29258e-17 	2.34543 	1.79111
1.77031 	0.9999 	1.32727e-17 	2.32798 	1.7874
1.77344 	0.9999 	1.18849e-17 	2.32153 	1.78591
1.77656 	0.9999 	1.04972e-17 	2.31809 	1.78495
1.77969 	0.9999 	1.04972e-17 	2.32117 	1.7853
1.78281 	0.9999 	1.04972e-17 	2.34329 	1.78935
1.78594 	0.9999 	9.10938e-18 	2.3719 	1.79446
1.78906 	0.9999 	7.7216e-18 	2.38294 	1.79574
1.79219 	0.9999 	7.7216e-18 	2.37879 	1.79361
1.79531 	0.9999 	7.7216e-18 	2.36787 	1.78897
1.79844 	0.9999 	1.1191e-17 	2.35083 	1.78291
1.80156 	0.9999 	1.46605e-17 	2.32119 	1.77403
1.80469 	0.9999 	1.46605e-17 	2.27968 	1.76237
1.80781 	0.9999 	1.60483e-17 	2.24655 	1.75231
1.81094 	0.9999 	1.60483e-17 	2.23074 	1.74616
1.81406 	0.9999 	1.36197e-17 	2.223 	1.74226
1.81719 	0.9999 	1.25788e-17 	2.21873 	1.73985
1.82031 	0.9999 	1.60483e-17 	2.22601 	1.74029
1.82344 	0.9999 	1.95177e-17 	2.24414 	1.74335
1.82656 	0.9999 	1.95177e-17 	2.24633 	1.74386
1.82969 	0.9999 	1.95177e-17 	2.24087 	1.74322
1.83281 	0.9999 	1.95177e-17 	2.23275 	1.74287
1.83594 	0.9999 	2.09055e-17 	2.21747 	1.74157
1.83906 	0.9999 	2.22933e-17 	2.19115 	1.73803
1.84219 	0.9999 	2.22933e-17 	2.15772 	1.73281
1.84531 	0.9999 	2.43749e-17 	2.13377 	1.72974
1.84844 	0.9999 	2.64566e-17 	2.12444 	1.72956
1.85156 	0.9999 	2.64566e-17 	2.12201 	1.73082
1.85469 	0.9999 	2.64566e-17 	2.12239 	1.73292
1.85781 	0.9999 	2.64566e-17 	2.13137 	1.73709
1.86094 	0.9999 	2.64566e-17 	2.15558 	1.74411
1.86406 	0.9999 	2.64566e-17 	2.16823 	1.74808
1.86719 	0.9999 	2.64566e-17 	2.1659 	1.7483
1.87031 	0.9999 	2.64566e-17 	2.16001 	1.7483
1.87344 	0.9999 	2.64566e-17 	2.14784 	1.74673
1.87656 	0.9999 	2.29872e-17 	2.11873 	1.74044
1.87969 	0.9999 	1.60483e-17 	2.06857 	1.72873
1.88281 	0.9999 	1.08441e-17 	2.02558 	1.71852
1.88594 	0.9999 	7.7216e-18 	2.00853 	1.71435
1.88906 	0.9999 	8.06855e-18 	2.00349 	1.71295
1.89219 	0.9999 	1.04972e-17 	2.00119 	1.71215
1.89531 	0.9999 	1.1191e-17 	2.00579 	1.71288
1.89844 	0.9999 	1.1191e-17 	2.03268 	1.71858
1.90156 	0.9999 	1.1191e-17 	2.0712 	1.72679
1.90469 	0.9999 	1.1191e-17 	2.08625 	1.72935
1.90781 	0.9999 	1.1191e-17 	2.08305 	1.72762
1.91094 	0.9999 	1.1191e-17 	2.07311 	1.72324
1.91406 	0.9999 	1.1191e-17 	2.05445 	1.71659
1.91719 	0.9999 	1.1191e-17 	2.01614 	1.70524
1.92031 	0.9999 	1.29258e-17 	1.95864 	1.68902
1.92344 	0.9999 	1.67422e-17 	1.91827 	1.67659
1.92656 	0.9999 	1.88238e-17 	1.90448 	1.67096
1.92969 	0.9999 	2.02116e-17 	1.89967 	1.66812
1.93281 	0.9999 	2.29872e-17 	1.89883 	1.66685
1.93594 	0.9999 	2.43749e-17 	1.91169 	1.66833
1.93906 	0.9999 	2.43749e-17 	1.94027 	1.67426
1.94219 	0.9999 	2.78444e-17 	1.95341 	1.67738
1.94531 	0.9999 	3.13138e-17 	1.95084 	1.67673
1.94844 	0.9999 	3.13138e-17 	1.94401 	1.67551
1.95156 	0.9999 	2.99261e-17 	1.93098 	1.67355
1.95469 	0.9999 	2.68036e-17 	1.90761 	1.66958
1.95781 	0.9999 	2.36811e-17 	1.87952 	1.6647
1.96094 	0.9999 	2.22933e-17 	1.86212 	1.66268
1.96406 	0.9999 	2.05586e-17 	1.85622 	1.66305
1.96719 	0.9999 	1.88238e-17 	1.85538 	1.66517
1.97031 	0.9999 	1.43136e-17 	1.85606 	1.66782
1.97344 	0.9999 	9.80327e-18 	1.86151 	1.6715
1.97656 	0.9999 	1.1538e-17 	1.87782 	1.67734
1.97969 	0.9999 	1.32727e-17 	1.88562 	1.68047
1.98281 	0.9999 	1.18849e-17 	1.88342 	1.68078
1.98594 	0.9999 	1.08441e-17 	1.87762 	1.68071
1.98906 	0.9999 	1.1191e-17 	1.86277 	1.67815
1.99219 	0.9999 	1.1191e-17 	1.82767 	1.66941
1.99531 	0.9999 	1.1191e-17 	1.77805 	1.65638
1.99844 	0.9999 	9.80327e-18 	1.74899 	1.64872
2.00156 	0.9999 	8.41549e-18 	1.74059 	1.64648
2.00469 	0.9999 	8.41549e-18 	1.73767 	1.6456
2.00781 	0.9999 	8.41549e-18 	1.73636 	1.6451
2.01094 	0.9999 	8.41549e-18 	1.7432 	1.64662
2.01406 	0.9999 	8.41549e-18 	1.77056 	1.65332
2.01719 	0.9999 	8.41549e-18 	1.80079 	1.66046
2.02031 	0.9999 	8.41549e-18 	1.80855 	1.66178
2.02344 	0.9999 	8.41549e-18 	1.80432 	1.65969
2.02656 	0.9999 	9.80327e-18 	1.79552 	1.65565
2.02969 	0.9999 	1.1191e-17 	1.77905 	1.64949
2.03281 	0.9999 	9.80327e-18 	1.74658 	1.63906
2.03594 	0.9999 	8.41549e-18 	1.70702 	1.62641
2.03906 	0.9999 	8.41549e-18 	1.68662 	1.61855
2.04219 	0.9999 	9.80327e-18 	1.68043 	1.61478
2.04531 	0.9999 	1.1191e-17 	1.67752 	1.61234
2.04844 	0.9999 	1.1191e-17 	1.6815 	1.61191
2.05156 	0.9999 	1.1191e-17 	1.70331 	1.61514
2.05469 	0.9999 	1.1191e-17 	1.73795 	1.62314
2.05781 	0.9999 	1.43136e-17 	1.74925 	1.62569
2.06094 	0.9999 	1.60483e-17 	1.74531 	1.62417
2.06406 	0.9999 	1.81299e-17 	1.73526 	1.62127
2.06719 	0.9999 	2.15994e-17 	1.71248 	1.61611
2.07031 	0.9999 	2.15994e-17 	1.66703 	1.60566
2.07344 	0.9999 	2.15994e-17 	1.62003 	1.59495
2.07656 	0.9999 	2.15994e-17 	1.60267 	1.59244
2.07969 	0.9999 	2.15994e-17 	1.59939 	1.59326
2.08281 	0.9999 	2.15994e-17 	1.60014 	1.59611
2.08594 	0.9999 	2.15994e-17 	1.6037 	1.60011
2.08906 	0.9999 	2.02116e-17 	1.62179 	1.60793
2.09219 	0.9999 	1.88238e-17 	1.65455 	1.61839
2.09531 	0.9999 	1.88238e-17 	1.66783 	1.6232
2.09844 	0.9999 	1.88238e-17 	1.66662 	1.62362
2.10156 	0.9999 	1.88238e-17 	1.66186 	1.62363
2.10469 	0.9999 	1.88238e-17 	1.64883 	1.62143
2.10781 	0.9999 	1.88238e-17 	1.61538 	1.61242
2.11094 	0.9999 	1.88238e-17 	1.56753 	1.59854
2.11406 	0.9999 	1.88238e-17 	1.54439 	1.59181
2.11719 	0.9999 	1.88238e-17 	1.53972 	1.59045
2.12031 	0.9999 	2.05586e-17 	1.53756 	1.58973
2.12344 	0.9999 	2.57627e-17 	1.53667 	1.58931
2.12656 	0.9999 	3.27016e-17 	1.54472 	1.59127
2.12969 	0.9999 	3.61711e-17 	1.56999 	1.59791
2.13281 	0.9999 	3.47833e-17 	1.5902 	1.60285
2.13594 	0.9999 	3.47833e-17 	1.59231 	1.6029
2.13906 	0.9999 	3.61711e-17 	1.58828 	1.60053
2.14219 	0.9999 	3.61711e-17 	1.58139 	1.59696
2.14531 	0.9999 	3.61711e-17 	1.56765 	1.59147
2.14844 	0.9999 	3.61711e-17 	1.5381 	1.58142
2.15156 	0.9999 	3.61711e-17 	1.49818 	1.56801
2.15469 	0.9999 	3.61711e-17 	1.47744 	1.55983
2.15781 	0.9999 	3.61711e-17 	1.47214 	1.55653
2.16094 	0.9999 	3.61711e-17 	1.46948 	1.55431
2.16406 	0.9999 	3.61711e-17 	1.47055 	1.55351
2.16719 	0.9999 	3.61711e-17 	1.48456 	1.55545
2.17031 	0.9999 	3.61711e-17 	1.51314 	1.56235
2.17344 	0.9999 	3.61711e-17 	1.52693 	1.56577
2.17656 	0.9999 	3.61711e-17 	1.52461 	1.56457
2.17969 	0.9999 	3.61711e-17 	1.51804 	1.56195
2.18281 	0.9999 	3.61711e-17 	1.50518 	1.55832
2.18594 	0.9999 	3.61711e-17 	1.47782 	1.55137
2.18906 	0.9999 	3.75588e-17 	1.4394 	1.54154
2.19219 	0.9999 	3.89466e-17 	1.41924 	1.53751
2.19531 	0.9999 	3.89466e-17 	1.4148 	1.53772
2.19844 	0.9999 	3.89466e-17 	1.41483 	1.53991
2.20156 	0.9999 	3.89466e-17 	1.41679 	1.54347
2.20469 	0.9999 	3.89466e-17 	1.42572 	1.54937
2.20781 	0.9999 	4.06813e-17 	1.44833 	1.55826
2.21094 	0.9999 	4.58855e-17 	1.4614 	1.56366
2.21406 	0.9999 	4.9355e-17 	1.46123 	1.56455
2.21719 	0.9999 	4.9355e-17 	1.45786 	1.56477
2.22031 	0.9999 	5.07427e-17 	1.44798 	1.56335
2.22344 	0.9999 	5.21305e-17 	1.42182 	1.5559
2.22656 	0.9999 	5.21305e-17 	1.3849 	1.54401
2.22969 	0.9999 	5.21305e-17 	1.36793 	1.53845
2.23281 	0.9999 	5.21305e-17 	1.36449 	1.53725
2.23594 	0.9999 	5.21305e-17 	1.36265 	1.53648
2.23906 	0.9999 	5.21305e-17 	1.36139 	1.53579
2.24219 	0.9999 	5.21305e-17 	1.36481 	1.53645
2.24531 	0.9999 	5.21305e-17 	1.38037 	1.54054
2.24844 	0.9999 	5.21305e-17 	1.39578 	1.54449
2.25156 	0.9999 	5.21305e-17 	1.39768 	1.54452
2.25469 	0.9999 	5.21305e-17 	1.39423 	1.54221
2.25781 	0.9999 	5.07427e-17 	1.38851 	1.53884
2.26094 	0.9999 	5.07427e-17 	1.37754 	1.53393
2.26406 	0.9999 	5.21305e-17 	1.35557 	1.52558
2.26719 	0.9999 	5.21305e-17 	1.32904 	1.51553
2.27031 	0.9999 	5.21305e-17 	1.31659 	1.50977
2.27344 	0.9999 	5.21305e-17 	1.31285 	1.5071
2.27656 	0.9999 	5.21305e-17 	1.31041 	1.50502
2.27969 	0.9999 	5.35183e-17 	1.30962 	1.50381
2.28281 	0.9999 	5.49061e-17 	1.31705 	1.5047
2.28594 	0.9999 	5.49061e-17 	1.34051 	1.51069
2.28906 	0.9999 	5.49061e-17 	1.36316 	1.5174
2.29219 	0.9999 	5.14366e-17 	1.36583 	1.51796
2.29531 	0.9999 	4.79672e-17 	1.3624 	1.51642
2.29844 	0.9999 	4.9355e-17 	1.35527 	1.51401
2.30156 	0.9999 	5.07427e-17 	1.33821 	1.50924
2.30469 	0.9999 	5.07427e-17 	1.3014 	1.49869
2.30781 	0.9999 	5.07427e-17 	1.26201 	1.48743
2.31094 	0.9999 	4.72733e-17 	1.24876 	1.4849
2.31406 	0.9999 	4.38038e-17 	1.24671 	1.48561
2.31719 	0.9999 	4.38038e-17 	1.24748 	1.48825
2.32031 	0.9999 	4.38038e-17 	1.25073 	1.49234
2.32344 	0.9999 	4.38038e-17 	1.26538 	1.50008
2.32656 	0.9999 	4.38038e-17 	1.28803 	1.50908
2.32969 	0.9999 	4.72733e-17 	1.29419 	1.51232
2.33281 	0.9999 	5.07427e-17 	1.29274 	1.51274
2.33594 	0.9999 	5.07427e-17 	1.28881 	1.51275
2.33906 	0.9999 	5.07427e-17 	1.27811 	1.51034
2.34219 	0.9999 	5.07427e-17 	1.25546 	1.50258
2.34531 	0.9999 	5.07427e-17 	1.23515 	1.49509
2.34844 	0.9999 	5.07427e-17 	1.22917 	1.49273
2.35156 	0.9999 	5.07427e-17 	1.22691 	1.49167
2.35469 	0.9999 	5.07427e-17 	1.2249 	1.49054
2.35781 	0.9999 	5.07427e-17 	1.22309 	1.48931
2.36094 	0.9999 	5.07427e-17 	1.22316 	1.4888
2.36406 	0.9999 	5.07427e-17 	1.22615 	1.48891
2.36719 	0.9999 	5.07427e-17 	1.22646 	1.48825
2.37031 	0.9999 	5.07427e-17 	1.2236 	1.48583
2.37344 	0.9999 	5.07427e-17 	1.21839 	1.48248
2.37656 	0.9999 	5.07427e-17 	1.20678 	1.47714
2.37969 	0.9999 	5.07427e-17 	1.18985 	1.47
2.38281 	0.9999 	5.07427e-17 	1.17969 	1.46497
2.38594 	0.9999 	5.07427e-17 	1.1763 	1.46246
2.38906 	0.9999 	5.07427e-17 	1.17409 	1.46051
2.39219 	0.9999 	5.07427e-17 	1.17256 	1.45897
2.39531 	0.9999 	5.07427e-17 	1.17558 	1.45901
2.39844 	0.9999 	5.07427e-17 	1.18799 	1.46169
2.40156 	0.9999 	5.07427e-17 	1.19906 	1.46474
2.40469 	0.9999 	5.07427e-17 	1.1991 	1.46437
2.40781 	0.9999 	5.07427e-17 	1.19549 	1.46231
2.41094 	0.9999 	5.07427e-17 	1.18974 	1.45984
2.41406 	0.9999 	5.07427e-17 	1.18074 	1.45683
2.41719 	0.9999 	5.07427e-17 	1.16077 	1.45114
2.42031 	0.9999 	5.07427e-17 	1.15868 	1.45131
2.42344 	0.9999 	5.07427e-17 	1.21404 	1.47316
2.42656 	0.9999 	5.07427e-17 	1.47755 	1.56654
2.42969 	0.9999 	5.07427e-17 	2.11876 	1.74973
2.43281 	0.9999 	5.07427e-17 	3.01389 	1.94429
2.43594 	0.9999 	5.07427e-17 	3.88951 	2.09655
2.43906 	0.9999 	5.07427e-17 	4.80413 	2.2357
2.44219 	0.9999 	5.07427e-17 	5.33628 	2.30123
2.44531 	0.9999 	5.07427e-17 	5.35192 	2.31484
2.44844 	0.9999 	5.07427e-17 	5.17952 	2.29388
2.45156 	0.9999 	5.07427e-17 	4.93687 	2.26458
2.45469 	0.9999 	5.07427e-17 	4.83713 	2.25219
2.45781 	0.9999 	5.07427e-17 	4.7699 	2.24188
2.46094 	0.9999 	5.07427e-17 	4.73196 	2.23473
2.46406 	0.9999 	5.07427e-17 	4.71987 	2.23126
2.46719 	0.9999 	5.07427e-17 	4.72845 	2.23155
2.47031 	0.9999 	5.07427e-17 	4.76104 	2.23441
2.47344 	0.9999 	5.07427e-17 	4.78459 	2.23451
2.47656 	0.9999 	5.07427e-17 	4.79282 	2.23313
2.47969 	0.9999 	5.07427e-17 	4.80371 	2.23186
2.48281 	0.9999 	5.07427e-17 	4.82461 	2.23203
2.48594 	0.9999 	4.9008e-17 	4.84125 	2.23177
2.48906 	0.9999 	4.72733e-17 	4.8374 	2.2292
2.49219 	0.9999 	4.72733e-17 	4.82268 	2.22491
2.49531 	0.9999 	4.72733e-17 	4.80203 	2.22115
2.49844 	0.9999 	4.72733e-17 	4.77488 	2.21794
2.50156 	0.9999 	4.72733e-17 	4.7553 	2.21643
2.50469 	0.9999 	4.72733e-17 	4.74456 	2.21632
2.50781 	0.9999 	4.72733e-17 	4.73735 	2.21696
2.51094 	0.9999 	4.72733e-17 	4.73507 	2.21903
2.51406 	0.9999 	4.9008e-17 	4.73489 	2.22196
2.51719 	0.9999 	5.07427e-17 	4.73321 	2.22507
2.52031 	0.9999 	5.07427e-17 	4.72815 	2.22817
2.52344 	0.9999 	5.07427e-17 	4.71656 	2.2305
2.52656 	0.9999 	5.07427e-17 	4.69563 	2.23095
2.52969 	0.9999 	5.07427e-17 	4.66899 	2.23001
2.53281 	0.9999 	5.07427e-17 	4.64472 	2.22805
2.53594 	0.9999 	5.07427e-17 	4.63315 	2.22697
2.53906 	0.9999 	5.21305e-17 	4.62714 	2.22602
2.54219 	0.9999 	5.49061e-17 	4.62236 	2.22451
2.54531 	0.9999 	5.80286e-17 	4.62678 	2.2238
2.54844 	0.9999 	6.11511e-17 	4.64618 	2.22409
2.55156 	0.9999 	6.11511e-17 	4.66992 	2.22463
2.55469 	0.9999 	6.32328e-17 	4.67884 	2.22357
2.55781 	0.9999 	6.809e-17 	4.67166 	2.21983
2.56094 	0.9999 	6.94778e-17 	4.658 	2.21513
2.56406 	0.9999 	6.94778e-17 	4.63696 	2.21011
2.56719 	0.9999 	6.94778e-17 	4.61425 	2.20531
2.57031 	0.9999 	7.26003e-17 	4.59854 	2.20182
2.57344 	0.9999 	7.71105e-17 	4.5904 	2.19975
2.57656 	0.9999 	7.84983e-17 	4.58374 	2.19812
2.57969 	0.9999 	8.058e-17 	4.57831 	2.19689
2.58281 	0.9999 	8.57842e-17 	4.57306 	2.19598
2.58594 	0.9999 	8.89067e-17 	4.56587 	2.19529
2.58906 	0.9999 	9.37639e-17 	4.55765 	2.19503
2.59219 	0.9999 	9.86211e-17 	4.54648 	2.19498
2.59531 	0.9999 	1.02091e-16 	4.53016 	2.19508
2.59844 	0.9999 	1.0556e-16 	4.50808 	2.19521
2.60156 	0.9999 	1.06948e-16 	4.4812 	2.19539
2.60469 	0.9999 	1.06948e-16 	4.45789 	2.1961
2.60781 	0.9999 	1.04172e-16 	4.45161 	2.19856
2.61094 	0.9999 	1.03131e-16 	4.45247 	2.20117
2.61406 	0.9999 	1.04866e-16 	4.45815 	2.20361
2.61719 	0.9999 	1.09723e-16 	4.4783 	2.20729
2.62031 	0.9999 	1.13193e-16 	4.49919 	2.21038
2.62344 	0.9999 	1.13193e-16 	4.50452 	2.21104
2.62656 	0.9999 	1.13193e-16 	4.49919 	2.20981
2.62969 	0.9999 	1.13193e-16 	4.48782 	2.20684
2.63281 	0.9999 	1.11805e-16 	4.46718 	2.20179
2.63594 	0.9999 	1.11805e-16 	4.44028 	2.19521
2.63906 	0.9999 	1.13193e-16 	4.41977 	2.18905
2.64219 	0.9999 	1.13193e-16 	4.40629 	2.18376
2.64531 	0.9999 	1.11805e-16 	4.39601 	2.17923
2.64844 	0.9999 	1.10417e-16 	4.38817 	2.17573
2.65156 	0.9999 	1.10417e-16 	4.3845 	2.17368
2.65469 	0.9999 	1.15274e-16 	4.38669 	2.17301
2.65781 	0.9999 	1.20132e-16 	4.39213 	2.17302
2.66094 	0.9999 	1.18744e-16 	4.3986 	2.17351
2.66406 	0.9999 	1.17356e-16 	4.40812 	2.17491
2.66719 	0.9999 	1.15968e-16 	4.41778 	2.1769
2.67031 	0.9999 	1.16315e-16 	4.42373 	2.17899
2.67344 	0.9999 	1.16662e-16 	4.42588 	2.1811
2.67656 	0.9999 	1.13887e-16 	4.4263 	2.18372
2.67969 	0.9999 	1.15968e-16 	4.42599 	2.18691
2.68281 	0.9999 	1.19438e-16 	4.4241 	2.19048
2.68594 	0.9999 	1.21173e-16 	4.41972 	2.19382
2.68906 	0.9999 	1.26377e-16 	4.41132 	2.1958
2.69219 	0.9999 	1.28458e-16 	4.39761 	2.19602
2.69531 	0.9999 	1.25683e-16 	4.37981 	2.19494
2.69844 	0.9999 	1.24295e-16 	4.36246 	2.19285
2.70156 	0.9999 	1.24295e-16 	4.35057 	2.1908
2.70469 	0.9999 	1.27764e-16 	4.34493 	2.18897
2.70781 	0.9999 	1.31581e-16 	4.34387 	2.1873
2.71094 	0.9999 	1.31928e-16 	4.34715 	2.18552
2.71406 	0.9999 	1.31928e-16 	4.3589 	2.18463
2.71719 	0.9999 	1.31928e-16 	4.38071 	2.1849
2.72031 	0.9999 	1.31928e-16 	4.40068 	2.18516
2.72344 	0.9999 	1.31928e-16 	4.40841 	2.18419
2.72656 	0.9999 	1.3054e-16 	4.40781 	2.18216
2.72969 	0.9999 	1.32622e-16 	4.40058 	2.17946
2.73281 	0.9999 	1.36091e-16 	4.38232 	2.1758
2.73594 	0.9999 	1.36091e-16 	4.36396 	2.17261
2.73906 	0.9999 	1.37479e-16 	4.35334 	2.1708
2.74219 	0.9999 	1.38867e-16 	4.3484 	2.17014
2.74531 	0.9999 	1.38867e-16 	4.34682 	2.17022
2.74844 	0.9999 	1.40254e-16 	4.34999 	2.17146
2.75156 	0.9999 	1.41642e-16 	4.35989 	2.17432
2.75469 	0.9999 	1.4303e-16 	4.36632 	2.17713
2.75781 	0.9999 	1.44418e-16 	4.36782 	2.17949
2.76094 	0.9999 	1.44418e-16 	4.36981 	2.18255
2.76406 	0.9999 	1.42683e-16 	4.37117 	2.18589
2.76719 	0.9999 	1.40948e-16 	4.36892 	2.1887
2.77031 	0.9999 	1.39561e-16 	4.3626 	2.19025
2.77344 	0.9999 	1.39561e-16 	4.35411 	2.1904
2.77656 	0.9999 	1.39561e-16 	4.34671 	2.19025
2.77969 	0.9999 	1.36785e-16 	4.3394 	2.18967
2.78281 	0.9999 	1.35397e-16 	4.33052 	2.18832
2.78594 	0.9999 	1.36785e-16 	4.31836 	2.18583
2.78906 	0.9999 	1.36785e-16 	4.30295 	2.18217
2.79219 	0.9999 	1.38867e-16 	4.28752 	2.17779
2.79531 	0.9999 	1.42336e-16 	4.27506 	2.17324
2.79844 	0.9999 	1.42336e-16 	4.26645 	2.16888
2.80156 	0.9999 	1.42336e-16 	4.2596 	2.16476
2.80469 	0.9999 	1.43724e-16 	4.2589 	2.16257
2.80781 	0.9999 	1.43724e-16 	4.2686 	2.16255
2.81094 	0.9999 	1.40948e-16 	4.28486 	2.16379
2.81406 	0.9999 	1.39561e-16 	4.30478 	2.16636
2.81719 	0.9999 	1.38173e-16 	4.32232 	2.16909
2.82031 	0.9999 	1.36785e-16 	4.32574 	2.16987
2.82344 	0.9999 	1.35397e-16 	4.31997 	2.16954
2.82656 	0.9999 	1.34009e-16 	4.31135 	2.1692
2.82969 	0.9999 	1.35397e-16 	4.29379 	2.16787
2.83281 	0.9999 	1.33316e-16 	4.25873 	2.16422
2.83594 	0.9999 	1.28111e-16 	4.21428 	2.15954
2.83906 	0.9999 	1.23254e-16 	4.17573 	2.15616
2.84219 	0.9999 	1.24989e-16 	4.15027 	2.15506
2.84531 	0.9999 	1.29846e-16 	4.14038 	2.15606
2.84844 	0.9999 	1.29846e-16 	4.14324 	2.15924
2.85156 	0.9999 	1.28458e-16 	4.15681 	2.16368
2.85469 	0.9999 	1.25683e-16 	4.1857 	2.16891
2.85781 	0.9999 	1.24295e-16 	4.2146 	2.17336
2.86094 	0.9999 	1.22907e-16 	4.2326 	2.17571
2.86406 	0.9999 	1.21519e-16 	4.23891 	2.17588
2.86719 	0.9999 	1.21519e-16 	4.23896 	2.17449
2.87031 	0.9999 	1.24989e-16 	4.2358 	2.17148
2.87344 	0.9999 	1.28458e-16 	4.23209 	2.16779
2.87656 	0.9999 	1.28458e-16 	4.23046 	2.16453
2.87969 	0.9999 	1.30193e-16 	4.22509 	2.16129
2.88281 	0.9999 	1.31928e-16 	4.21608 	2.15811
2.88594 	0.9999 	1.31928e-16 	4.20772 	2.15591
2.88906 	0.9999 	1.31928e-16 	4.19799 	2.154
2.89219 	0.9999 	1.35397e-16 	4.18269 	2.15153
2.89531 	0.9999 	1.38867e-16 	4.15468 	2.14731
2.89844 	0.9999 	1.40601e-16 	4.10815 	2.14038
2.90156 	0.9999 	1.40948e-16 	4.05957 	2.13322
2.90469 	0.9999 	1.40948e-16 	4.02839 	2.12896
2.90781 	0.9999 	1.42336e-16 	4.01645 	2.12794
2.91094 	0.9999 	1.42336e-16 	4.01373 	2.12835
2.91406 	0.9999 	1.42336e-16 	4.0191 	2.13083
2.91719 	0.9999 	1.40948e-16 	4.04329 	2.13696
2.92031 	0.9999 	1.39561e-16 	4.0758 	2.14469
2.92344 	0.9999 	1.39561e-16 	4.09985 	2.15141
2.92656 	0.9999 	1.38173e-16 	4.11284 	2.1562
2.92969 	0.9999 	1.38173e-16 	4.11451 	2.15853
2.93281 	0.9999 	1.39561e-16 	4.10918 	2.15928
2.93594 	0.9999 	1.40948e-16 	4.09678 	2.15861
2.93906 	0.9999 	1.38867e-16 	4.0723 	2.15503
2.94219 	0.9999 	1.35397e-16 	4.03299 	2.14811
2.94531 	0.9999 	1.34009e-16 	3.98506 	2.1392
2.94844 	0.9999 	1.32622e-16 	3.94437 	2.13072
2.95156 	0.9999 	1.32622e-16 	3.91519 	2.1234
2.95469 	0.9999 	1.32622e-16 	3.89841 	2.11776
2.95781 	0.9999 	1.32622e-16 	3.89147 	2.11403
2.96094 	0.9999 	1.32622e-16 	3.89403 	2.11231
2.96406 	0.9999 	1.32622e-16 	3.91367 	2.11301
2.96719 	0.9999 	1.32622e-16 	3.95946 	2.11861
2.97031 	0.9999 	1.32622e-16 	4.0213 	2.12775
2.97344 	0.9999 	1.32622e-16 	4.06043 	2.13365
2.97656 	0.9999 	1.34009e-16 	4.07057 	2.13532
2.97969 	0.9999 	1.33663e-16 	4.06702 	2.13506
2.98281 	0.9999 	1.31928e-16 	4.05478 	2.13388
2.98594 	0.9999 	1.3054e-16 	4.02694 	2.13056
2.98906 	0.9999 	1.27764e-16 	3.98716 	2.12568
2.99219 	0.9999 	1.26377e-16 	3.94959 	2.12154
2.99531 	0.9999 	1.26377e-16 	3.9173 	2.11845
2.99844 	0.9999 	1.22863e-16 	3.89607 	2.11829
