0.604687 	0.20001 	5.0645e-17 	0.0745016 	0.571908
0.607812 	0.20001 	4.92573e-17 	0.0255665 	0.48188
0.610937 	0.20001 	4.78695e-17 	0.00844739 	0.519409
0.614062 	0.20001 	4.78695e-17 	0.00133634 	0.287562
0.617187 	0.20001 	4.78695e-17 	0.00151107 	0.341366
0.620312 	0.20001 	4.75225e-17 	0.00418266 	0.533871
0.623437 	0.20001 	4.71756e-17 	0.0130533 	0.678264
0.626562 	0.20001 	4.71756e-17 	0.0253484 	0.729945
0.629687 	0.20001 	4.71756e-17 	0.0292155 	0.750816
0.632812 	0.20001 	4.85634e-17 	0.0303564 	0.786352
0.635937 	0.20001 	4.82164e-17 	0.0344588 	0.856569
0.639062 	0.20001 	4.78695e-17 	0.0395538 	0.877015
0.642187 	0.20001 	4.89103e-17 	0.0458237 	0.866865
0.645312 	0.20001 	4.71756e-17 	0.0523947 	0.833717
0.648437 	0.20001 	4.57878e-17 	0.0538602 	0.797833
0.651562 	0.20001 	4.57878e-17 	0.0520453 	0.773783
0.654687 	0.20001 	4.57878e-17 	0.0521898 	0.773892
0.657812 	0.20001 	4.57878e-17 	0.0568576 	0.811743
0.660937 	0.20001 	4.57878e-17 	0.0664456 	0.901887
0.664062 	0.20001 	4.57878e-17 	0.0772276 	0.99423
0.667187 	0.20001 	4.57878e-17 	0.0873871 	1.03591
0.670312 	0.20001 	4.57878e-17 	0.0990972 	1.04105
0.673437 	0.20001 	4.75225e-17 	0.113708 	1.03775
0.676562 	0.20001 	4.92573e-17 	0.133287 	1.03835
0.679687 	0.20001 	4.75225e-17 	0.152504 	1.04772
0.682812 	0.20001 	4.71756e-17 	0.162983 	1.06757
0.685937 	0.20001 	4.71756e-17 	0.172549 	1.10525
0.689062 	0.20001 	4.57878e-17 	0.184398 	1.15122
0.692187 	0.20001 	4.57878e-17 	0.189938 	1.15713
0.695312 	0.20001 	4.57878e-17 	0.190434 	1.14121
0.698437 	0.20001 	4.57878e-17 	0.196274 	1.12164
0.701562 	0.20001 	4.57878e-17 	0.215227 	1.11713
0.704687 	0.20001 	4.57878e-17 	0.241651 	1.12133
0.707812 	0.20001 	4.71756e-17 	0.28051 	1.15725
0.710937 	0.20001 	4.85634e-17 	0.328126 	1.22275
0.714062 	0.20001 	4.85634e-17 	0.344428 	1.252
0.717187 	0.20001 	4.85634e-17 	0.346258 	1.25755
0.720312 	0.20001 	4.85634e-17 	0.350637 	1.26249
0.723437 	0.20001 	4.85634e-17 	0.362021 	1.26291
0.726562 	0.20001 	5.02981e-17 	0.375656 	1.25512
0.729687 	0.20001 	5.20328e-17 	0.389785 	1.24783
0.732812 	0.20001 	5.20328e-17 	0.405669 	1.25084
0.735937 	0.20001 	5.20328e-17 	0.419066 	1.27032
0.739062 	0.20001 	5.20328e-17 	0.438399 	1.31095
0.742187 	0.20001 	5.20328e-17 	0.461377 	1.34804
0.745312 	0.20001 	5.02981e-17 	0.484333 	1.36291
0.748437 	0.20001 	4.85634e-17 	0.511074 	1.36825
0.751562 	0.20001 	4.85634e-17 	0.542279 	1.37027
0.754687 	0.20001 	4.71756e-17 	0.552328 	1.36657
0.757812 	0.20001 	4.57878e-17 	0.549163 	1.36357
0.760937 	0.20001 	4.71756e-17 	0.542649 	1.36662
0.764062 	0.20001 	4.99512e-17 	0.555241 	1.39333
0.767187 	0.20001 	5.13389e-17 	0.578199 	1.41552
0.770312 	0.20001 	5.13389e-17 	0.59771 	1.41205
0.773437 	0.20001 	5.27267e-17 	0.618638 	1.40881
0.776562 	0.20001 	5.23798e-17 	0.638275 	1.41248
0.779687 	0.20001 	4.92573e-17 	0.648058 	1.41744
0.782812 	0.20001 	4.78695e-17 	0.662886 	1.43004
0.785937 	0.20001 	4.78695e-17 	0.677219 	1.44178
0.789062 	0.20001 	4.64817e-17 	0.68333 	1.44112
0.792187 	0.20001 	4.82164e-17 	0.686665 	1.43417
0.795312 	0.20001 	5.13389e-17 	0.697995 	1.43036
0.798437 	0.20001 	5.13389e-17 	0.723213 	1.4335
0.801562 	0.20001 	5.13389e-17 	0.752539 	1.44405
0.804687 	0.20001 	5.13389e-17 	0.769256 	1.45031
0.807812 	0.20001 	5.13389e-17 	0.776561 	1.4507
0.810937 	0.20001 	4.96042e-17 	0.783811 	1.44974
0.814062 	0.20001 	4.78695e-17 	0.784617 	1.44417
0.817187 	0.20001 	4.78695e-17 	0.782524 	1.44009
0.820312 	0.20001 	4.64817e-17 	0.784077 	1.4419
0.823437 	0.20001 	4.50939e-17 	0.791638 	1.45356
0.826562 	0.20001 	4.50939e-17 	0.805341 	1.47476
0.829687 	0.20001 	4.50939e-17 	0.822313 	1.49176
0.832812 	0.20001 	4.50939e-17 	0.840846 	1.49836
0.835937 	0.20001 	4.50939e-17 	0.856951 	1.49973
0.839062 	0.20001 	4.68287e-17 	0.875362 	1.50239
0.842187 	0.20001 	4.85634e-17 	0.886083 	1.50601
0.845312 	0.20001 	4.71756e-17 	0.893667 	1.51365
0.848437 	0.20001 	4.57878e-17 	0.904265 	1.52723
0.851562 	0.20001 	4.57878e-17 	0.913571 	1.53328
0.854687 	0.20001 	4.57878e-17 	0.919975 	1.53156
0.857812 	0.20001 	4.57878e-17 	0.922078 	1.52395
0.860937 	0.20001 	4.57878e-17 	0.919467 	1.51123
0.864062 	0.20001 	4.57878e-17 	0.923673 	1.50764
0.867187 	0.20001 	4.57878e-17 	0.936569 	1.51052
0.870312 	0.20001 	4.44e-17 	0.951705 	1.52008
0.873437 	0.20001 	4.44e-17 	0.965506 	1.53186
0.876562 	0.20001 	4.75225e-17 	0.975956 	1.53835
0.879687 	0.20001 	5.0645e-17 	0.984552 	1.5401
0.882812 	0.20001 	5.02981e-17 	0.991839 	1.53985
0.885937 	0.20001 	4.99512e-17 	0.995906 	1.5377
0.889062 	0.20001 	5.27267e-17 	0.998159 	1.53511
0.892187 	0.20001 	5.41145e-17 	1.00126 	1.5345
0.895312 	0.20001 	5.41145e-17 	1.00586 	1.53606
0.898437 	0.20001 	5.58492e-17 	1.01314 	1.54052
0.901562 	0.20001 	5.61962e-17 	1.02424 	1.54547
0.904687 	0.20001 	5.65431e-17 	1.03495 	1.54815
0.907812 	0.20001 	5.48084e-17 	1.0411 	1.54833
0.910937 	0.20001 	5.13389e-17 	1.04514 	1.54667
0.914062 	0.20001 	5.27267e-17 	1.04688 	1.54171
0.917187 	0.20001 	5.58492e-17 	1.04844 	1.53782
0.920312 	0.20001 	6.07064e-17 	1.05188 	1.53749
0.923437 	0.20001 	6.38289e-17 	1.05577 	1.53786
0.926562 	0.20001 	6.24412e-17 	1.06133 	1.54006
0.929687 	0.20001 	5.96656e-17 	1.07302 	1.54725
0.932812 	0.20001 	6.00126e-17 	1.09476 	1.55943
0.935937 	0.20001 	6.03595e-17 	1.11124 	1.56535
0.939062 	0.20001 	5.86248e-17 	1.1136 	1.5653
0.942187 	0.20001 	5.82778e-17 	1.11391 	1.56459
0.945312 	0.20001 	5.82778e-17 	1.11359 	1.5633
0.948437 	0.20001 	6.00126e-17 	1.11206 	1.56161
0.951562 	0.20001 	6.03595e-17 	1.10851 	1.56045
0.954687 	0.20001 	5.89717e-17 	1.10771 	1.56058
0.957812 	0.20001 	5.86248e-17 	1.11053 	1.56243
0.960937 	0.20001 	5.82778e-17 	1.11522 	1.5648
0.964062 	0.20001 	5.82778e-17 	1.12363 	1.56758
0.967187 	0.20001 	5.82778e-17 	1.13985 	1.57187
0.970312 	0.20001 	6.00126e-17 	1.15959 	1.57698
0.973437 	0.20001 	6.03595e-17 	1.16585 	1.57835
0.976562 	0.20001 	5.75839e-17 	1.16701 	1.57883
0.979687 	0.20001 	5.75839e-17 	1.16777 	1.57958
0.982812 	0.20001 	5.93187e-17 	1.16472 	1.57917
0.985937 	0.20001 	5.61962e-17 	1.15571 	1.57671
0.989062 	0.20001 	5.27267e-17 	1.15267 	1.57548
0.992187 	0.20001 	5.44614e-17 	1.15578 	1.57626
0.995312 	0.20001 	5.61962e-17 	1.16171 	1.57726
0.998437 	0.20001 	5.61962e-17 	1.17058 	1.5787
1.00156 	0.20001 	5.44614e-17 	1.18321 	1.58084
1.00469 	0.20001 	5.27267e-17 	1.19823 	1.58311
1.00781 	0.20001 	5.27267e-17 	1.20533 	1.5833
1.01094 	0.20001 	5.27267e-17 	1.2043 	1.58073
1.01406 	0.20001 	5.27267e-17 	1.20054 	1.5756
1.01719 	0.20001 	5.44614e-17 	1.19826 	1.57158
1.02031 	0.20001 	5.61962e-17 	1.1986 	1.56953
1.02344 	0.20001 	5.61962e-17 	1.20093 	1.56901
1.02656 	0.20001 	5.61962e-17 	1.20725 	1.57006
1.02969 	0.20001 	5.61962e-17 	1.21696 	1.57405
1.03281 	0.20001 	5.61962e-17 	1.22184 	1.57781
1.03594 	0.20001 	5.75839e-17 	1.22454 	1.581
1.03906 	0.20001 	5.89717e-17 	1.22588 	1.58396
1.04219 	0.20001 	5.89717e-17 	1.22392 	1.5861
1.04531 	0.20001 	5.89717e-17 	1.22438 	1.58821
1.04844 	0.20001 	5.89717e-17 	1.22732 	1.59022
1.05156 	0.20001 	5.89717e-17 	1.23136 	1.59133
1.05469 	0.20001 	5.75839e-17 	1.23761 	1.59312
1.05781 	0.20001 	5.48084e-17 	1.24268 	1.59607
1.06094 	0.20001 	5.34206e-17 	1.24607 	1.59987
1.06406 	0.20001 	5.34206e-17 	1.24916 	1.60364
1.06719 	0.20001 	5.20328e-17 	1.25085 	1.60543
1.07031 	0.20001 	5.23798e-17 	1.25209 	1.60565
1.07344 	0.20001 	5.55023e-17 	1.25364 	1.60515
1.07656 	0.20001 	5.689e-17 	1.25519 	1.60302
1.07969 	0.20001 	5.689e-17 	1.25665 	1.59875
1.08281 	0.20001 	5.689e-17 	1.2592 	1.59396
1.08594 	0.20001 	5.7237e-17 	1.26449 	1.59163
1.08906 	0.20001 	5.7237e-17 	1.26719 	1.59076
1.09219 	0.20001 	5.689e-17 	1.26818 	1.59062
1.09531 	0.20001 	5.689e-17 	1.26901 	1.59075
1.09844 	0.20001 	5.689e-17 	1.26971 	1.59137
1.10156 	0.20001 	5.689e-17 	1.26959 	1.59239
1.10469 	0.20001 	5.689e-17 	1.26982 	1.5944
1.10781 	0.20001 	5.51553e-17 	1.2706 	1.59598
1.11094 	0.20001 	5.16859e-17 	1.27063 	1.5959
1.11406 	0.20001 	4.99512e-17 	1.27185 	1.59543
1.11719 	0.20001 	4.99512e-17 	1.27487 	1.59452
1.12031 	0.20001 	4.85634e-17 	1.28025 	1.59367
1.12344 	0.20001 	4.37061e-17 	1.28782 	1.59358
1.12656 	0.20001 	4.02367e-17 	1.29218 	1.59358
1.12969 	0.20001 	4.16245e-17 	1.29263 	1.59345
1.13281 	0.20001 	4.16245e-17 	1.29288 	1.59364
1.13594 	0.20001 	4.02367e-17 	1.29309 	1.59431
1.13906 	0.20001 	4.02367e-17 	1.29218 	1.59547
1.14219 	0.20001 	4.02367e-17 	1.28919 	1.59695
1.14531 	0.20001 	3.8502e-17 	1.28721 	1.59891
1.14844 	0.20001 	3.8502e-17 	1.28958 	1.60193
1.15156 	0.20001 	3.88489e-17 	1.29295 	1.60433
1.15469 	0.20001 	3.60734e-17 	1.29693 	1.60537
1.15781 	0.20001 	3.64203e-17 	1.30047 	1.60569
1.16094 	0.20001 	3.50325e-17 	1.30279 	1.60565
1.16406 	0.20001 	3.32978e-17 	1.30417 	1.60517
1.16719 	0.20001 	3.46856e-17 	1.30463 	1.60411
1.17031 	0.20001 	3.46856e-17 	1.30441 	1.6029
1.17344 	0.20001 	3.60734e-17 	1.30436 	1.60212
1.17656 	0.20001 	3.74611e-17 	1.30507 	1.60184
1.17969 	0.20001 	3.74611e-17 	1.30709 	1.60191
1.18281 	0.20001 	3.74611e-17 	1.31118 	1.60268
1.18594 	0.20001 	3.88489e-17 	1.31541 	1.6035
1.18906 	0.20001 	4.02367e-17 	1.31707 	1.60349
1.19219 	0.20001 	4.02367e-17 	1.31739 	1.60295
1.19531 	0.20001 	4.16245e-17 	1.31735 	1.60217
1.19844 	0.20001 	4.44e-17 	1.31736 	1.60161
1.20156 	0.20001 	4.75225e-17 	1.31759 	1.60139
1.20469 	0.20001 	5.0645e-17 	1.31815 	1.60139
1.20781 	0.20001 	5.20328e-17 	1.31962 	1.60183
1.21094 	0.20001 	5.34206e-17 	1.3212 	1.60262
1.21406 	0.20001 	5.65431e-17 	1.32228 	1.60332
1.21719 	0.20001 	6.00126e-17 	1.32342 	1.6043
1.22031 	0.20001 	6.17473e-17 	1.32466 	1.60585
1.22344 	0.20001 	6.31351e-17 	1.3251 	1.60795
1.22656 	0.20001 	6.45228e-17 	1.32334 	1.61049
1.22969 	0.20001 	6.45228e-17 	1.32082 	1.61326
1.23281 	0.20001 	6.76453e-17 	1.32217 	1.61631
1.23594 	0.20001 	7.07678e-17 	1.32304 	1.6174
1.23906 	0.20001 	7.07678e-17 	1.32368 	1.61735
1.24219 	0.20001 	6.59106e-17 	1.32498 	1.61674
1.24531 	0.20001 	6.24412e-17 	1.32714 	1.615
1.24844 	0.20001 	6.07064e-17 	1.33076 	1.61165
1.25156 	0.20001 	5.75839e-17 	1.33587 	1.6072
1.25469 	0.20001 	5.58492e-17 	1.33527 	1.60158
1.25781 	0.20001 	5.27267e-17 	1.33268 	1.59741
1.26094 	0.20001 	5.13389e-17 	1.33128 	1.59579
1.26406 	0.20001 	5.13389e-17 	1.32879 	1.59519
1.26719 	0.20001 	4.99512e-17 	1.32582 	1.59521
1.27031 	0.20001 	4.99512e-17 	1.32471 	1.59607
1.27344 	0.20001 	4.99512e-17 	1.32608 	1.59863
1.27656 	0.20001 	4.99512e-17 	1.32803 	1.60154
1.27969 	0.20001 	5.16859e-17 	1.33085 	1.6039
1.28281 	0.20001 	5.37675e-17 	1.33556 	1.60536
1.28594 	0.20001 	5.55023e-17 	1.33862 	1.60565
1.28906 	0.20001 	5.41145e-17 	1.33985 	1.6055
1.29219 	0.20001 	5.27267e-17 	1.34042 	1.60484
1.29531 	0.20001 	5.41145e-17 	1.33998 	1.60406
1.29844 	0.20001 	5.41145e-17 	1.3396 	1.60382
1.30156 	0.20001 	5.41145e-17 	1.33915 	1.60379
1.30469 	0.20001 	5.37675e-17 	1.33853 	1.60384
1.30781 	0.20001 	5.34206e-17 	1.33846 	1.60429
1.31094 	0.20001 	5.48084e-17 	1.34483 	1.60705
1.31406 	0.20001 	5.30737e-17 	1.41558 	1.6326
1.31719 	0.20001 	5.30737e-17 	1.72793 	1.73648
1.32031 	0.20001 	5.30737e-17 	2.64771 	1.9651
1.32344 	0.20001 	5.13389e-17 	4.70369 	2.33527
1.32656 	0.20001 	5.13389e-17 	6.70122 	2.59907
1.32969 	0.20001 	4.99512e-17 	6.63384 	2.5933
1.33281 	0.20001 	4.85634e-17 	6.44856 	2.57061
1.33594 	0.20001 	4.71756e-17 	6.37431 	2.55482
1.33906 	0.20001 	4.40531e-17 	6.40944 	2.5575
1.34219 	0.20001 	4.09306e-17 	6.46779 	2.56349
1.34531 	0.20001 	3.64203e-17 	6.50263 	2.56664
1.34844 	0.20001 	3.191e-17 	6.5179 	2.5671
1.35156 	0.20001 	2.91345e-17 	6.52166 	2.56636
1.35469 	0.20001 	2.77467e-17 	6.53086 	2.56679
1.35781 	0.20001 	2.94814e-17 	6.54176 	2.56931
1.36094 	0.20001 	3.12161e-17 	6.5529 	2.57349
1.36406 	0.20001 	3.12161e-17 	6.56185 	2.57644
1.36719 	0.20001 	3.26039e-17 	6.55982 	2.57644
1.37031 	0.20001 	3.39917e-17 	6.54919 	2.57429
1.37344 	0.20001 	3.39917e-17 	6.54602 	2.57116
1.37656 	0.20001 	3.39917e-17 	6.54371 	2.56674
1.37969 	0.20001 	3.39917e-17 	6.54243 	2.56225
1.38281 	0.20001 	3.39917e-17 	6.53387 	2.55761
1.38594 	0.20001 	3.39917e-17 	6.5136 	2.55228
1.38906 	0.20001 	3.39917e-17 	6.48983 	2.54777
1.39219 	0.20001 	3.39917e-17 	6.47324 	2.54517
1.39531 	0.20001 	3.39917e-17 	6.47072 	2.54495
1.39844 	0.20001 	3.39917e-17 	6.48539 	2.54777
1.40156 	0.20001 	3.57264e-17 	6.49093 	2.55136
1.40469 	0.20001 	3.74611e-17 	6.48938 	2.55567
1.40781 	0.20001 	3.74611e-17 	6.48227 	2.55932
1.41094 	0.20001 	3.60734e-17 	6.47049 	2.55999
1.41406 	0.20001 	3.46856e-17 	6.46286 	2.55958
1.41719 	0.20001 	3.46856e-17 	6.4549 	2.55727
1.42031 	0.20001 	3.46856e-17 	6.44787 	2.55298
1.42344 	0.20001 	3.46856e-17 	6.43871 	2.54703
1.42656 	0.20001 	3.46856e-17 	6.4263 	2.54106
1.42969 	0.20001 	3.60734e-17 	6.41188 	2.53624
1.43281 	0.20001 	3.74611e-17 	6.39896 	2.5335
1.43594 	0.20001 	3.74611e-17 	6.38931 	2.5325
1.43906 	0.20001 	3.74611e-17 	6.37945 	2.53203
1.44219 	0.20001 	3.74611e-17 	6.36586 	2.53137
1.44531 	0.20001 	3.74611e-17 	6.35245 	2.53081
1.44844 	0.20001 	3.74611e-17 	6.34204 	2.5306
1.45156 	0.20001 	3.74611e-17 	6.33555 	2.53075
1.45469 	0.20001 	3.74611e-17 	6.33153 	2.53118
1.45781 	0.20001 	3.60734e-17 	6.32407 	2.53117
1.46094 	0.20001 	3.46856e-17 	6.3136 	2.53078
1.46406 	0.20001 	3.46856e-17 	6.30151 	2.53013
1.46719 	0.20001 	3.46856e-17 	6.28548 	2.52921
1.47031 	0.20001 	3.46856e-17 	6.26868 	2.52861
1.47344 	0.20001 	3.46856e-17 	6.25798 	2.52881
1.47656 	0.20001 	3.46856e-17 	6.25028 	2.52942
1.47969 	0.20001 	3.46856e-17 	6.24267 	2.5298
1.48281 	0.20001 	3.46856e-17 	6.23292 	2.52957
1.48594 	0.20001 	3.32978e-17 	6.21944 	2.52823
1.48906 	0.20001 	3.191e-17 	6.20446 	2.52545
1.49219 	0.20001 	3.191e-17 	6.18966 	2.52113
1.49531 	0.20001 	3.191e-17 	6.17713 	2.51576
1.49844 	0.20001 	3.191e-17 	6.17085 	2.51037
1.50156 	0.20001 	3.01753e-17 	6.17558 	2.5068
1.50469 	0.20001 	2.84406e-17 	6.18794 	2.50591
1.50781 	0.20001 	2.84406e-17 	6.18714 	2.50516
1.51094 	0.20001 	2.84406e-17 	6.17482 	2.50477
1.51406 	0.20001 	3.01753e-17 	6.15527 	2.505
1.51719 	0.20001 	3.191e-17 	6.11474 	2.50382
1.52031 	0.20001 	3.191e-17 	6.0695 	2.50268
1.52344 	0.20001 	3.191e-17 	6.04998 	2.50403
1.52656 	0.20001 	3.191e-17 	6.0461 	2.50638
1.52969 	0.20001 	3.191e-17 	6.04988 	2.50807
1.53281 	0.20001 	3.191e-17 	6.0623 	2.50937
1.53594 	0.20001 	3.2257e-17 	6.07275 	2.50929
1.53906 	0.20001 	3.26039e-17 	6.06842 	2.50644
1.54219 	0.20001 	3.26039e-17 	6.04848 	2.50074
1.54531 	0.20001 	3.26039e-17 	6.0191 	2.4951
1.54844 	0.20001 	3.26039e-17 	5.99168 	2.49165
1.55156 	0.20001 	3.26039e-17 	5.97967 	2.49116
1.55469 	0.20001 	3.26039e-17 	5.97301 	2.49164
1.55781 	0.20001 	3.26039e-17 	5.97304 	2.49383
1.56094 	0.20001 	3.12161e-17 	5.9762 	2.49676
1.56406 	0.20001 	2.98284e-17 	5.97256 	2.49815
1.56719 	0.20001 	3.15631e-17 	5.96285 	2.4982
1.57031 	0.20001 	3.32978e-17 	5.94692 	2.49682
1.57344 	0.20001 	3.32978e-17 	5.92624 	2.49368
1.57656 	0.20001 	3.32978e-17 	5.91076 	2.49034
1.57969 	0.20001 	3.32978e-17 	5.89774 	2.4867
1.58281 	0.20001 	3.67673e-17 	5.89012 	2.48371
1.58594 	0.20001 	4.02367e-17 	5.89003 	2.48216
1.58906 	0.20001 	4.16245e-17 	5.88388 	2.4806
1.59219 	0.20001 	4.12775e-17 	5.87305 	2.47963
1.59531 	0.20001 	3.95428e-17 	5.85999 	2.47895
1.59844 	0.20001 	4.12775e-17 	5.84086 	2.47767
1.60156 	0.20001 	4.30123e-17 	5.81788 	2.47575
1.60469 	0.20001 	4.30123e-17 	5.80164 	2.47437
1.60781 	0.20001 	4.30123e-17 	5.79084 	2.4734
1.61094 	0.20001 	4.44e-17 	5.78149 	2.47236
1.61406 	0.20001 	4.71756e-17 	5.77495 	2.47153
1.61719 	0.20001 	4.85634e-17 	5.77148 	2.47111
1.62031 	0.20001 	4.85634e-17 	5.769 	2.471
1.62344 	0.20001 	4.99512e-17 	5.76531 	2.47106
1.62656 	0.20001 	5.13389e-17 	5.76029 	2.47127
1.62969 	0.20001 	5.13389e-17 	5.7545 	2.47163
1.63281 	0.20001 	5.13389e-17 	5.7472 	2.47182
1.63594 	0.20001 	5.13389e-17 	5.73781 	2.47165
1.63906 	0.20001 	5.27267e-17 	5.72337 	2.47048
1.64219 	0.20001 	5.41145e-17 	5.69745 	2.46726
1.64531 	0.20001 	5.55023e-17 	5.66769 	2.46283
1.64844 	0.20001 	5.55023e-17 	5.65053 	2.45931
1.65156 	0.20001 	5.41145e-17 	5.63798 	2.45581
1.65469 	0.20001 	5.23798e-17 	5.62626 	2.45193
1.65781 	0.20001 	5.0645e-17 	5.61652 	2.44837
1.66094 	0.20001 	5.23798e-17 	5.6107 	2.44647
1.66406 	0.20001 	5.55023e-17 	5.60913 	2.44624
1.66719 	0.20001 	5.689e-17 	5.60757 	2.44641
1.67031 	0.20001 	5.65431e-17 	5.60228 	2.44683
1.67344 	0.20001 	5.61962e-17 	5.59496 	2.44762
1.67656 	0.20001 	5.79309e-17 	5.5882 	2.44875
1.67969 	0.20001 	5.96656e-17 	5.58302 	2.45004
1.68281 	0.20001 	6.10534e-17 	5.57956 	2.45135
1.68594 	0.20001 	6.24412e-17 	5.57711 	2.45238
1.68906 	0.20001 	6.24412e-17 	5.57286 	2.45267
1.69219 	0.20001 	6.10534e-17 	5.56504 	2.45221
1.69531 	0.20001 	5.79309e-17 	5.55241 	2.45063
1.69844 	0.20001 	5.44614e-17 	5.5324 	2.44774
1.70156 	0.20001 	5.27267e-17 	5.50248 	2.44347
1.70469 	0.20001 	5.27267e-17 	5.47356 	2.43952
1.70781 	0.20001 	5.44614e-17 	5.45297 	2.43682
1.71094 	0.20001 	5.44614e-17 	5.44027 	2.43541
1.71406 	0.20001 	5.27267e-17 	5.43378 	2.43514
1.71719 	0.20001 	5.27267e-17 	5.43057 	2.43555
1.72031 	0.20001 	5.41145e-17 	5.43086 	2.43674
1.72344 	0.20001 	5.7237e-17 	5.43804 	2.43892
1.72656 	0.20001 	5.7237e-17 	5.45121 	2.4416
1.72969 	0.20001 	5.37675e-17 	5.46776 	2.44433
1.73281 	0.20001 	5.02981e-17 	5.48435 	2.4466
1.73594 	0.20001 	4.71756e-17 	5.49437 	2.44764
1.73906 	0.20001 	4.57878e-17 	5.49264 	2.44697
1.74219 	0.20001 	4.57878e-17 	5.47844 	2.44433
1.74531 	0.20001 	4.57878e-17 	5.45475 	2.44052
1.74844 	0.20001 	4.57878e-17 	5.40761 	2.43402
1.75156 	0.20001 	4.57878e-17 	5.34102 	2.42564
1.75469 	0.20001 	4.57878e-17 	5.28437 	2.41899
1.75781 	0.20001 	4.57878e-17 	5.24818 	2.41517
1.76094 	0.20001 	4.44e-17 	5.23039 	2.41396
1.76406 	0.20001 	4.30123e-17 	5.22297 	2.41419
1.76719 	0.20001 	4.12775e-17 	5.22071 	2.41511
1.77031 	0.20001 	4.12775e-17 	5.23001 	2.41765
1.77344 	0.20001 	4.30123e-17 	5.24871 	2.42091
1.77656 	0.20001 	4.30123e-17 	5.27008 	2.42402
1.77969 	0.20001 	4.30123e-17 	5.29072 	2.42658
1.78281 	0.20001 	4.44e-17 	5.30191 	2.42761
1.78594 	0.20001 	4.57878e-17 	5.2978 	2.42656
1.78906 	0.20001 	4.57878e-17 	5.28217 	2.4239
1.79219 	0.20001 	4.71756e-17 	5.25381 	2.41985
1.79531 	0.20001 	5.16859e-17 	5.1976 	2.4125
1.79844 	0.20001 	5.30737e-17 	5.12721 	2.40372
1.80156 	0.20001 	5.27267e-17 	5.07242 	2.39694
1.80469 	0.20001 	5.27267e-17 	5.04124 	2.39318
1.80781 	0.20001 	5.27267e-17 	5.02919 	2.39209
1.81094 	0.20001 	5.27267e-17 	5.0244 	2.39184
1.81406 	0.20001 	5.16859e-17 	5.02949 	2.39277
1.81719 	0.20001 	5.34206e-17 	5.04883 	2.39537
1.82031 	0.20001 	5.30737e-17 	5.07519 	2.39845
1.82344 	0.20001 	5.13389e-17 	5.10197 	2.4012
1.82656 	0.20001 	5.48084e-17 	5.12319 	2.40295
1.82969 	0.20001 	5.82778e-17 	5.13063 	2.40302
1.83281 	0.20001 	5.82778e-17 	5.12096 	2.40063
1.83594 	0.20001 	5.82778e-17 	5.10365 	2.39747
1.83906 	0.20001 	5.65431e-17 	5.0724 	2.39283
1.84219 	0.20001 	5.30737e-17 	5.01943 	2.38559
1.84531 	0.20001 	5.13389e-17 	4.96674 	2.37869
1.84844 	0.20001 	5.13389e-17 	4.9322 	2.3742
1.85156 	0.20001 	5.13389e-17 	4.91488 	2.3721
1.85469 	0.20001 	4.99512e-17 	4.90623 	2.37134
1.85781 	0.20001 	4.99512e-17 	4.9016 	2.37121
1.86094 	0.20001 	5.13389e-17 	4.90329 	2.37208
1.86406 	0.20001 	5.13389e-17 	4.91005 	2.37391
1.86719 	0.20001 	5.13389e-17 	4.916 	2.37571
1.87031 	0.20001 	5.13389e-17 	4.91926 	2.37726
1.87344 	0.20001 	5.27267e-17 	4.92069 	2.37872
1.87656 	0.20001 	5.55023e-17 	4.92109 	2.38024
1.87969 	0.20001 	5.86248e-17 	4.92024 	2.38166
1.88281 	0.20001 	6.20942e-17 	4.91793 	2.38285
1.88594 	0.20001 	6.52167e-17 	4.9129 	2.38362
1.88906 	0.20001 	6.79923e-17 	4.90443 	2.38386
1.89219 	0.20001 	6.76453e-17 	4.89143 	2.38344
1.89531 	0.20001 	6.59106e-17 	4.87001 	2.38161
1.89844 	0.20001 	6.76453e-17 	4.83665 	2.37788
1.90156 	0.20001 	6.62576e-17 	4.80138 	2.37378
1.90469 	0.20001 	6.31351e-17 	4.77406 	2.37051
1.90781 	0.20001 	6.17473e-17 	4.75545 	2.36813
1.91094 	0.20001 	6.03595e-17 	4.74446 	2.3666
1.91406 	0.20001 	5.7237e-17 	4.73762 	2.36554
1.91719 	0.20001 	5.58492e-17 	4.7329 	2.36461
1.92031 	0.20001 	6.07064e-17 	4.73325 	2.3643
1.92344 	0.20001 	6.20942e-17 	4.73739 	2.36423
1.92656 	0.20001 	5.86248e-17 	4.74236 	2.36414
1.92969 	0.20001 	5.55023e-17 	4.74657 	2.36381
1.93281 	0.20001 	5.27267e-17 	4.74831 	2.36295
1.93594 	0.20001 	5.0992e-17 	4.74402 	2.36105
1.93906 	0.20001 	5.0645e-17 	4.73338 	2.35832
1.94219 	0.20001 	4.92573e-17 	4.7166 	2.35496
1.94531 	0.20001 	4.61348e-17 	4.68765 	2.35004
1.94844 	0.20001 	4.44e-17 	4.64891 	2.34403
1.95156 	0.20001 	4.61348e-17 	4.62061 	2.3397
1.95469 	0.20001 	4.64817e-17 	4.60639 	2.33749
1.95781 	0.20001 	4.64817e-17 	4.59921 	2.33647
1.96094 	0.20001 	4.4747e-17 	4.59668 	2.33625
1.96406 	0.20001 	3.98898e-17 	4.6025 	2.33735
1.96719 	0.20001 	3.95428e-17 	4.61524 	2.33952
1.97031 	0.20001 	4.09306e-17 	4.6292 	2.34185
1.97344 	0.20001 	4.09306e-17 	4.64029 	2.34364
1.97656 	0.20001 	4.05836e-17 	4.64414 	2.34435
1.97969 	0.20001 	4.02367e-17 	4.63871 	2.34378
1.98281 	0.20001 	4.02367e-17 	4.62667 	2.3424
1.98594 	0.20001 	4.05836e-17 	4.60425 	2.33957
1.98906 	0.20001 	4.23184e-17 	4.55833 	2.33338
1.99219 	0.20001 	4.23184e-17 	4.50303 	2.32602
1.99531 	0.20001 	4.23184e-17 	4.46742 	2.32144
1.99844 	0.20001 	4.05836e-17 	4.45315 	2.31993
2.00156 	0.20001 	3.88489e-17 	4.4474 	2.31967
2.00469 	0.20001 	3.88489e-17 	4.44805 	2.32032
2.00781 	0.20001 	3.74611e-17 	4.46301 	2.32344
2.01094 	0.20001 	3.88489e-17 	4.48789 	2.32778
2.01406 	0.20001 	4.02367e-17 	4.50992 	2.33156
2.01719 	0.20001 	4.02367e-17 	4.52163 	2.33366
2.02031 	0.20001 	4.02367e-17 	4.52235 	2.334
2.02344 	0.20001 	4.16245e-17 	4.51635 	2.33351
2.02656 	0.20001 	4.30123e-17 	4.50516 	2.33231
2.02969 	0.20001 	4.16245e-17 	4.48204 	2.32944
2.03281 	0.20001 	4.02367e-17 	4.44582 	2.32482
2.03594 	0.20001 	4.02367e-17 	4.41608 	2.32119
2.03906 	0.20001 	4.02367e-17 	4.4011 	2.31965
2.04219 	0.20001 	4.16245e-17 	4.39421 	2.31924
2.04531 	0.20001 	4.12775e-17 	4.38992 	2.31908
2.04844 	0.20001 	3.78081e-17 	4.38992 	2.31941
2.05156 	0.20001 	3.57264e-17 	4.39755 	2.32092
2.05469 	0.20001 	3.50325e-17 	4.40885 	2.32258
2.05781 	0.20001 	3.32978e-17 	4.41821 	2.32364
2.06094 	0.20001 	3.53795e-17 	4.42008 	2.32358
2.06406 	0.20001 	3.88489e-17 	4.41221 	2.32183
2.06719 	0.20001 	3.74611e-17 	4.3976 	2.31913
2.07031 	0.20001 	3.60734e-17 	4.37021 	2.31459
2.07344 	0.20001 	3.29509e-17 	4.32215 	2.30703
2.07656 	0.20001 	2.94814e-17 	4.26616 	2.2985
2.07969 	0.20001 	3.05223e-17 	4.22257 	2.29184
2.08281 	0.20001 	3.32978e-17 	4.19583 	2.28774
2.08594 	0.20001 	3.29509e-17 	4.18268 	2.28596
2.08906 	0.20001 	2.94814e-17 	4.17633 	2.2854
2.09219 	0.20001 	2.77467e-17 	4.17264 	2.28529
2.09531 	0.20001 	2.6012e-17 	4.17484 	2.28626
2.09844 	0.20001 	2.28895e-17 	4.18685 	2.28907
2.10156 	0.20001 	2.15017e-17 	4.20372 	2.29257
2.10469 	0.20001 	2.28895e-17 	4.21979 	2.29601
2.10781 	0.20001 	2.73997e-17 	4.23329 	2.29911
2.11094 	0.20001 	2.87875e-17 	4.24352 	2.30164
2.11406 	0.20001 	2.53181e-17 	4.24717 	2.30298
2.11719 	0.20001 	2.53181e-17 	4.24297 	2.30307
2.12031 	0.20001 	2.84406e-17 	4.23261 	2.30241
2.12344 	0.20001 	2.80936e-17 	4.20927 	2.29934
2.12656 	0.20001 	2.63589e-17 	4.16509 	2.29269
2.12969 	0.20001 	2.49711e-17 	4.10789 	2.28383
2.13281 	0.20001 	2.18486e-17 	4.06705 	2.27709
2.13594 	0.20001 	2.32364e-17 	4.04776 	2.27324
2.13906 	0.20001 	2.63589e-17 	4.03996 	2.2711
2.14219 	0.20001 	2.49711e-17 	4.03702 	2.2698
2.14531 	0.20001 	2.35834e-17 	4.04294 	2.26974
2.14844 	0.20001 	2.18486e-17 	4.05651 	2.27066
2.15156 	0.20001 	2.15017e-17 	4.07373 	2.27257
2.15469 	0.20001 	2.28895e-17 	4.08967 	2.27451
2.15781 	0.20001 	2.28895e-17 	4.09822 	2.27545
2.16094 	0.20001 	2.28895e-17 	4.0966 	2.27495
2.16406 	0.20001 	2.28895e-17 	4.08972 	2.27369
2.16719 	0.20001 	2.28895e-17 	4.07722 	2.27175
2.17031 	0.20001 	2.28895e-17 	4.05567 	2.26841
2.17344 	0.20001 	2.28895e-17 	4.03158 	2.26474
2.17656 	0.20001 	2.28895e-17 	4.01746 	2.26275
2.17969 	0.20001 	2.28895e-17 	4.00924 	2.26174
2.18281 	0.20001 	2.28895e-17 	4.00334 	2.26111
2.18594 	0.20001 	2.28895e-17 	3.99855 	2.26066
2.18906 	0.20001 	2.28895e-17 	3.99378 	2.26027
2.19219 	0.20001 	2.28895e-17 	3.98726 	2.25967
2.19531 	0.20001 	2.28895e-17 	3.97837 	2.25876
2.19844 	0.20001 	2.28895e-17 	3.96322 	2.25691
2.20156 	0.20001 	2.28895e-17 	3.94352 	2.25439
2.20469 	0.20001 	2.28895e-17 	3.92517 	2.25206
2.20781 	0.20001 	2.28895e-17 	3.90914 	2.24995
2.21094 	0.20001 	2.28895e-17 	3.89575 	2.24811
2.21406 	0.20001 	2.28895e-17 	3.88557 	2.24666
2.21719 	0.20001 	2.28895e-17 	3.87842 	2.24563
2.22031 	0.20001 	2.28895e-17 	3.87348 	2.24491
2.22344 	0.20001 	2.28895e-17 	3.87038 	2.2444
2.22656 	0.20001 	2.28895e-17 	3.87072 	2.24443
2.22969 	0.20001 	2.28895e-17 	3.875 	2.24504
2.23281 	0.20001 	2.28895e-17 	3.88266 	2.24616
2.23594 	0.20001 	2.28895e-17 	3.89345 	2.24775
2.23906 	0.20001 	2.28895e-17 	3.90546 	2.24944
2.24219 	0.20001 	2.28895e-17 	3.91187 	2.25019
2.24531 	0.20001 	2.28895e-17 	3.90833 	2.24933
2.24844 	0.20001 	2.28895e-17 	3.89803 	2.24734
2.25156 	0.20001 	2.28895e-17 	3.87889 	2.24398
2.25469 	0.20001 	2.42772e-17 	3.84481 	2.23817
2.25781 	0.20001 	2.5665e-17 	3.79928 	2.23055
2.26094 	0.20001 	2.5665e-17 	3.7643 	2.22471
2.26406 	0.20001 	2.5665e-17 	3.74435 	2.22127
2.26719 	0.20001 	2.5665e-17 	3.7339 	2.21942
2.27031 	0.20001 	2.5665e-17 	3.72849 	2.21847
2.27344 	0.20001 	2.5665e-17 	3.7279 	2.21838
2.27656 	0.20001 	2.5665e-17 	3.73347 	2.21946
2.27969 	0.20001 	2.42772e-17 	3.74133 	2.22106
2.28281 	0.20001 	2.28895e-17 	3.74973 	2.22283
2.28594 	0.20001 	2.28895e-17 	3.75937 	2.22489
2.28906 	0.20001 	2.28895e-17 	3.77095 	2.22733
2.29219 	0.20001 	2.11547e-17 	3.78441 	2.23012
2.29531 	0.20001 	1.942e-17 	3.79823 	2.23296
2.29844 	0.20001 	1.942e-17 	3.80579 	2.23467
2.30156 	0.20001 	1.942e-17 	3.80339 	2.23465
2.30469 	0.20001 	1.942e-17 	3.79444 	2.2337
2.30781 	0.20001 	2.08078e-17 	3.77683 	2.2312
2.31094 	0.20001 	2.21956e-17 	3.74841 	2.22685
2.31406 	0.20001 	2.21956e-17 	3.70794 	2.22045
2.31719 	0.20001 	2.21956e-17 	3.66639 	2.21387
2.32031 	0.20001 	2.21956e-17 	3.63485 	2.20868
2.32344 	0.20001 	2.21956e-17 	3.61461 	2.20517
2.32656 	0.20001 	2.21956e-17 	3.60364 	2.20325
2.32969 	0.20001 	2.21956e-17 	3.59685 	2.20208
2.33281 	0.20001 	2.21956e-17 	3.59085 	2.20102
2.33594 	0.20001 	2.21956e-17 	3.58434 	2.19986
2.33906 	0.20001 	2.08078e-17 	3.57638 	2.19845
2.34219 	0.20001 	1.942e-17 	3.5675 	2.19689
2.34531 	0.20001 	1.942e-17 	3.55997 	2.19554
2.34844 	0.20001 	1.9767e-17 	3.55469 	2.19454
2.35156 	0.20001 	2.18486e-17 	3.55128 	2.19385
2.35469 	0.20001 	2.21956e-17 	3.55151 	2.19382
2.35781 	0.20001 	2.08078e-17 	3.55629 	2.19456
2.36094 	0.20001 	2.08078e-17 	3.56375 	2.19586
2.36406 	0.20001 	2.08078e-17 	3.57232 	2.1974
2.36719 	0.20001 	2.08078e-17 	3.58196 	2.19915
2.37031 	0.20001 	2.08078e-17 	3.59192 	2.2009
2.37344 	0.20001 	2.08078e-17 	3.59648 	2.20167
2.37656 	0.20001 	2.08078e-17 	3.59277 	2.20102
2.37969 	0.20001 	2.08078e-17 	3.58239 	2.19923
2.38281 	0.20001 	2.08078e-17 	3.56204 	2.19569
2.38594 	0.20001 	2.08078e-17 	3.53149 	2.19031
2.38906 	0.20001 	2.08078e-17 	3.49129 	2.1832
2.39219 	0.20001 	2.08078e-17 	3.45032 	2.17601
2.39531 	0.20001 	2.08078e-17 	3.41899 	2.17037
2.39844 	0.20001 	2.21956e-17 	3.3987 	2.16656
2.40156 	0.20001 	2.35834e-17 	3.389 	2.16483
2.40469 	0.20001 	2.21956e-17 	3.38515 	2.16432
2.40781 	0.20001 	2.08078e-17 	3.38496 	2.16451
2.41094 	0.20001 	2.08078e-17 	3.39081 	2.16603
2.41406 	0.20001 	2.08078e-17 	3.40016 	2.16827
2.41719 	0.20001 	2.08078e-17 	3.41094 	2.17084
2.42031 	0.20001 	2.21956e-17 	3.4238 	2.17386
2.42344 	0.20001 	2.35834e-17 	3.4397 	2.17749
2.42656 	0.20001 	2.21956e-17 	3.45818 	2.18159
2.42969 	0.20001 	2.08078e-17 	3.47531 	2.18538
2.43281 	0.20001 	2.08078e-17 	3.485 	2.18777
2.43594 	0.20001 	2.08078e-17 	3.48525 	2.18828
2.43906 	0.20001 	2.08078e-17 	3.47873 	2.18781
2.44219 	0.20001 	1.942e-17 	3.46384 	2.18573
2.44531 	0.20001 	1.80322e-17 	3.43392 	2.18071
2.44844 	0.20001 	1.80322e-17 	3.38438 	2.17201
2.45156 	0.20001 	1.942e-17 	3.32212 	2.16094
2.45469 	0.20001 	2.25425e-17 	3.27323 	2.15193
2.45781 	0.20001 	2.42772e-17 	3.24564 	2.1467
2.46094 	0.20001 	2.25425e-17 	3.23494 	2.14484
2.46406 	0.20001 	2.08078e-17 	3.23223 	2.14456
2.46719 	0.20001 	1.942e-17 	3.23406 	2.14519
2.47031 	0.20001 	1.80322e-17 	3.24541 	2.14779
2.47344 	0.20001 	1.942e-17 	3.26773 	2.15238
2.47656 	0.20001 	2.08078e-17 	3.30042 	2.15888
2.47969 	0.20001 	2.08078e-17 	3.3428 	2.16712
2.48281 	0.20001 	2.08078e-17 	3.38287 	2.17462
2.48594 	0.20001 	2.25425e-17 	3.40317 	2.17835
2.48906 	0.20001 	2.6012e-17 	3.40371 	2.17846
2.49219 	0.20001 	2.77467e-17 	3.39389 	2.17665
2.49531 	0.20001 	2.91345e-17 	3.37008 	2.17218
2.49844 	0.20001 	3.05223e-17 	3.3242 	2.16349
2.50156 	0.20001 	3.05223e-17 	3.25542 	2.15043
2.50469 	0.20001 	3.05223e-17 	3.195 	2.13855
2.50781 	0.20001 	3.05223e-17 	3.16178 	2.13156
2.51094 	0.20001 	3.05223e-17 	3.1502 	2.12896
2.51406 	0.20001 	2.87875e-17 	3.1478 	2.12834
2.51719 	0.20001 	2.70528e-17 	3.15199 	2.12899
2.52031 	0.20001 	2.70528e-17 	3.16825 	2.132
2.52344 	0.20001 	2.5665e-17 	3.19768 	2.13763
2.52656 	0.20001 	2.25425e-17 	3.23864 	2.14547
2.52969 	0.20001 	2.08078e-17 	3.28208 	2.15356
2.53281 	0.20001 	2.08078e-17 	3.30858 	2.15835
2.53594 	0.20001 	1.942e-17 	3.31335 	2.15916
2.53906 	0.20001 	1.66445e-17 	3.30481 	2.15753
2.54219 	0.20001 	1.52567e-17 	3.28277 	2.15343
2.54531 	0.20001 	1.52567e-17 	3.23865 	2.14516
2.54844 	0.20001 	1.52567e-17 	3.16795 	2.13169
2.55156 	0.20001 	1.52567e-17 	3.0937 	2.11727
2.55469 	0.20001 	1.52567e-17 	3.04523 	2.10732
2.55781 	0.20001 	1.52567e-17 	3.02491 	2.10304
2.56094 	0.20001 	1.49097e-17 	3.02021 	2.10211
2.56406 	0.20001 	1.28281e-17 	3.02257 	2.10266
2.56719 	0.20001 	1.10933e-17 	3.0372 	2.10574
2.57031 	0.20001 	1.10933e-17 	3.05952 	2.11033
2.57344 	0.20001 	1.10933e-17 	3.08229 	2.11498
2.57656 	0.20001 	9.70557e-18 	3.10413 	2.11955
2.57969 	0.20001 	9.70557e-18 	3.12447 	2.12375
2.58281 	0.20001 	1.28281e-17 	3.13863 	2.12667
2.58594 	0.20001 	1.45628e-17 	3.14294 	2.12765
2.58906 	0.20001 	1.45628e-17 	3.13972 	2.12722
2.59219 	0.20001 	1.28281e-17 	3.13217 	2.12607
2.59531 	0.20001 	1.10933e-17 	3.12095 	2.12417
2.59844 	0.20001 	1.10933e-17 	3.1098 	2.12225
2.60156 	0.20001 	1.10933e-17 	3.09955 	2.12046
2.60469 	0.20001 	9.70557e-18 	3.08771 	2.11827
2.60781 	0.20001 	8.31779e-18 	3.07084 	2.11501
2.61094 	0.20001 	8.31779e-18 	3.04377 	2.10979
2.61406 	0.20001 	8.31779e-18 	3.00679 	2.10274
2.61719 	0.20001 	8.31779e-18 	2.97222 	2.09612
2.62031 	0.20001 	8.31779e-18 	2.94475 	2.09074
2.62344 	0.20001 	6.93001e-18 	2.92441 	2.08676
2.62656 	0.20001 	5.54223e-18 	2.91116 	2.08431
2.62969 	0.20001 	6.93001e-18 	2.90442 	2.08332
2.63281 	0.20001 	8.31779e-18 	2.90186 	2.08326
2.63594 	0.20001 	8.31779e-18 	2.9016 	2.08372
2.63906 	0.20001 	8.31779e-18 	2.90675 	2.0857
2.64219 	0.20001 	6.93001e-18 	2.92216 	2.08981
2.64531 	0.20001 	7.27696e-18 	2.9494 	2.09638
2.64844 	0.20001 	7.6239e-18 	2.98872 	2.10553
2.65156 	0.20001 	6.23612e-18 	3.03544 	2.11605
2.65469 	0.20001 	4.5014e-18 	3.06929 	2.12393
2.65781 	0.20001 	2.76668e-18 	3.07924 	2.12696
2.66094 	0.20001 	2.76668e-18 	3.07389 	2.127
2.66406 	0.20001 	4.5014e-18 	3.05952 	2.126
2.66719 	0.20001 	6.23612e-18 	3.02563 	2.12074
2.67031 	0.20001 	6.23612e-18 	2.96006 	2.10867
2.67344 	0.20001 	6.23612e-18 	2.86982 	2.09134
2.67656 	0.20001 	6.23612e-18 	2.80175 	2.0779
2.67969 	0.20001 	6.23612e-18 	2.76956 	2.07192
2.68281 	0.20001 	6.23612e-18 	2.75934 	2.07065
2.68594 	0.20001 	6.23612e-18 	2.7573 	2.07083
2.68906 	0.20001 	7.6239e-18 	2.75997 	2.07216
2.69219 	0.20001 	7.6239e-18 	2.77225 	2.07541
2.69531 	0.20001 	6.23612e-18 	2.79579 	2.08062
2.69844 	0.20001 	3.11362e-18 	2.83142 	2.08817
2.70156 	0.20001 	1.3789e-18 	2.88042 	2.09815
2.70469 	0.20001 	1.3789e-18 	2.93963 	2.10971
2.70781 	0.20001 	-8.88178e-21 	2.98646 	2.11821
2.71094 	0.20001 	3.38063e-19 	3.00492 	2.12092
2.71406 	0.20001 	6.85008e-19 	3.00229 	2.11955
2.71719 	0.20001 	-2.43749e-18 	2.98514 	2.1147
2.72031 	0.20001 	-5.56e-18 	2.94312 	2.10519
2.72344 	0.20001 	-5.56e-18 	2.86943 	2.08944
2.72656 	0.20001 	-5.21305e-18 	2.77561 	2.06928
2.72969 	0.20001 	-4.86611e-18 	2.70827 	2.05414
2.73281 	0.20001 	-4.86611e-18 	2.6801 	2.04767
2.73594 	0.20001 	-4.86611e-18 	2.6748 	2.04648
2.73906 	0.20001 	-4.86611e-18 	2.67788 	2.0472
2.74219 	0.20001 	-3.13138e-18 	2.69587 	2.05129
2.74531 	0.20001 	-1.39666e-18 	2.73467 	2.05995
2.74844 	0.20001 	-1.39666e-18 	2.79461 	2.073
2.75156 	0.20001 	-1.39666e-18 	2.85991 	2.08675
2.75469 	0.20001 	-8.88178e-21 	2.89898 	2.09477
2.75781 	0.20001 	1.3789e-18 	2.90765 	2.09653
2.76094 	0.20001 	-8.88178e-21 	2.90126 	2.0952
2.76406 	0.20001 	-8.88178e-21 	2.88267 	2.09129
2.76719 	0.20001 	1.3789e-18 	2.84186 	2.08264
2.77031 	0.20001 	1.3789e-18 	2.77021 	2.0673
2.77344 	0.20001 	1.3789e-18 	2.6885 	2.04935
2.77656 	0.20001 	1.3789e-18 	2.6348 	2.03675
2.77969 	0.20001 	1.3789e-18 	2.61477 	2.03175
2.78281 	0.20001 	-3.55826e-19 	2.6119 	2.03084
2.78594 	0.20001 	-2.09055e-18 	2.615 	2.03127
2.78906 	0.20001 	-2.09055e-18 	2.63066 	2.03434
2.79219 	0.20001 	-2.09055e-18 	2.66341 	2.04124
2.79531 	0.20001 	-3.82527e-18 	2.70959 	2.05101
2.79844 	0.20001 	-5.56e-18 	2.74853 	2.05898
2.80156 	0.20001 	-5.56e-18 	2.76578 	2.06233
2.80469 	0.20001 	-5.56e-18 	2.76511 	2.06201
2.80781 	0.20001 	-5.56e-18 	2.75695 	2.06003
2.81094 	0.20001 	-5.56e-18 	2.74029 	2.05626
2.81406 	0.20001 	-6.94778e-18 	2.7092 	2.04935
2.81719 	0.20001 	-6.94778e-18 	2.66575 	2.03971
2.82031 	0.20001 	-4.17222e-18 	2.62718 	2.03082
2.82344 	0.20001 	3.38063e-19 	2.60142 	2.02457
2.82656 	0.20001 	4.84834e-18 	2.58852 	2.02125
2.82969 	0.20001 	3.11362e-18 	2.5828 	2.01968
2.83281 	0.20001 	-8.88178e-21 	2.58002 	2.01885
2.83594 	0.20001 	-1.39666e-18 	2.57823 	2.01822
2.83906 	0.20001 	-2.78444e-18 	2.57853 	2.01807
2.84219 	0.20001 	-4.17222e-18 	2.5821 	2.01849
2.84531 	0.20001 	-5.56e-18 	2.58962 	2.01982
2.84844 	0.20001 	-4.17222e-18 	2.60365 	2.02274
2.85156 	0.20001 	-2.78444e-18 	2.62564 	2.02748
2.85469 	0.20001 	-1.39666e-18 	2.6424 	2.03108
2.85781 	0.20001 	-8.88178e-21 	2.64369 	2.03136
2.86094 	0.20001 	1.3789e-18 	2.64019 	2.03067
2.86406 	0.20001 	1.3789e-18 	2.63523 	2.0297
2.86719 	0.20001 	-8.88178e-21 	2.62696 	2.02803
2.87031 	0.20001 	-8.88178e-21 	2.60931 	2.02433
2.87344 	0.20001 	-8.88178e-21 	2.57492 	2.01696
2.87656 	0.20001 	1.72584e-18 	2.52836 	2.00672
2.87969 	0.20001 	3.46057e-18 	2.49945 	2.00054
2.88281 	0.20001 	2.07279e-18 	2.4922 	1.9993
2.88594 	0.20001 	6.85008e-19 	2.48923 	1.99891
2.88906 	0.20001 	6.85008e-19 	2.4867 	1.99862
2.89219 	0.20001 	3.38063e-19 	2.48508 	1.9985
2.89531 	0.20001 	3.11362e-18 	2.48602 	1.99896
2.89844 	0.20001 	7.97085e-18 	2.49367 	2.00118
2.90156 	0.20001 	8.31779e-18 	2.50845 	2.00505
2.90469 	0.20001 	6.93001e-18 	2.52444 	2.00926
2.90781 	0.20001 	8.31779e-18 	2.53598 	2.01245
2.91094 	0.20001 	1.10933e-17 	2.54316 	2.01463
2.91406 	0.20001 	1.24811e-17 	2.54854 	2.0164
2.91719 	0.20001 	1.38689e-17 	2.55142 	2.01744
2.92031 	0.20001 	1.21342e-17 	2.54998 	2.01737
2.92344 	0.20001 	9.01168e-18 	2.54742 	2.01738
2.92656 	0.20001 	9.35862e-18 	2.54258 	2.01694
2.92969 	0.20001 	9.70557e-18 	2.52949 	2.01438
2.93281 	0.20001 	9.70557e-18 	2.50289 	2.00858
2.93594 	0.20001 	9.70557e-18 	2.46988 	2.00129
2.93906 	0.20001 	9.70557e-18 	2.44475 	1.99569
2.94219 	0.20001 	9.70557e-18 	2.42602 	1.99154
2.94531 	0.20001 	1.10933e-17 	2.41029 	1.98817
2.94844 	0.20001 	1.07464e-17 	2.40036 	1.98616
2.95156 	0.20001 	7.6239e-18 	2.39521 	1.98515
2.95469 	0.20001 	6.23612e-18 	2.39347 	1.9848
2.95781 	0.20001 	4.5014e-18 	2.39814 	1.98585
2.96094 	0.20001 	4.15445e-18 	2.41238 	1.98895
2.96406 	0.20001 	4.15445e-18 	2.43192 	1.9932
2.96719 	0.20001 	2.76668e-18 	2.45109 	1.99736
2.97031 	0.20001 	4.5014e-18 	2.46859 	2.00111
2.97344 	0.20001 	4.84834e-18 	2.48707 	2.00512
2.97656 	0.20001 	3.80751e-18 	2.50964 	2.01013
2.97969 	0.20001 	4.15445e-18 	2.53459 	2.01539
2.98281 	0.20001 	6.85008e-19 	2.54572 	2.01745
2.98594 	0.20001 	-2.78444e-18 	2.54258 	2.01648
2.98906 	0.20001 	-1.39666e-18 	2.52049 	2.01117
2.99219 	0.20001 	-8.88178e-21 	2.47346 	2.00025
2.99531 	0.20001 	-1.39666e-18 	2.40875 	1.98527
2.99844 	0.20001 	-1.39666e-18 	2.30234 	1.96118
