/*--------------------------------*- C++ -*----------------------------------*\
  =========                 |
  \\      /  F ield         | OpenFOAM: The Open Source CFD Toolbox
   \\    /   O peration     | Website:  https://openfoam.org
    \\  /    A nd           | Version:  7
     \\/     M anipulation  |
\*---------------------------------------------------------------------------*/
FoamFile
{
    version     2.0;
    format      ascii;
    class       surfaceScalarField;
    location    "0.5";
    object      phi;
}
// * * * * * * * * * * * * * * * * * * * * * * * * * * * * * * * * * * * * * //

dimensions      [0 3 -1 0 0 0 0];

internalField   nonuniform List<scalar> 
6280
(
2.5495e-10
-2.55129e-10
1.28796e-09
-1.03302e-09
2.76895e-09
-1.48099e-09
4.37852e-09
-1.6096e-09
5.9229e-09
-1.54435e-09
7.30247e-09
-1.37957e-09
8.48038e-09
-1.17792e-09
9.45876e-09
-9.78397e-10
1.0261e-08
-8.02268e-10
1.09196e-08
-6.58537e-10
1.14677e-08
-5.48084e-10
1.19344e-08
-4.66689e-10
1.23417e-08
-4.07345e-10
1.27034e-08
-3.61682e-10
1.30242e-08
-3.20847e-10
1.33004e-08
-2.76211e-10
1.35201e-08
-2.19677e-10
1.36639e-08
-1.43797e-10
1.37057e-08
-4.17801e-11
1.36126e-08
9.3091e-11
1.33465e-08
2.66135e-10
1.28635e-08
4.83006e-10
1.21146e-08
7.48839e-10
1.10458e-08
1.06876e-09
9.59781e-09
1.44802e-09
7.70563e-09
1.89218e-09
5.29814e-09
2.40748e-09
2.297e-09
3.00114e-09
-1.3849e-09
3.68189e-09
-5.8452e-09
4.46029e-09
-1.11943e-08
5.34913e-09
-1.75579e-08
6.36353e-09
-2.50787e-08
7.52083e-09
-3.39188e-08
8.84008e-09
-4.42599e-08
1.03411e-08
-5.63029e-08
1.2043e-08
-7.02654e-08
1.39625e-08
-8.63769e-08
1.61116e-08
-1.04872e-07
1.8495e-08
-1.2598e-07
2.11079e-08
-1.49913e-07
2.39331e-08
-1.76852e-07
2.69386e-08
-2.06928e-07
3.0076e-08
-2.40206e-07
3.32783e-08
-2.76665e-07
3.64594e-08
-3.16179e-07
3.95134e-08
-3.58495e-07
4.2316e-08
-4.03221e-07
4.47261e-08
-4.4981e-07
4.6589e-08
-4.97551e-07
4.77407e-08
-5.45564e-07
4.80137e-08
-5.92807e-07
4.7243e-08
-6.38082e-07
4.52746e-08
-6.80056e-07
4.19738e-08
-7.17291e-07
3.72356e-08
-7.48288e-07
3.09969e-08
-7.71538e-07
2.32496e-08
-7.85597e-07
1.40598e-08
-7.89249e-07
3.65167e-09
-7.81169e-07
-8.08043e-09
-7.6085e-07
-2.03186e-08
-7.27953e-07
-3.28975e-08
-6.8275e-07
-4.52022e-08
-6.26154e-07
-5.65959e-08
-5.59755e-07
-6.63993e-08
-4.85812e-07
-7.3943e-08
-4.07175e-07
-7.86374e-08
-3.27124e-07
-8.00505e-08
-2.49143e-07
-7.79815e-08
-1.76627e-07
-7.25157e-08
-1.12584e-07
-6.40431e-08
-5.93529e-08
-5.32308e-08
-1.84045e-08
-4.09484e-08
9.76447e-09
-2.8169e-08
2.56075e-08
-1.5843e-08
3.04312e-08
-4.82373e-09
2.63769e-08
4.05436e-09
1.65591e-08
9.81777e-09
5.58417e-09
1.09749e-08
5.58416e-09
1.04507e-09
-1.30022e-09
3.43378e-09
-3.42169e-09
6.52118e-09
-4.56838e-09
9.79326e-09
-4.88169e-09
1.28933e-08
-4.64436e-09
1.56137e-08
-4.10004e-09
1.78642e-08
-3.4284e-09
1.96352e-08
-2.74935e-09
2.09662e-08
-2.13327e-09
2.19209e-08
-1.61318e-09
2.25685e-08
-1.19569e-09
2.29716e-08
-8.69817e-10
2.31781e-08
-6.13835e-10
2.32165e-08
-4.00104e-10
2.3094e-08
-1.98289e-10
2.27962e-08
2.15841e-11
2.22871e-08
2.89466e-10
2.15099e-08
6.33343e-10
2.03883e-08
1.07979e-09
1.88274e-08
1.65403e-09
1.67136e-08
2.37989e-09
1.39161e-08
3.2805e-09
1.02864e-08
4.37861e-09
5.65807e-09
5.69707e-09
-1.5337e-10
7.25948e-09
-7.35206e-09
9.09088e-09
-1.61633e-08
1.12187e-08
-2.68358e-08
1.36737e-08
-3.96453e-08
1.64913e-08
-5.48972e-08
1.97122e-08
-7.29313e-08
2.33832e-08
-9.41246e-08
2.75569e-08
-1.18894e-07
3.22903e-08
-1.47697e-07
3.76426e-08
-1.81026e-07
4.36707e-08
-2.19407e-07
5.04236e-08
-2.63379e-07
5.7935e-08
-3.13482e-07
6.62147e-08
-3.70227e-07
7.524e-08
-4.34066e-07
8.49462e-08
-5.05351e-07
9.52185e-08
-5.84298e-07
1.05885e-07
-6.70934e-07
1.16712e-07
-7.65057e-07
1.27402e-07
-8.66192e-07
1.37594e-07
-9.73552e-07
1.46873e-07
-1.08601e-06
1.54774e-07
-1.20208e-06
1.608e-07
-1.31993e-06
1.6444e-07
-1.43738e-06
1.65186e-07
-1.55193e-06
1.6256e-07
-1.66082e-06
1.56136e-07
-1.76111e-06
1.45562e-07
-1.84972e-06
1.30588e-07
-1.92357e-06
1.11087e-07
-1.97966e-06
8.70823e-08
-2.01518e-06
5.87723e-08
-2.02769e-06
2.65658e-08
-2.01521e-06
-8.82872e-09
-1.97637e-06
-4.69176e-08
-1.9105e-06
-8.6189e-08
-1.81796e-06
-1.25437e-07
-1.70009e-06
-1.63074e-07
-1.55934e-06
-1.97342e-07
-1.39934e-06
-2.26403e-07
-1.22481e-06
-2.48469e-07
-1.04149e-06
-2.61965e-07
-8.55812e-07
-2.65724e-07
-6.74627e-07
-2.59167e-07
-5.04679e-07
-2.42463e-07
-3.52121e-07
-2.16601e-07
-2.2199e-07
-1.83362e-07
-1.17774e-07
-1.45165e-07
-4.11126e-08
-1.0483e-07
8.34106e-09
-6.52967e-08
3.29506e-08
-2.94333e-08
3.70629e-08
-5.79287e-11
2.68592e-08
2.00215e-08
1.0813e-08
2.70211e-08
1.63972e-08
1.5146e-09
-2.81482e-09
4.60759e-09
-6.51471e-09
8.39066e-09
-8.3514e-09
1.22475e-08
-8.73854e-09
1.57615e-08
-8.15838e-09
1.86892e-08
-7.02772e-09
2.09242e-08
-5.66342e-09
2.24576e-08
-4.28275e-09
2.33416e-08
-3.01725e-09
2.36592e-08
-1.93082e-09
2.35011e-08
-1.03756e-09
2.29484e-08
-3.17086e-10
2.2062e-08
2.726e-10
2.08751e-08
7.86719e-10
1.93905e-08
1.28636e-09
1.75776e-08
1.83441e-09
1.53739e-08
2.49324e-09
1.26839e-08
3.32328e-09
9.38098e-09
4.38275e-09
5.30709e-09
5.72791e-09
2.73591e-10
7.41339e-09
-5.93886e-09
9.49296e-09
-1.35806e-08
1.20204e-08
-2.29337e-08
1.50502e-08
-3.43133e-08
1.8639e-08
-4.80692e-08
2.28467e-08
-6.45883e-08
2.77378e-08
-8.42979e-08
3.33833e-08
-1.07669e-07
3.9862e-08
-1.35218e-07
4.72619e-08
-1.67515e-07
5.56798e-08
-2.05178e-07
6.52198e-08
-2.48877e-07
7.59896e-08
-2.99328e-07
8.80929e-08
-3.57277e-07
1.0162e-07
-4.23487e-07
1.16634e-07
-4.98705e-07
1.33153e-07
-5.83625e-07
1.51135e-07
-6.78841e-07
1.70456e-07
-7.84789e-07
1.90895e-07
-9.01687e-07
2.12116e-07
-1.02946e-06
2.33663e-07
-1.16771e-06
2.54953e-07
-1.31559e-06
2.75282e-07
-1.47183e-06
2.9384e-07
-1.63469e-06
3.09736e-07
-1.80195e-06
3.22026e-07
-1.9709e-06
3.29758e-07
-2.13848e-06
3.3201e-07
-2.30123e-06
3.27939e-07
-2.45549e-06
3.1682e-07
-2.59744e-06
2.98087e-07
-2.72324e-06
2.71365e-07
-2.82915e-06
2.36495e-07
-2.91162e-06
1.93559e-07
-2.96744e-06
1.42903e-07
-2.99382e-06
8.51563e-08
-2.98855e-06
2.12966e-08
-2.94988e-06
-4.74996e-08
-2.87718e-06
-1.19626e-07
-2.77032e-06
-1.93045e-07
-2.63031e-06
-2.65443e-07
-2.45922e-06
-3.34164e-07
-2.26027e-06
-3.96292e-07
-2.0379e-06
-4.48778e-07
-1.79774e-06
-4.88631e-07
-1.54654e-06
-5.13165e-07
-1.29195e-06
-5.20306e-07
-1.04222e-06
-5.08903e-07
-8.05662e-07
-4.79018e-07
-5.90156e-07
-4.32107e-07
-4.02471e-07
-3.71047e-07
-2.47674e-07
-2.99962e-07
-1.28638e-07
-2.23867e-07
-4.57109e-08
-1.48224e-07
3.41284e-09
-7.85571e-08
2.36807e-08
-2.03257e-08
2.26819e-08
2.10203e-08
1.04128e-08
3.92902e-08
2.681e-08
1.64196e-09
-4.45679e-09
4.85072e-09
-9.72346e-09
8.58405e-09
-1.20847e-08
1.21701e-08
-1.23246e-08
1.51817e-08
-1.117e-08
1.73824e-08
-9.22842e-09
1.86803e-08
-6.96125e-09
1.9084e-08
-4.68644e-09
1.86643e-08
-2.59756e-09
1.75219e-08
-7.88434e-10
1.57623e-08
7.22051e-10
1.34772e-08
1.96797e-09
1.07317e-08
3.01813e-09
7.55616e-09
3.96225e-09
3.94163e-09
4.90089e-09
-1.62741e-10
5.93878e-09
-4.85047e-09
7.18096e-09
-1.0258e-08
8.73083e-09
-1.65648e-08
1.06896e-08
-2.39932e-08
1.31563e-08
-3.28088e-08
1.6229e-08
-4.33212e-08
2.00053e-08
-5.58847e-08
2.45839e-08
-7.09e-08
3.00656e-08
-8.88159e-08
3.6555e-08
-1.10131e-07
4.41621e-08
-1.35398e-07
5.30043e-08
-1.65222e-07
6.32079e-08
-2.0027e-07
7.49096e-08
-2.41265e-07
8.82568e-08
-2.88991e-07
1.03405e-07
-3.44286e-07
1.20515e-07
-4.08037e-07
1.39741e-07
-4.81161e-07
1.61217e-07
-5.6458e-07
1.85039e-07
-6.59187e-07
2.1124e-07
-7.65793e-07
2.39759e-07
-8.85072e-07
2.70414e-07
-1.01748e-06
3.02869e-07
-1.1632e-06
3.36612e-07
-1.32203e-06
3.70939e-07
-1.49331e-06
4.04947e-07
-1.6759e-06
4.37544e-07
-1.8681e-06
4.67479e-07
-2.06764e-06
4.93379e-07
-2.27171e-06
5.1381e-07
-2.47703e-06
5.27344e-07
-2.6799e-06
5.32628e-07
-2.87635e-06
5.28459e-07
-3.06225e-06
5.13838e-07
-3.23345e-06
4.88022e-07
-3.38592e-06
4.50556e-07
-3.51584e-06
4.01292e-07
-3.61974e-06
3.40395e-07
-3.69453e-06
2.68347e-07
-3.73758e-06
1.8595e-07
-3.74675e-06
9.43314e-08
-3.72051e-06
-4.95018e-09
-3.65776e-06
-1.10249e-07
-3.55824e-06
-2.19139e-07
-3.4223e-06
-3.28989e-07
-3.25108e-06
-4.3666e-07
-3.04667e-06
-5.38579e-07
-2.81216e-06
-6.30801e-07
-2.5518e-06
-7.09134e-07
-2.27107e-06
-7.69367e-07
-1.97665e-06
-8.07584e-07
-1.67638e-06
-8.20576e-07
-1.37898e-06
-8.06302e-07
-1.09364e-06
-7.64355e-07
-8.29437e-07
-6.96311e-07
-5.94595e-07
-6.05889e-07
-3.95739e-07
-4.98818e-07
-2.37187e-07
-3.82419e-07
-1.20428e-07
-2.64982e-07
-4.38522e-08
-1.55133e-07
-2.72779e-09
-6.14501e-08
1.07564e-08
7.53611e-09
7.13304e-09
4.29136e-08
3.3943e-08
1.52362e-09
-5.98038e-09
4.35075e-09
-1.25506e-08
7.39751e-09
-1.51315e-08
9.99046e-09
-1.49176e-08
1.17291e-08
-1.29086e-08
1.24142e-08
-9.91346e-09
1.19906e-08
-6.53772e-09
1.04996e-08
-3.19542e-09
8.03808e-09
-1.36016e-10
4.72632e-09
2.52333e-09
6.82544e-10
4.76582e-09
-3.99578e-09
6.64628e-09
-9.24496e-09
8.26731e-09
-1.50435e-08
9.76082e-09
-2.14174e-08
1.12748e-08
-2.84428e-08
1.29642e-08
-3.62479e-08
1.4986e-08
-4.50135e-08
1.74965e-08
-5.49742e-08
2.06503e-08
-6.64188e-08
2.46009e-08
-7.96916e-08
2.95018e-08
-9.51939e-08
3.55076e-08
-1.13385e-07
4.27753e-08
-1.34786e-07
5.14663e-08
-1.59979e-07
6.17477e-08
-1.89611e-07
7.37938e-08
-2.24395e-07
8.77883e-08
-2.65112e-07
1.03925e-07
-3.1261e-07
1.22408e-07
-3.67802e-07
1.43449e-07
-4.31659e-07
1.67263e-07
-5.052e-07
1.94056e-07
-5.89467e-07
2.24008e-07
-6.85501e-07
2.5725e-07
-7.94293e-07
2.93832e-07
-9.16731e-07
3.33679e-07
-1.05353e-06
3.76556e-07
-1.20514e-06
4.22021e-07
-1.37166e-06
4.69393e-07
-1.55277e-06
5.17719e-07
-1.7476e-06
5.65775e-07
-1.95473e-06
6.12075e-07
-2.1721e-06
6.54915e-07
-2.39705e-06
6.92431e-07
-2.62637e-06
7.22693e-07
-2.85636e-06
7.43798e-07
-3.08299e-06
7.53978e-07
-3.30205e-06
7.51692e-07
-3.5093e-06
7.35706e-07
-3.70061e-06
7.05146e-07
-3.87211e-06
6.59524e-07
-4.02029e-06
5.98737e-07
-4.14205e-06
5.23052e-07
-4.23474e-06
4.33079e-07
-4.29613e-06
3.29742e-07
-4.32445e-06
2.1427e-07
-4.31832e-06
8.81972e-08
-4.27666e-06
-4.66086e-08
-4.19893e-06
-1.87978e-07
-4.08484e-06
-3.33233e-07
-3.93458e-06
-4.79242e-07
-3.74892e-06
-6.22327e-07
-3.52926e-06
-7.58234e-07
-3.27791e-06
-8.82153e-07
-2.99821e-06
-9.88834e-07
-2.69477e-06
-1.07281e-06
-2.37359e-06
-1.12876e-06
-2.04213e-06
-1.15203e-06
-1.70919e-06
-1.13925e-06
-1.38454e-06
-1.089e-06
-1.07838e-06
-1.00248e-06
-8.00485e-07
-8.8378e-07
-5.59297e-07
-7.40005e-07
-3.60951e-07
-5.80765e-07
-2.08533e-07
-4.174e-07
-1.01628e-07
-2.62038e-07
-3.6223e-08
-1.26855e-07
-4.91411e-09
-2.37728e-08
2.75162e-09
3.52479e-08
3.66946e-08
1.22962e-09
-7.20998e-09
3.27437e-09
-1.45953e-08
5.10089e-09
-1.6958e-08
6.08936e-09
-1.5906e-08
5.90189e-09
-1.27212e-08
4.4018e-09
-8.41338e-09
1.58988e-09
-3.72583e-09
-2.44731e-09
8.41763e-10
-7.57883e-09
4.99551e-09
-1.36616e-08
8.60609e-09
-2.05648e-08
1.1669e-08
-2.81876e-08
1.42691e-08
-3.64715e-08
1.65512e-08
-4.54085e-08
1.86978e-08
-5.50457e-08
2.0912e-08
-6.54889e-08
2.34074e-08
-7.69044e-08
2.64015e-08
-8.95203e-08
3.01124e-08
-1.03629e-07
3.47584e-08
-1.19586e-07
4.05583e-08
-1.37816e-07
4.77324e-08
-1.58813e-07
5.65044e-08
-1.8314e-07
6.71026e-08
-2.11436e-07
7.97617e-08
-2.44412e-07
9.47235e-08
-2.82856e-07
1.12239e-07
-3.27635e-07
1.32567e-07
-3.79686e-07
1.55976e-07
-4.40017e-07
1.82739e-07
-5.09698e-07
2.1313e-07
-5.89844e-07
2.47408e-07
-6.81588e-07
2.858e-07
-7.86054e-07
3.28474e-07
-9.04302e-07
3.75498e-07
-1.03726e-06
4.26793e-07
-1.18567e-06
4.82084e-07
-1.34995e-06
5.40841e-07
-1.53016e-06
6.02228e-07
-1.72584e-06
6.65074e-07
-1.93598e-06
7.27857e-07
-2.15892e-06
7.88718e-07
-2.39237e-06
8.45522e-07
-2.63339e-06
8.95936e-07
-2.87851e-06
9.37548e-07
-3.12382e-06
9.68002e-07
-3.36515e-06
9.85131e-07
-3.59826e-06
9.87086e-07
-3.81899e-06
9.72423e-07
-4.02345e-06
9.40169e-07
-4.20814e-06
8.89828e-07
-4.36998e-06
8.21371e-07
-4.50643e-06
7.35179e-07
-4.61536e-06
6.31989e-07
-4.69511e-06
5.12829e-07
-4.74435e-06
3.78975e-07
-4.762e-06
2.31923e-07
-4.7472e-06
7.34031e-08
-4.69923e-06
-9.4587e-08
-4.61746e-06
-2.69741e-07
-4.50139e-06
-4.49301e-07
-4.35067e-06
-6.29967e-07
-4.16521e-06
-8.07788e-07
-3.94538e-06
-9.78066e-07
-3.69221e-06
-1.13532e-06
-3.40771e-06
-1.27333e-06
-3.09515e-06
-1.38538e-06
-2.75936e-06
-1.46455e-06
-2.407e-06
-1.50439e-06
-2.04656e-06
-1.49968e-06
-1.68821e-06
-1.44736e-06
-1.34323e-06
-1.34745e-06
-1.02317e-06
-1.20384e-06
-7.38662e-07
-1.02451e-06
-4.98208e-07
-8.21219e-07
-3.07067e-07
-6.08541e-07
-1.66563e-07
-4.02542e-07
-7.38855e-08
-2.19533e-07
-2.23454e-08
-7.53129e-08
-1.94152e-09
1.4844e-08
3.47532e-08
8.05812e-10
-8.01577e-09
1.74793e-09
-1.55374e-08
1.91169e-09
-1.71218e-08
7.80624e-10
-1.4775e-08
-1.88624e-09
-1.00543e-08
-6.13891e-09
-4.16071e-09
-1.19036e-08
2.03881e-09
-1.90365e-08
7.97465e-09
-2.73653e-08
1.33244e-08
-3.67205e-08
1.79613e-08
-4.69577e-08
2.19062e-08
-5.79741e-08
2.52855e-08
-6.9719e-08
2.82961e-08
-8.22007e-08
3.11795e-08
-9.54912e-08
3.42025e-08
-1.09729e-07
3.7645e-08
-1.2512e-07
4.17932e-08
-1.41944e-07
4.69358e-08
-1.60549e-07
5.33639e-08
-1.81362e-07
6.13712e-08
-2.04885e-07
7.12556e-08
-2.31702e-07
8.33207e-08
-2.62476e-07
9.78768e-08
-2.97957e-07
1.15242e-07
-3.38976e-07
1.35743e-07
-3.86452e-07
1.59714e-07
-4.41379e-07
1.87494e-07
-5.04829e-07
2.19426e-07
-5.77935e-07
2.55845e-07
-6.61874e-07
2.97069e-07
-7.57842e-07
3.43376e-07
-8.67013e-07
3.94972e-07
-9.9049e-07
4.51951e-07
-1.12923e-06
5.14241e-07
-1.28398e-06
5.81542e-07
-1.45516e-06
6.53258e-07
-1.64275e-06
7.28438e-07
-1.84625e-06
8.05728e-07
-2.06453e-06
8.83354e-07
-2.29581e-06
9.59134e-07
-2.53763e-06
1.03054e-06
-2.78693e-06
1.09482e-06
-3.04009e-06
1.1491e-06
-3.29314e-06
1.1906e-06
-3.54191e-06
1.21677e-06
-3.78224e-06
1.22546e-06
-4.01016e-06
1.21502e-06
-4.22212e-06
1.18437e-06
-4.41498e-06
1.13304e-06
-4.5862e-06
1.06104e-06
-4.73373e-06
9.68903e-07
-4.85603e-06
8.57484e-07
-4.95197e-06
7.27929e-07
-5.02071e-06
5.8157e-07
-5.06161e-06
4.19874e-07
-5.07411e-06
2.44418e-07
-5.05762e-06
5.69099e-08
-5.01149e-06
-1.40709e-07
-4.93495e-06
-3.46288e-07
-4.82704e-06
-5.57207e-07
-4.68674e-06
-7.70265e-07
-4.51302e-06
-9.81507e-07
-4.30503e-06
-1.18606e-06
-4.06236e-06
-1.378e-06
-3.78536e-06
-1.55033e-06
-3.4756e-06
-1.69513e-06
-3.1363e-06
-1.80384e-06
-2.77277e-06
-1.86792e-06
-2.3927e-06
-1.87976e-06
-2.0062e-06
-1.83386e-06
-1.62543e-06
-1.72822e-06
-1.26377e-06
-1.56551e-06
-9.34438e-07
-1.35384e-06
-6.48922e-07
-1.10674e-06
-4.15414e-07
-8.42048e-07
-2.37698e-07
-5.80258e-07
-1.14719e-07
-3.42513e-07
-4.08586e-08
-1.49173e-07
-6.70307e-09
-1.93116e-08
2.80501e-08
2.82185e-10
-8.29795e-09
-1.37801e-10
-1.51174e-08
-2.00439e-09
-1.52551e-08
-5.6884e-09
-1.1091e-08
-1.13023e-08
-4.44044e-09
-1.87862e-08
3.3232e-09
-2.79774e-08
1.123e-08
-3.86639e-08
1.86612e-08
-5.06254e-08
2.52859e-08
-6.36621e-08
3.09979e-08
-7.76151e-08
3.58591e-08
-9.23799e-08
4.00503e-08
-1.07915e-07
4.38314e-08
-1.24248e-07
4.75124e-08
-1.41477e-07
5.14317e-08
-1.59776e-07
5.59436e-08
-1.79393e-07
6.14104e-08
-2.00656e-07
6.81992e-08
-2.23975e-07
7.66821e-08
-2.4984e-07
8.72363e-08
-2.7883e-07
1.00246e-07
-3.11613e-07
1.16104e-07
-3.48946e-07
1.3521e-07
-3.91676e-07
1.57973e-07
-4.40742e-07
1.84809e-07
-4.97165e-07
2.16137e-07
-5.62046e-07
2.52375e-07
-6.36549e-07
2.93929e-07
-7.21885e-07
3.41181e-07
-8.19279e-07
3.94463e-07
-9.29933e-07
4.5403e-07
-1.05497e-06
5.2001e-07
-1.19537e-06
5.92349e-07
-1.35187e-06
6.70743e-07
-1.52489e-06
7.54563e-07
-1.71442e-06
8.42782e-07
-1.9199e-06
9.33916e-07
-2.14017e-06
1.026e-06
-2.3734e-06
1.11659e-06
-2.6171e-06
1.20283e-06
-2.86815e-06
1.28159e-06
-3.12293e-06
1.3496e-06
-3.37748e-06
1.40366e-06
-3.62772e-06
1.44084e-06
-3.86964e-06
1.45868e-06
-4.0995e-06
1.45531e-06
-4.31402e-06
1.42953e-06
-4.51046e-06
1.38081e-06
-4.68667e-06
1.30925e-06
-4.84108e-06
1.21545e-06
-4.97262e-06
1.10044e-06
-5.08063e-06
9.65494e-07
-5.16474e-06
8.12042e-07
-5.22476e-06
6.41588e-07
-5.26053e-06
4.55645e-07
-5.27184e-06
2.55726e-07
-5.25828e-06
4.33478e-08
-5.21927e-06
-1.7972e-07
-5.15385e-06
-4.11704e-07
-5.06075e-06
-6.50307e-07
-4.93835e-06
-8.92661e-07
-4.78478e-06
-1.13508e-06
-4.59804e-06
-1.3728e-06
-4.37623e-06
-1.5998e-06
-4.11796e-06
-1.8086e-06
-3.82279e-06
-1.9903e-06
-3.49185e-06
-2.13479e-06
-3.12848e-06
-2.2313e-06
-2.73881e-06
-2.26942e-06
-2.33218e-06
-2.24049e-06
-1.92106e-06
-2.13934e-06
-1.52036e-06
-1.9662e-06
-1.14608e-06
-1.72813e-06
-8.13283e-07
-1.43953e-06
-5.33986e-07
-1.12135e-06
-3.1537e-07
-7.98875e-07
-1.58912e-07
-4.9897e-07
-6.05424e-08
-2.47542e-07
-1.15832e-08
-6.82707e-08
1.64669e-08
-3.23953e-10
-7.974e-09
-2.32042e-09
-1.3121e-08
-6.52613e-09
-1.10494e-08
-1.31289e-08
-4.48819e-09
-2.20839e-08
4.51448e-09
-3.32004e-08
1.44397e-08
-4.62117e-08
2.42413e-08
-6.08277e-08
3.32773e-08
-7.67739e-08
4.1232e-08
-9.38169e-08
4.80409e-08
-1.11782e-07
5.38242e-08
-1.30563e-07
5.88315e-08
-1.5013e-07
6.33979e-08
-1.70528e-07
6.7911e-08
-1.91886e-07
7.27893e-08
-2.14411e-07
7.84684e-08
-2.38394e-07
8.53937e-08
-2.64212e-07
9.40176e-08
-2.9233e-07
1.048e-07
-3.23302e-07
1.18208e-07
-3.57776e-07
1.3472e-07
-3.96494e-07
1.54821e-07
-4.40292e-07
1.79008e-07
-4.90101e-07
2.07782e-07
-5.4694e-07
2.41648e-07
-6.11909e-07
2.81106e-07
-6.86174e-07
3.2664e-07
-7.70947e-07
3.78703e-07
-8.67459e-07
4.37692e-07
-9.76913e-07
5.03918e-07
-1.10044e-06
5.77555e-07
-1.23901e-06
6.58585e-07
-1.39339e-06
7.46724e-07
-1.56399e-06
8.41342e-07
-1.75081e-06
9.41381e-07
-1.95331e-06
1.04529e-06
-2.17037e-06
1.15097e-06
-2.40018e-06
1.25581e-06
-2.64029e-06
1.35669e-06
-2.88763e-06
1.45018e-06
-3.13867e-06
1.53263e-06
-3.38954e-06
1.60047e-06
-3.63628e-06
1.6504e-06
-3.87504e-06
1.6796e-06
-4.10231e-06
1.68595e-06
-4.31502e-06
1.66803e-06
-4.51074e-06
1.62525e-06
-4.68761e-06
1.55768e-06
-4.84438e-06
1.46602e-06
-4.98034e-06
1.35142e-06
-5.09519e-06
1.21529e-06
-5.18894e-06
1.05924e-06
-5.26179e-06
8.8489e-07
-5.31401e-06
6.93806e-07
-5.34583e-06
4.87467e-07
-5.35735e-06
2.67245e-07
-5.34837e-06
3.43743e-08
-5.31849e-06
-2.09608e-07
-5.26674e-06
-4.63448e-07
-5.19174e-06
-7.25312e-07
-5.09153e-06
-9.92869e-07
-4.96364e-06
-1.26296e-06
-4.80514e-06
-1.5313e-06
-4.61283e-06
-1.79212e-06
-4.38355e-06
-2.03788e-06
-4.11471e-06
-2.25914e-06
-3.80497e-06
-2.44453e-06
-3.45506e-06
-2.58121e-06
-3.06873e-06
-2.65576e-06
-2.65351e-06
-2.6557e-06
-2.2212e-06
-2.57165e-06
-1.78754e-06
-2.39986e-06
-1.37104e-06
-2.14463e-06
-9.90703e-07
-1.81987e-06
-6.63243e-07
-1.44881e-06
-4.00383e-07
-1.06173e-06
-2.07191e-07
-6.92162e-07
-8.18652e-08
-3.72868e-07
-1.67685e-08
-1.33367e-07
-3.01598e-10
-1e-09
-6.97398e-09
-4.75783e-09
-9.36317e-09
-1.15663e-08
-4.24094e-09
-2.13987e-08
5.34425e-09
-3.40273e-08
1.71431e-08
-4.91112e-08
2.95236e-08
-6.62658e-08
4.13959e-08
-8.51141e-08
5.21257e-08
-1.05322e-07
6.14398e-08
-1.2662e-07
6.93386e-08
-1.48815e-07
7.602e-08
-1.71802e-07
8.18181e-08
-1.95559e-07
8.71547e-08
-2.20153e-07
9.25052e-08
-2.45739e-07
9.83756e-08
-2.7256e-07
1.05289e-07
-3.00948e-07
1.13781e-07
-3.31324e-07
1.24394e-07
-3.64204e-07
1.3768e-07
-4.00197e-07
1.54202e-07
-4.40012e-07
1.74534e-07
-4.84449e-07
1.99259e-07
-5.3441e-07
2.28968e-07
-5.90883e-07
2.64255e-07
-6.5494e-07
3.05705e-07
-7.27723e-07
3.53888e-07
-8.10419e-07
4.09336e-07
-9.04236e-07
4.7252e-07
-1.01036e-06
5.43817e-07
-1.12991e-06
6.23464e-07
-1.26385e-06
7.11496e-07
-1.41294e-06
8.07674e-07
-1.57762e-06
9.11403e-07
-1.75792e-06
1.02164e-06
-1.95336e-06
1.13683e-06
-2.16289e-06
1.25482e-06
-2.38481e-06
1.37289e-06
-2.61678e-06
1.48778e-06
-2.85588e-06
1.59579e-06
-3.0987e-06
1.693e-06
-3.34154e-06
1.77547e-06
-3.5806e-06
1.83953e-06
-3.81219e-06
1.88199e-06
-4.03296e-06
1.90038e-06
-4.24005e-06
1.89303e-06
-4.43117e-06
1.85915e-06
-4.60467e-06
1.79874e-06
-4.75949e-06
1.7125e-06
-4.89512e-06
1.60166e-06
-5.01149e-06
1.46779e-06
-5.10887e-06
1.31267e-06
-5.18774e-06
1.13812e-06
-5.24874e-06
9.45885e-07
-5.29251e-06
7.37579e-07
-5.31966e-06
5.14612e-07
-5.33061e-06
2.78196e-07
-5.32551e-06
2.92778e-08
-5.30422e-06
-2.30895e-07
-5.26604e-06
-5.01628e-07
-5.2097e-06
-7.81659e-07
-5.13321e-06
-1.06936e-06
-5.03383e-06
-1.36234e-06
-4.90803e-06
-1.6571e-06
-4.75159e-06
-1.94856e-06
-4.55981e-06
-2.22965e-06
-4.32804e-06
-2.49091e-06
-4.05226e-06
-2.7203e-06
-3.73017e-06
-2.9033e-06
-3.36228e-06
-3.02365e-06
-2.95325e-06
-3.06474e-06
-2.51286e-06
-3.01204e-06
-2.05648e-06
-2.85624e-06
-1.60428e-06
-2.59683e-06
-1.17909e-06
-2.24506e-06
-8.02965e-07
-1.82493e-06
-4.93391e-07
-1.37131e-06
-2.60364e-07
-9.2519e-07
-1.05403e-07
-5.2783e-07
-2.24903e-08
-2.1628e-07
-2.27919e-08
-1.74026e-09
-5.2337e-09
-7.42224e-09
-3.68119e-09
-1.70632e-08
5.39999e-09
-3.0393e-08
1.86741e-08
-4.69769e-08
3.3727e-08
-6.63059e-08
4.88526e-08
-8.78659e-08
6.29558e-08
-1.11185e-07
7.54448e-08
-1.35865e-07
8.61195e-08
-1.61597e-07
9.50706e-08
-1.88171e-07
1.02595e-07
-2.1548e-07
1.09126e-07
-2.43511e-07
1.15186e-07
-2.72352e-07
1.21346e-07
-3.02183e-07
1.28207e-07
-3.33281e-07
1.36387e-07
-3.66012e-07
1.46512e-07
-4.00839e-07
1.59221e-07
-4.38321e-07
1.75162e-07
-4.79112e-07
1.94993e-07
-5.23965e-07
2.19386e-07
-5.73725e-07
2.4902e-07
-6.29333e-07
2.84576e-07
-6.91808e-07
3.2673e-07
-7.62243e-07
3.7614e-07
-8.41778e-07
4.33423e-07
-9.31576e-07
4.99134e-07
-1.03279e-06
5.73729e-07
-1.14649e-06
6.57521e-07
-1.27364e-06
7.50616e-07
-1.41499e-06
8.5285e-07
-1.57101e-06
9.63693e-07
-1.74178e-06
1.08217e-06
-1.9269e-06
1.20677e-06
-2.12544e-06
1.33537e-06
-2.33585e-06
1.46523e-06
-2.55597e-06
1.59301e-06
-2.78307e-06
1.71488e-06
-3.01396e-06
1.82668e-06
-3.24515e-06
1.92418e-06
-3.47301e-06
2.00333e-06
-3.69403e-06
2.06055e-06
-3.90501e-06
2.09297e-06
-4.10319e-06
2.09856e-06
-4.2864e-06
2.07624e-06
-4.45308e-06
2.02582e-06
-4.60224e-06
1.94791e-06
-4.73345e-06
1.84372e-06
-4.84675e-06
1.71496e-06
-4.94253e-06
1.56356e-06
-5.02144e-06
1.39158e-06
-5.08434e-06
1.20102e-06
-5.1322e-06
9.93747e-07
-5.16602e-06
7.714e-07
-5.18675e-06
5.35344e-07
-5.19522e-06
2.86658e-07
-5.19198e-06
2.60434e-08
-5.17728e-06
-2.456e-07
-5.15082e-06
-5.28086e-07
-5.11168e-06
-8.20796e-07
-5.05814e-06
-1.1229e-06
-4.9875e-06
-1.43297e-06
-4.89605e-06
-1.74856e-06
-4.77894e-06
-2.06567e-06
-4.6304e-06
-2.3782e-06
-4.44397e-06
-2.67735e-06
-4.21317e-06
-2.9511e-06
-3.93247e-06
-3.184e-06
-3.59864e-06
-3.35748e-06
-3.2124e-06
-3.45097e-06
-2.78017e-06
-3.44428e-06
-2.31525e-06
-3.32116e-06
-1.83804e-06
-3.07404e-06
-1.37434e-06
-2.70876e-06
-9.51699e-07
-2.24757e-06
-5.94427e-07
-1.72858e-06
-3.1899e-07
-1.20063e-06
-1.31652e-07
-7.15168e-07
-2.89512e-08
-3.1898e-07
-5.17431e-08
-2.54088e-09
-2.69281e-09
-1.02956e-08
4.0736e-09
-2.29748e-08
1.80791e-08
-4.00361e-08
3.57355e-08
-6.08155e-08
5.45064e-08
-8.46203e-08
7.26574e-08
-1.10795e-07
8.91309e-08
-1.38767e-07
1.03417e-07
-1.6807e-07
1.15422e-07
-1.98355e-07
1.25355e-07
-2.29393e-07
1.33633e-07
-2.61073e-07
1.40806e-07
-2.93394e-07
1.47506e-07
-3.26459e-07
1.54412e-07
-3.60475e-07
1.62223e-07
-3.95743e-07
1.71655e-07
-4.32663e-07
1.83432e-07
-4.71729e-07
1.98287e-07
-5.13533e-07
2.16965e-07
-5.58759e-07
2.4022e-07
-6.08189e-07
2.68816e-07
-6.62693e-07
3.03523e-07
-7.23221e-07
3.45104e-07
-7.90797e-07
3.94306e-07
-8.66493e-07
4.51836e-07
-9.51408e-07
5.18338e-07
-1.04663e-06
5.94359e-07
-1.1532e-06
6.80299e-07
-1.27204e-06
7.7636e-07
-1.40389e-06
8.82468e-07
-1.54924e-06
9.98199e-07
-1.70823e-06
1.12268e-06
-1.88056e-06
1.2545e-06
-2.06544e-06
1.39164e-06
-2.2615e-06
1.53143e-06
-2.46682e-06
1.67054e-06
-2.67891e-06
1.8051e-06
-2.89484e-06
1.93081e-06
-3.11137e-06
2.04321e-06
-3.32509e-06
2.13791e-06
-3.53269e-06
2.21093e-06
-3.73109e-06
2.25895e-06
-3.91764e-06
2.27952e-06
-4.09022e-06
2.27114e-06
-4.24727e-06
2.2333e-06
-4.38784e-06
2.16639e-06
-4.51149e-06
2.07155e-06
-4.61823e-06
1.95046e-06
-4.70848e-06
1.80521e-06
-4.78296e-06
1.63804e-06
-4.84262e-06
1.45124e-06
-4.8886e-06
1.247e-06
-4.92216e-06
1.0273e-06
-4.94459e-06
7.93833e-07
-4.9572e-06
5.47948e-07
-4.96116e-06
2.90622e-07
-4.95749e-06
2.23762e-08
-4.94683e-06
-2.56259e-07
-4.92939e-06
-5.45525e-07
-4.90474e-06
-8.45452e-07
-4.87159e-06
-1.15605e-06
-4.82764e-06
-1.47692e-06
-4.76935e-06
-1.80685e-06
-4.69179e-06
-2.14323e-06
-4.58861e-06
-2.48138e-06
-4.45215e-06
-2.8138e-06
-4.27393e-06
-3.12931e-06
-4.04547e-06
-3.41246e-06
-3.75967e-06
-3.64329e-06
-3.41268e-06
-3.79796e-06
-3.00625e-06
-3.85071e-06
-2.54986e-06
-3.77755e-06
-2.06211e-06
-3.56179e-06
-1.57017e-06
-3.2007e-06
-1.10641e-06
-2.71133e-06
-7.02571e-07
-2.13242e-06
-3.83152e-07
-1.52004e-06
-1.60918e-07
-9.37402e-07
-3.6313e-08
-4.43586e-07
-8.80561e-08
-3.40002e-09
7.07233e-10
-1.3368e-08
1.40416e-08
-2.9274e-08
3.39852e-08
-5.02759e-08
5.67373e-08
-7.5459e-08
7.96895e-08
-1.03931e-07
1.0113e-07
-1.34887e-07
1.20087e-07
-1.67646e-07
1.36176e-07
-2.01672e-07
1.49448e-07
-2.36573e-07
1.60257e-07
-2.72103e-07
1.69163e-07
-3.08144e-07
1.76848e-07
-3.44706e-07
1.84068e-07
-3.81905e-07
1.91611e-07
-4.19969e-07
2.00286e-07
-4.59221e-07
2.10907e-07
-5.00083e-07
2.24294e-07
-5.43073e-07
2.41277e-07
-5.888e-07
2.62692e-07
-6.37967e-07
2.89386e-07
-6.91361e-07
3.22211e-07
-7.49852e-07
3.62014e-07
-8.14376e-07
4.09629e-07
-8.85924e-07
4.65854e-07
-9.65513e-07
5.31425e-07
-1.05416e-06
6.06986e-07
-1.15284e-06
6.93037e-07
-1.26243e-06
7.89887e-07
-1.38365e-06
8.97582e-07
-1.517e-06
1.01582e-06
-1.66268e-06
1.14388e-06
-1.82049e-06
1.28049e-06
-1.98978e-06
1.4238e-06
-2.16942e-06
1.57127e-06
-2.35771e-06
1.71972e-06
-2.55245e-06
1.86529e-06
-2.75102e-06
2.00367e-06
-2.95045e-06
2.13024e-06
-3.14761e-06
2.24037e-06
-3.3394e-06
2.32969e-06
-3.5229e-06
2.39442e-06
-3.69555e-06
2.4316e-06
-3.85527e-06
2.43924e-06
-4.00052e-06
2.41639e-06
-4.13029e-06
2.36307e-06
-4.24409e-06
2.28019e-06
-4.34188e-06
2.16934e-06
-4.42402e-06
2.03261e-06
-4.4912e-06
1.87239e-06
-4.54438e-06
1.69121e-06
-4.58473e-06
1.49159e-06
-4.6136e-06
1.27587e-06
-4.63246e-06
1.04617e-06
-4.64287e-06
8.04241e-07
-4.64638e-06
5.51459e-07
-4.64449e-06
2.88733e-07
-4.63857e-06
1.6453e-08
-4.62964e-06
-2.65185e-07
-4.6184e-06
-5.56766e-07
-4.60493e-06
-8.58919e-07
-4.58854e-06
-1.17244e-06
-4.56751e-06
-1.49795e-06
-4.53883e-06
-1.83553e-06
-4.49794e-06
-2.18412e-06
-4.43853e-06
-2.5408e-06
-4.35247e-06
-2.89986e-06
-4.23001e-06
-3.25178e-06
-4.06037e-06
-3.5821e-06
-3.83295e-06
-3.87071e-06
-3.53925e-06
-4.09166e-06
-3.17552e-06
-4.21444e-06
-2.74581e-06
-4.20726e-06
-2.2647e-06
-4.04289e-06
-1.75836e-06
-3.70704e-06
-1.2624e-06
-3.20729e-06
-8.15783e-07
-2.57903e-06
-4.52318e-07
-1.88351e-06
-1.93239e-07
-1.19648e-06
-4.46625e-08
-5.92162e-07
-1.32719e-07
-4.31748e-09
5.0247e-09
-1.66352e-08
2.63593e-08
-3.59466e-08
5.32966e-08
-6.10808e-08
8.18716e-08
-9.08512e-08
1.0946e-07
-1.24152e-07
1.3443e-07
-1.60018e-07
1.55953e-07
-1.97658e-07
1.73816e-07
-2.36461e-07
1.88251e-07
-2.75995e-07
1.99791e-07
-3.15992e-07
2.09159e-07
-3.56331e-07
2.17187e-07
-3.97025e-07
2.24762e-07
-4.38205e-07
2.32792e-07
-4.80111e-07
2.42192e-07
-5.23082e-07
2.53878e-07
-5.67554e-07
2.68766e-07
-6.14053e-07
2.87776e-07
-6.63195e-07
3.11834e-07
-7.15679e-07
3.4187e-07
-7.7228e-07
3.78812e-07
-8.33841e-07
4.23574e-07
-9.01255e-07
4.77043e-07
-9.75447e-07
5.40046e-07
-1.05735e-06
6.13326e-07
-1.14785e-06
6.9749e-07
-1.24778e-06
7.92967e-07
-1.35783e-06
8.99932e-07
-1.47848e-06
1.01824e-06
-1.60999e-06
1.14732e-06
-1.75224e-06
1.28613e-06
-1.90475e-06
1.433e-06
-2.06657e-06
1.58562e-06
-2.23628e-06
1.74098e-06
-2.41199e-06
1.89542e-06
-2.59138e-06
2.04468e-06
-2.77181e-06
2.1841e-06
-2.95046e-06
2.30889e-06
-3.12446e-06
2.41438e-06
-3.29111e-06
2.49634e-06
-3.44796e-06
2.55128e-06
-3.593e-06
2.57664e-06
-3.72469e-06
2.57093e-06
-3.84197e-06
2.53367e-06
-3.94431e-06
2.4654e-06
-4.03157e-06
2.36745e-06
-4.10403e-06
2.24181e-06
-4.16231e-06
2.09089e-06
-4.20729e-06
1.91737e-06
-4.2401e-06
1.72402e-06
-4.26206e-06
1.51355e-06
-4.27468e-06
1.28849e-06
-4.27956e-06
1.05105e-06
-4.27841e-06
8.03091e-07
-4.27295e-06
5.45994e-07
-4.26486e-06
2.80641e-07
-4.25573e-06
7.32852e-09
-4.24692e-06
-2.73999e-07
-4.23948e-06
-5.642e-07
-4.23401e-06
-8.64394e-07
-4.2304e-06
-1.17605e-06
-4.22762e-06
-1.50073e-06
-4.22344e-06
-1.83971e-06
-4.21405e-06
-2.19352e-06
-4.19372e-06
-2.56112e-06
-4.15458e-06
-2.939e-06
-4.08648e-06
-3.31988e-06
-3.97728e-06
-3.6913e-06
-3.81371e-06
-4.03427e-06
-3.58311e-06
-4.32226e-06
-3.27606e-06
-4.52149e-06
-2.89012e-06
-4.5932e-06
-2.43378e-06
-4.49923e-06
-1.9295e-06
-4.21133e-06
-1.41355e-06
-3.72324e-06
-9.30916e-07
-3.06166e-06
-5.25299e-07
-2.28913e-06
-2.28358e-07
-1.49342e-06
-5.40094e-08
-7.66511e-07
-1.86728e-07
-5.29506e-09
1.03198e-08
-2.00987e-08
4.1163e-08
-4.29899e-08
7.61878e-08
-7.24382e-08
1.1132e-07
-1.06963e-07
1.43984e-07
-1.45229e-07
1.72697e-07
-1.86106e-07
1.9683e-07
-2.28686e-07
2.16395e-07
-2.72283e-07
2.31849e-07
-3.16424e-07
2.43932e-07
-3.60818e-07
2.53554e-07
-4.05341e-07
2.6171e-07
-4.50007e-07
2.69428e-07
-4.94956e-07
2.7774e-07
-5.40433e-07
2.87669e-07
-5.86786e-07
3.00231e-07
-6.34452e-07
3.16432e-07
-6.83955e-07
3.3728e-07
-7.359e-07
3.63779e-07
-7.90962e-07
3.96933e-07
-8.49883e-07
4.37733e-07
-9.13454e-07
4.87145e-07
-9.82499e-07
5.46087e-07
-1.05785e-06
6.15396e-07
-1.14031e-06
6.95789e-07
-1.23064e-06
7.87817e-07
-1.32947e-06
8.91799e-07
-1.43729e-06
1.00775e-06
-1.55436e-06
1.13531e-06
-1.68066e-06
1.27362e-06
-1.81583e-06
1.4213e-06
-1.95912e-06
1.57629e-06
-2.10935e-06
1.73586e-06
-2.26495e-06
1.89658e-06
-2.42392e-06
2.05439e-06
-2.58397e-06
2.20473e-06
-2.74261e-06
2.34274e-06
-2.89726e-06
2.46354e-06
-3.04544e-06
2.56256e-06
-3.18488e-06
2.63578e-06
-3.31367e-06
2.68007e-06
-3.4303e-06
2.69327e-06
-3.53371e-06
2.67434e-06
-3.62331e-06
2.62327e-06
-3.69891e-06
2.541e-06
-3.7607e-06
2.42924e-06
-3.80919e-06
2.2903e-06
-3.84519e-06
2.12688e-06
-3.86972e-06
1.9419e-06
-3.88403e-06
1.73833e-06
-3.88953e-06
1.51905e-06
-3.88778e-06
1.28674e-06
-3.88044e-06
1.04371e-06
-3.86925e-06
7.91898e-07
-3.85596e-06
5.32705e-07
-3.84232e-06
2.67005e-07
-3.83002e-06
-4.97424e-09
-3.82059e-06
-2.83434e-07
-3.81534e-06
-5.69449e-07
-3.81524e-06
-8.64487e-07
-3.82075e-06
-1.17054e-06
-3.83154e-06
-1.48994e-06
-3.84621e-06
-1.82504e-06
-3.86195e-06
-2.17778e-06
-3.87403e-06
-2.54904e-06
-3.87544e-06
-2.93759e-06
-3.85648e-06
-3.33884e-06
-3.80469e-06
-3.74309e-06
-3.70527e-06
-4.13368e-06
-3.54236e-06
-4.48517e-06
-3.30145e-06
-4.7624e-06
-2.97328e-06
-4.92137e-06
-2.55878e-06
-4.91373e-06
-2.07404e-06
-4.69607e-06
-1.55289e-06
-4.2444e-06
-1.04391e-06
-3.57064e-06
-6.00295e-07
-2.73274e-06
-2.65734e-07
-1.82798e-06
-6.42881e-08
-9.67956e-07
-2.51016e-07
-6.33556e-09
1.66553e-08
-2.37661e-08
5.85935e-08
-5.04134e-08
1.02835e-07
-8.43541e-08
1.45261e-07
-1.2379e-07
1.8342e-07
-1.67144e-07
2.16051e-07
-2.1311e-07
2.42796e-07
-2.60661e-07
2.63946e-07
-3.09037e-07
2.80225e-07
-3.57721e-07
2.92616e-07
-4.06403e-07
3.02236e-07
-4.54951e-07
3.10258e-07
-5.03379e-07
3.17856e-07
-5.51828e-07
3.26189e-07
-6.00546e-07
3.36388e-07
-6.49877e-07
3.49561e-07
-7.00248e-07
3.66804e-07
-7.52167e-07
3.89199e-07
-8.0621e-07
4.17821e-07
-8.63012e-07
4.53735e-07
-9.23259e-07
4.97979e-07
-9.87666e-07
5.51553e-07
-1.05696e-06
6.15384e-07
-1.13186e-06
6.90296e-07
-1.21303e-06
7.76961e-07
-1.30106e-06
8.75841e-07
-1.39639e-06
9.87127e-07
-1.49929e-06
1.11065e-06
-1.6098e-06
1.24582e-06
-1.72767e-06
1.39149e-06
-1.85232e-06
1.54595e-06
-1.98281e-06
1.70678e-06
-2.11782e-06
1.87088e-06
-2.25572e-06
2.03447e-06
-2.39454e-06
2.19321e-06
-2.53213e-06
2.34232e-06
-2.66624e-06
2.47685e-06
-2.79465e-06
2.59196e-06
-2.91532e-06
2.68323e-06
-3.02648e-06
2.74693e-06
-3.1267e-06
2.78029e-06
-3.21497e-06
2.78154e-06
-3.29067e-06
2.75005e-06
-3.3536e-06
2.6862e-06
-3.40387e-06
2.59127e-06
-3.44193e-06
2.4673e-06
-3.46848e-06
2.31685e-06
-3.48446e-06
2.14286e-06
-3.491e-06
1.94844e-06
-3.48939e-06
1.73672e-06
-3.48107e-06
1.51073e-06
-3.46757e-06
1.27324e-06
-3.4505e-06
1.02664e-06
-3.43152e-06
7.7292e-07
-3.41232e-06
5.13503e-07
-3.39457e-06
2.49256e-07
-3.37996e-06
-1.95808e-08
-3.37001e-06
-2.93386e-07
-3.3662e-06
-5.7326e-07
-3.36975e-06
-8.60933e-07
-3.38153e-06
-1.15876e-06
-3.40184e-06
-1.46964e-06
-3.4301e-06
-1.79677e-06
-3.46455e-06
-2.14333e-06
-3.50169e-06
-2.51189e-06
-3.53578e-06
-2.90351e-06
-3.55825e-06
-3.31637e-06
-3.5573e-06
-3.74405e-06
-3.5178e-06
-4.17318e-06
-3.422e-06
-4.58097e-06
-3.25144e-06
-4.93296e-06
-2.99054e-06
-5.18227e-06
-2.63204e-06
-5.27223e-06
-2.18363e-06
-5.14448e-06
-1.67337e-06
-4.75465e-06
-1.15015e-06
-4.09386e-06
-6.75027e-07
-3.20786e-06
-3.04576e-07
-2.19843e-06
-7.53646e-08
-1.19717e-06
-3.26381e-07
-7.44384e-09
2.40992e-08
-2.76512e-08
7.88009e-08
-5.82394e-08
1.33423e-07
-9.68552e-08
1.83876e-07
-1.41357e-07
2.27922e-07
-1.89912e-07
2.64606e-07
-2.41028e-07
2.93912e-07
-2.93558e-07
3.16476e-07
-3.46669e-07
3.33336e-07
-3.99802e-07
3.45748e-07
-4.52625e-07
3.55059e-07
-5.04998e-07
3.62631e-07
-5.56933e-07
3.69791e-07
-6.08567e-07
3.77823e-07
-6.60142e-07
3.87962e-07
-7.11987e-07
4.01406e-07
-7.6451e-07
4.19327e-07
-8.18186e-07
4.42875e-07
-8.73546e-07
4.73182e-07
-9.31168e-07
5.11357e-07
-9.91661e-07
5.58472e-07
-1.05565e-06
6.1554e-07
-1.12374e-06
6.83479e-07
-1.19653e-06
7.63079e-07
-1.27451e-06
8.54941e-07
-1.35809e-06
9.59426e-07
-1.44754e-06
1.07657e-06
-1.54291e-06
1.20603e-06
-1.64405e-06
1.34695e-06
-1.75051e-06
1.49795e-06
-1.86154e-06
1.65698e-06
-1.9761e-06
1.82134e-06
-2.09283e-06
1.9876e-06
-2.2101e-06
2.15175e-06
-2.3261e-06
2.30921e-06
-2.43891e-06
2.45513e-06
-2.54662e-06
2.58456e-06
-2.64743e-06
2.69276e-06
-2.73975e-06
2.77555e-06
-2.82232e-06
2.8295e-06
-2.89419e-06
2.85216e-06
-2.95481e-06
2.84216e-06
-3.00396e-06
2.7992e-06
-3.04175e-06
2.72399e-06
-3.06859e-06
2.61811e-06
-3.08511e-06
2.48383e-06
-3.09218e-06
2.32392e-06
-3.09082e-06
2.1415e-06
-3.08221e-06
1.93982e-06
-3.06763e-06
1.72214e-06
-3.04846e-06
1.49156e-06
-3.02614e-06
1.25091e-06
-3.00214e-06
1.00265e-06
-2.97798e-06
7.48756e-07
-2.95516e-06
4.90686e-07
-2.93521e-06
2.29311e-07
-2.91967e-06
-3.51254e-08
-2.91001e-06
-3.03043e-07
-2.90771e-06
-5.75565e-07
-2.91411e-06
-8.54536e-07
-2.93035e-06
-1.14252e-06
-2.9572e-06
-1.44278e-06
-2.99483e-06
-1.75914e-06
-3.04242e-06
-2.09574e-06
-3.09773e-06
-2.45658e-06
-3.15649e-06
-2.84474e-06
-3.21172e-06
-3.26114e-06
-3.25299e-06
-3.70277e-06
-3.26597e-06
-4.16021e-06
-3.23243e-06
-4.61452e-06
-3.13142e-06
-5.03397e-06
-2.94224e-06
-5.37145e-06
-2.64978e-06
-5.56469e-06
-2.25211e-06
-5.54215e-06
-1.76871e-06
-5.23805e-06
-1.24496e-06
-4.61762e-06
-7.46927e-07
-3.70589e-06
-3.43906e-07
-2.60145e-06
-8.70479e-08
-1.45403e-06
-4.13429e-07
-8.62709e-09
3.27263e-08
-3.17762e-08
1.0195e-07
-6.65057e-08
1.68153e-07
-1.09991e-07
2.27361e-07
-1.59719e-07
2.77651e-07
-2.13582e-07
3.18468e-07
-2.69899e-07
3.50229e-07
-3.274e-07
3.73977e-07
-3.85178e-07
3.91114e-07
-4.42634e-07
4.03204e-07
-4.99419e-07
4.11844e-07
-5.55382e-07
4.18594e-07
-6.10528e-07
4.24938e-07
-6.64988e-07
4.32282e-07
-7.18986e-07
4.41961e-07
-7.72831e-07
4.55252e-07
-8.26898e-07
4.73393e-07
-8.81614e-07
4.97591e-07
-9.37453e-07
5.2902e-07
-9.94917e-07
5.68821e-07
-1.05453e-06
6.1808e-07
-1.11679e-06
6.77805e-07
-1.1822e-06
7.48888e-07
-1.25118e-06
8.32065e-07
-1.3241e-06
9.27853e-07
-1.40116e-06
1.03649e-06
-1.48246e-06
1.15787e-06
-1.56788e-06
1.29145e-06
-1.65708e-06
1.43615e-06
-1.74948e-06
1.59035e-06
-1.84423e-06
1.75174e-06
-1.94024e-06
1.91735e-06
-2.03619e-06
2.08355e-06
-2.13059e-06
2.24614e-06
-2.22183e-06
2.40045e-06
-2.3083e-06
2.54161e-06
-2.38848e-06
2.66474e-06
-2.46103e-06
2.76531e-06
-2.52484e-06
2.83936e-06
-2.57911e-06
2.88378e-06
-2.62339e-06
2.89643e-06
-2.65751e-06
2.87628e-06
-2.68162e-06
2.82331e-06
-2.69614e-06
2.7385e-06
-2.70168e-06
2.62365e-06
-2.69906e-06
2.48121e-06
-2.68923e-06
2.3141e-06
-2.67329e-06
2.12555e-06
-2.65238e-06
1.91892e-06
-2.62775e-06
1.69751e-06
-2.60064e-06
1.46446e-06
-2.57236e-06
1.22263e-06
-2.54418e-06
9.74469e-07
-2.51739e-06
7.21969e-07
-2.49329e-06
4.66586e-07
-2.47318e-06
2.09201e-07
-2.45838e-06
-4.99216e-08
-2.45025e-06
-3.1118e-07
-2.45013e-06
-5.75676e-07
-2.4594e-06
-8.45265e-07
-2.47933e-06
-1.12259e-06
-2.511e-06
-1.41111e-06
-2.5551e-06
-1.71504e-06
-2.61163e-06
-2.03921e-06
-2.67948e-06
-2.38873e-06
-2.75586e-06
-2.76837e-06
-2.83551e-06
-3.18149e-06
-2.9099e-06
-3.62838e-06
-2.9663e-06
-4.1038e-06
-2.98727e-06
-4.59354e-06
-2.951e-06
-5.07024e-06
-2.83328e-06
-5.48916e-06
-2.61225e-06
-5.78572e-06
-2.27625e-06
-5.87814e-06
-1.83414e-06
-5.68017e-06
-1.32407e-06
-5.12769e-06
-8.13383e-07
-4.21658e-06
-3.82642e-07
-3.0322e-06
-9.91059e-08
-1.73756e-06
-5.12535e-07
-9.89555e-09
4.26219e-08
-3.61728e-08
1.28227e-07
-7.52682e-08
2.07248e-07
-1.23836e-07
2.7593e-07
-1.78962e-07
3.32776e-07
-2.38244e-07
3.7775e-07
-2.99806e-07
4.11791e-07
-3.62253e-07
4.36424e-07
-4.24608e-07
4.5347e-07
-4.86236e-07
4.64832e-07
-5.46771e-07
4.72379e-07
-6.06054e-07
4.77876e-07
-6.6408e-07
4.82965e-07
-7.20966e-07
4.89168e-07
-7.76916e-07
4.97911e-07
-8.32206e-07
5.10542e-07
-8.87166e-07
5.28353e-07
-9.42166e-07
5.52591e-07
-9.97607e-07
5.84462e-07
-1.05391e-06
6.2512e-07
-1.11148e-06
6.7565e-07
-1.17071e-06
7.3704e-07
-1.23196e-06
8.10141e-07
-1.29552e-06
8.95619e-07
-1.36156e-06
9.93898e-07
-1.43016e-06
1.1051e-06
-1.50124e-06
1.22894e-06
-1.57451e-06
1.36472e-06
-1.64953e-06
1.51117e-06
-1.72561e-06
1.66643e-06
-1.80188e-06
1.82801e-06
-1.87727e-06
1.99274e-06
-1.95056e-06
2.15685e-06
-2.02046e-06
2.31604e-06
-2.08565e-06
2.46564e-06
-2.14488e-06
2.60083e-06
-2.19704e-06
2.7169e-06
-2.24124e-06
2.80951e-06
-2.27687e-06
2.87499e-06
-2.30358e-06
2.91049e-06
-2.32134e-06
2.91419e-06
-2.33037e-06
2.88531e-06
-2.33115e-06
2.82408e-06
-2.32432e-06
2.73167e-06
-2.31071e-06
2.61004e-06
-2.29126e-06
2.46175e-06
-2.26699e-06
2.28983e-06
-2.23899e-06
2.09756e-06
-2.20837e-06
1.8883e-06
-2.17627e-06
1.6654e-06
-2.14378e-06
1.43197e-06
-2.11201e-06
1.19086e-06
-2.08202e-06
9.44478e-07
-2.05486e-06
6.94807e-07
-2.03157e-06
4.43294e-07
-2.0132e-06
1.90835e-07
-2.00085e-06
-6.22725e-08
-1.99566e-06
-3.16374e-07
-1.99883e-06
-5.72504e-07
-2.01163e-06
-8.32461e-07
-2.03535e-06
-1.09887e-06
-2.07122e-06
-1.37524e-06
-2.12027e-06
-1.666e-06
-2.18309e-06
-1.97639e-06
-2.25949e-06
-2.31233e-06
-2.34797e-06
-2.67989e-06
-2.445e-06
-3.08446e-06
-2.54408e-06
-3.52931e-06
-2.63464e-06
-4.01324e-06
-2.70103e-06
-4.52715e-06
-2.72202e-06
-5.04925e-06
-2.67172e-06
-5.53946e-06
-2.52318e-06
-5.93426e-06
-2.25579e-06
-6.14553e-06
-1.86684e-06
-6.06912e-06
-1.38412e-06
-5.61041e-06
-8.71997e-07
-4.72871e-06
-4.19702e-07
-3.48449e-06
-1.11287e-07
-2.04598e-06
-6.23822e-07
-1.12632e-08
5.38851e-08
-4.08851e-08
1.57849e-07
-8.4605e-08
2.50968e-07
-1.385e-07
3.29824e-07
-1.99213e-07
3.93489e-07
-2.64032e-07
4.4257e-07
-3.30877e-07
4.78636e-07
-3.98231e-07
5.03779e-07
-4.65053e-07
5.20291e-07
-5.30674e-07
5.30454e-07
-5.94717e-07
5.36422e-07
-6.57015e-07
5.40174e-07
-7.17554e-07
5.43504e-07
-7.76434e-07
5.48047e-07
-8.3383e-07
5.55307e-07
-8.89977e-07
5.66689e-07
-9.45152e-07
5.83527e-07
-9.99658e-07
6.07097e-07
-1.05381e-06
6.38616e-07
-1.10793e-06
6.79241e-07
-1.16233e-06
7.30042e-07
-1.21726e-06
7.91971e-07
-1.27294e-06
8.65828e-07
-1.32953e-06
9.52201e-07
-1.38704e-06
1.05142e-06
-1.44542e-06
1.16347e-06
-1.50442e-06
1.28795e-06
-1.56367e-06
1.42398e-06
-1.62263e-06
1.57012e-06
-1.68057e-06
1.72438e-06
-1.73665e-06
1.88408e-06
-1.78988e-06
2.04596e-06
-1.83921e-06
2.20618e-06
-1.88359e-06
2.36042e-06
-1.92202e-06
2.50408e-06
-1.95364e-06
2.63245e-06
-1.97778e-06
2.74103e-06
-1.99399e-06
2.82573e-06
-2.00212e-06
2.88311e-06
-2.00226e-06
2.91063e-06
-1.99476e-06
2.90669e-06
-1.98019e-06
2.87074e-06
-1.95929e-06
2.80319e-06
-1.93296e-06
2.70534e-06
-1.90215e-06
2.57923e-06
-1.8679e-06
2.42751e-06
-1.83128e-06
2.25321e-06
-1.79333e-06
2.05961e-06
-1.7551e-06
1.85007e-06
-1.71757e-06
1.62787e-06
-1.6817e-06
1.3961e-06
-1.64836e-06
1.15752e-06
-1.61841e-06
9.14522e-07
-1.59264e-06
6.69037e-07
-1.57184e-06
4.22502e-07
-1.55684e-06
1.75826e-07
-1.54846e-06
-7.06502e-08
-1.54763e-06
-3.17203e-07
-1.55535e-06
-5.64777e-07
-1.57274e-06
-8.15071e-07
-1.60099e-06
-1.07062e-06
-1.64134e-06
-1.3349e-06
-1.69497e-06
-1.61237e-06
-1.76285e-06
-1.90851e-06
-1.84545e-06
-2.22973e-06
-1.94231e-06
-2.58303e-06
-2.0514e-06
-2.97537e-06
-2.16821e-06
-3.4125e-06
-2.28455e-06
-3.8969e-06
-2.38721e-06
-4.42449e-06
-2.45674e-06
-4.97972e-06
-2.46728e-06
-5.52892e-06
-2.38873e-06
-6.01281e-06
-2.19307e-06
-6.34119e-06
-1.86603e-06
-6.39616e-06
-1.42287e-06
-6.05356e-06
-9.20801e-07
-5.23078e-06
-4.54101e-07
-3.95119e-06
-1.23346e-07
-2.37673e-06
-7.47168e-07
-1.27492e-08
6.66343e-08
-4.5973e-08
1.91073e-07
-9.46221e-08
2.99617e-07
-1.54125e-07
3.89328e-07
-2.20643e-07
4.60006e-07
-2.91128e-07
5.13055e-07
-3.63291e-07
5.50799e-07
-4.35498e-07
5.75985e-07
-5.06647e-07
5.91441e-07
-5.76052e-07
5.99858e-07
-6.43326e-07
6.03696e-07
-7.083e-07
6.05148e-07
-7.70952e-07
6.06156e-07
-8.3136e-07
6.08455e-07
-8.89668e-07
6.13615e-07
-9.46065e-07
6.23086e-07
-1.00076e-06
6.38227e-07
-1.05399e-06
6.60326e-07
-1.10598e-06
6.90603e-07
-1.15694e-06
7.30201e-07
-1.20706e-06
7.80162e-07
-1.25648e-06
8.41397e-07
-1.3053e-06
9.14643e-07
-1.35351e-06
1.00041e-06
-1.40103e-06
1.09893e-06
-1.44764e-06
1.21008e-06
-1.49302e-06
1.33333e-06
-1.53671e-06
1.46767e-06
-1.57813e-06
1.61154e-06
-1.61656e-06
1.76281e-06
-1.65121e-06
1.91874e-06
-1.68126e-06
2.07601e-06
-1.70584e-06
2.23077e-06
-1.7242e-06
2.37878e-06
-1.73567e-06
2.51555e-06
-1.73979e-06
2.63657e-06
-1.73629e-06
2.73754e-06
-1.72518e-06
2.81462e-06
-1.70672e-06
2.86465e-06
-1.68141e-06
2.88531e-06
-1.64994e-06
2.87523e-06
-1.61319e-06
2.834e-06
-1.57216e-06
2.76215e-06
-1.5279e-06
2.66108e-06
-1.48152e-06
2.53285e-06
-1.4341e-06
2.38009e-06
-1.38673e-06
2.20583e-06
-1.34039e-06
2.01327e-06
-1.29604e-06
1.80572e-06
-1.25453e-06
1.58636e-06
-1.21663e-06
1.3582e-06
-1.18303e-06
1.12392e-06
-1.15436e-06
8.85856e-07
-1.13121e-06
6.45883e-07
-1.11413e-06
4.05424e-07
-1.1037e-06
1.65398e-07
-1.10054e-06
-7.38129e-08
-1.10533e-06
-3.12412e-07
-1.11887e-06
-5.51243e-07
-1.14205e-06
-7.91887e-07
-1.17592e-06
-1.03676e-06
-1.2216e-06
-1.28922e-06
-1.28029e-06
-1.55368e-06
-1.35312e-06
-1.83569e-06
-1.44096e-06
-2.14189e-06
-1.54412e-06
-2.47987e-06
-1.66176e-06
-2.85773e-06
-1.79113e-06
-3.28312e-06
-1.92639e-06
-3.76163e-06
-2.05707e-06
-4.29381e-06
-2.16634e-06
-4.87045e-06
-2.22985e-06
-5.46542e-06
-2.21632e-06
-6.02634e-06
-2.09223e-06
-6.46528e-06
-1.83275e-06
-6.65564e-06
-1.43935e-06
-6.44696e-06
-9.58416e-07
-5.71171e-06
-4.85049e-07
-4.42456e-06
-1.3507e-07
-2.72671e-06
-8.82238e-07
-1.43791e-08
8.10134e-08
-5.15169e-08
2.28211e-07
-1.05461e-07
3.53561e-07
-1.70907e-07
4.54774e-07
-2.43477e-07
5.32576e-07
-3.19769e-07
5.89347e-07
-3.97277e-07
6.28307e-07
-4.74258e-07
6.52966e-07
-5.49567e-07
6.66749e-07
-6.22505e-07
6.72796e-07
-6.92692e-07
6.73883e-07
-7.59962e-07
6.72417e-07
-8.24287e-07
6.70481e-07
-8.85726e-07
6.69894e-07
-9.4439e-07
6.72278e-07
-1.00041e-06
6.79109e-07
-1.05394e-06
6.91758e-07
-1.10513e-06
7.1151e-07
-1.1541e-06
7.39574e-07
-1.20097e-06
7.77067e-07
-1.2458e-06
8.24997e-07
-1.28863e-06
8.84226e-07
-1.32941e-06
9.55427e-07
-1.36804e-06
1.03904e-06
-1.4043e-06
1.13519e-06
-1.43789e-06
1.24368e-06
-1.46842e-06
1.36386e-06
-1.49537e-06
1.49462e-06
-1.51817e-06
1.63433e-06
-1.53615e-06
1.78079e-06
-1.54863e-06
1.93122e-06
-1.55495e-06
2.08232e-06
-1.5545e-06
2.23031e-06
-1.54679e-06
2.37107e-06
-1.53151e-06
2.50027e-06
-1.50858e-06
2.61363e-06
-1.47814e-06
2.7071e-06
-1.44059e-06
2.77708e-06
-1.39659e-06
2.82065e-06
-1.34698e-06
2.8357e-06
-1.29279e-06
2.82104e-06
-1.23516e-06
2.77636e-06
-1.17528e-06
2.70228e-06
-1.11438e-06
2.60018e-06
-1.05365e-06
2.47212e-06
-9.94238e-07
2.32068e-06
-9.37189e-07
2.14878e-06
-8.83461e-07
1.95955e-06
-8.33894e-07
1.75615e-06
-7.89214e-07
1.54168e-06
-7.50037e-07
1.31902e-06
-7.16882e-07
1.09077e-06
-6.90188e-07
8.59163e-07
-6.70345e-07
6.2604e-07
-6.57715e-07
3.92794e-07
-6.52666e-07
1.6035e-07
-6.55605e-07
-7.08746e-08
-6.67e-07
-3.01017e-07
-6.87418e-07
-5.30825e-07
-7.17544e-07
-7.61761e-07
-7.58197e-07
-9.96104e-07
-8.10335e-07
-1.23708e-06
-8.75033e-07
-1.48898e-06
-9.53425e-07
-1.75729e-06
-1.04658e-06
-2.04874e-06
-1.15525e-06
-2.3712e-06
-1.27951e-06
-2.73347e-06
-1.41805e-06
-3.14459e-06
-1.56711e-06
-3.61257e-06
-1.71899e-06
-4.14193e-06
-1.85998e-06
-4.72946e-06
-1.96835e-06
-5.35705e-06
-2.01345e-06
-5.98125e-06
-1.95837e-06
-6.52036e-06
-1.76928e-06
-6.84473e-06
-1.43367e-06
-6.78257e-06
-9.84102e-07
-6.16128e-06
-5.12017e-07
-4.89664e-06
-1.46303e-07
-3.09242e-06
-1.02854e-06
-1.6188e-08
9.72014e-08
-5.76254e-08
2.69648e-07
-1.17311e-07
4.13247e-07
-1.89098e-07
5.2656e-07
-2.68007e-07
6.11486e-07
-3.50254e-07
6.71594e-07
-4.3312e-07
7.11173e-07
-5.14763e-07
7.3461e-07
-5.94013e-07
7.45999e-07
-6.70181e-07
7.48964e-07
-7.42907e-07
7.46609e-07
-8.12038e-07
7.41549e-07
-8.77551e-07
7.35994e-07
-9.39488e-07
7.31831e-07
-9.97924e-07
7.30714e-07
-1.05294e-06
7.34128e-07
-1.10462e-06
7.43437e-07
-1.15302e-06
7.59912e-07
-1.19819e-06
7.84735e-07
-1.24011e-06
8.18992e-07
-1.27876e-06
8.63647e-07
-1.31404e-06
9.19511e-07
-1.34581e-06
9.87197e-07
-1.37385e-06
1.06707e-06
-1.39786e-06
1.1592e-06
-1.41748e-06
1.26329e-06
-1.43225e-06
1.37863e-06
-1.44166e-06
1.50404e-06
-1.44517e-06
1.63784e-06
-1.4422e-06
1.77782e-06
-1.4322e-06
1.92122e-06
-1.4147e-06
2.06482e-06
-1.38933e-06
2.20495e-06
-1.35591e-06
2.33765e-06
-1.31446e-06
2.45882e-06
-1.26524e-06
2.56441e-06
-1.20878e-06
2.65063e-06
-1.14584e-06
2.71413e-06
-1.07741e-06
2.75222e-06
-1.00467e-06
2.76296e-06
-9.28909e-07
2.74528e-06
-8.51502e-07
2.69895e-06
-7.7383e-07
2.6246e-06
-6.97245e-07
2.52359e-06
-6.23022e-07
2.3979e-06
-5.52331e-07
2.24999e-06
-4.86213e-07
2.08266e-06
-4.2557e-07
1.8989e-06
-3.71159e-07
1.70174e-06
-3.23591e-07
1.49411e-06
-2.83352e-07
1.27878e-06
-2.50818e-07
1.05823e-06
-2.26274e-07
8.3462e-07
-2.09951e-07
6.09717e-07
-2.02043e-07
3.84886e-07
-2.02744e-07
1.6105e-07
-2.12272e-07
-6.13465e-08
-2.30896e-07
-2.82393e-07
-2.58964e-07
-5.02756e-07
-2.96934e-07
-7.23791e-07
-3.4539e-07
-9.47649e-07
-4.05062e-07
-1.17741e-06
-4.76835e-07
-1.41721e-06
-5.61726e-07
-1.6724e-06
-6.60819e-07
-1.94964e-06
-7.75117e-07
-2.2569e-06
-9.05265e-07
-2.60332e-06
-1.05104e-06
-2.99882e-06
-1.21046e-06
-3.45315e-06
-1.37837e-06
-3.97402e-06
-1.54434e-06
-4.56349e-06
-1.69e-06
-5.2114e-06
-1.78683e-06
-5.88441e-06
-1.79666e-06
-6.51053e-06
-1.67863e-06
-6.96276e-06
-1.40677e-06
-7.05443e-06
-9.97699e-07
-6.57035e-06
-5.34765e-07
-5.35958e-06
-1.56974e-07
-3.47022e-06
-1.18551e-06
-1.82239e-08
1.15425e-07
-6.44451e-08
3.15869e-07
-1.30422e-07
4.79224e-07
-2.09027e-07
6.05165e-07
-2.94605e-07
6.97063e-07
-3.82958e-07
7.59947e-07
-4.7116e-07
7.99376e-07
-5.57297e-07
8.20746e-07
-6.40199e-07
8.28901e-07
-7.19213e-07
8.27979e-07
-7.94023e-07
8.21418e-07
-8.64509e-07
8.12035e-07
-9.30658e-07
8.02143e-07
-9.92506e-07
7.93679e-07
-1.0501e-06
7.88306e-07
-1.10347e-06
7.87498e-07
-1.15263e-06
7.92594e-07
-1.19755e-06
8.04835e-07
-1.23818e-06
8.25365e-07
-1.27441e-06
8.55229e-07
-1.30611e-06
8.95347e-07
-1.33308e-06
9.46479e-07
-1.35507e-06
1.00919e-06
-1.37178e-06
1.08378e-06
-1.38283e-06
1.17026e-06
-1.38783e-06
1.26828e-06
-1.3863e-06
1.3771e-06
-1.37776e-06
1.4955e-06
-1.36172e-06
1.6218e-06
-1.33771e-06
1.75381e-06
-1.30534e-06
1.88885e-06
-1.26433e-06
2.02381e-06
-1.21456e-06
2.15519e-06
-1.15614e-06
2.27923e-06
-1.08939e-06
2.39207e-06
-1.0149e-06
2.48992e-06
-9.33518e-07
2.56925e-06
-8.46343e-07
2.62696e-06
-7.54663e-07
2.66054e-06
-6.59923e-07
2.66822e-06
-5.63662e-07
2.64902e-06
-4.67444e-07
2.60273e-06
-3.72806e-07
2.52997e-06
-2.81221e-07
2.43201e-06
-1.94025e-07
2.3107e-06
-1.12421e-07
2.16838e-06
-3.74434e-08
2.00768e-06
3.00498e-08
1.83141e-06
8.93691e-08
1.64242e-06
1.3998e-07
1.4435e-06
1.815e-07
1.23726e-06
2.13665e-07
1.02607e-06
2.36307e-07
8.11978e-07
2.49325e-07
5.96699e-07
2.5266e-07
3.81552e-07
2.46266e-07
1.67444e-07
2.30086e-07
-4.51669e-08
2.04039e-07
-2.56346e-07
1.67975e-07
-4.66692e-07
1.21663e-07
-6.77479e-07
6.4758e-08
-8.90743e-07
-3.22646e-09
-1.10942e-06
-8.29442e-08
-1.33749e-06
-1.75221e-07
-1.58013e-06
-2.81045e-07
-1.84382e-06
-4.01488e-07
-2.13646e-06
-5.37534e-07
-2.46728e-06
-6.89717e-07
-2.84664e-06
-8.57451e-07
-3.28541e-06
-1.03781e-06
-3.79366e-06
-1.22348e-06
-4.37781e-06
-1.39988e-06
-5.035e-06
-1.54179e-06
-5.74251e-06
-1.61167e-06
-6.44065e-06
-1.56382e-06
-7.0106e-06
-1.36e-06
-7.25825e-06
-9.99503e-07
-6.93085e-06
-5.53349e-07
-5.80573e-06
-1.67113e-07
-3.85645e-06
-1.35263e-06
-2.05535e-08
1.35979e-07
-7.2177e-08
3.67493e-07
-1.45132e-07
5.5218e-07
-2.31129e-07
6.91162e-07
-3.23742e-07
7.89675e-07
-4.18337e-07
8.54542e-07
-5.11796e-07
8.92835e-07
-6.02165e-07
9.11115e-07
-6.88319e-07
9.15055e-07
-7.69679e-07
9.0934e-07
-8.46001e-07
8.9774e-07
-9.17222e-07
8.83255e-07
-9.8336e-07
8.68281e-07
-1.04446e-06
8.54775e-07
-1.10053e-06
8.44383e-07
-1.15158e-06
8.38546e-07
-1.19755e-06
8.3856e-07
-1.23833e-06
8.45617e-07
-1.27378e-06
8.60815e-07
-1.3037e-06
8.85149e-07
-1.32785e-06
9.19493e-07
-1.34593e-06
9.64562e-07
-1.35761e-06
1.02087e-06
-1.36252e-06
1.08869e-06
-1.36024e-06
1.16798e-06
-1.35033e-06
1.25838e-06
-1.33234e-06
1.35911e-06
-1.30582e-06
1.46898e-06
-1.27037e-06
1.58634e-06
-1.22563e-06
1.70907e-06
-1.17139e-06
1.83461e-06
-1.10756e-06
1.95998e-06
-1.03427e-06
2.0819e-06
-9.51871e-07
2.19682e-06
-8.6097e-07
2.30117e-06
-7.62448e-07
2.3914e-06
-6.5744e-07
2.46425e-06
-5.47312e-07
2.51683e-06
-4.33614e-07
2.54684e-06
-3.18017e-07
2.55263e-06
-2.02273e-07
2.53327e-06
-8.81061e-08
2.48857e-06
2.28037e-08
2.41906e-06
1.28915e-07
2.3259e-06
2.28794e-07
2.21082e-06
3.21213e-07
2.07597e-06
4.05133e-07
1.92376e-06
4.79712e-07
1.75683e-06
5.44301e-07
1.57783e-06
5.98429e-07
1.38937e-06
6.41779e-07
1.19391e-06
6.74169e-07
9.93679e-07
6.95516e-07
7.9063e-07
7.05821e-07
5.86394e-07
7.05133e-07
3.8224e-07
6.93534e-07
1.79044e-07
6.71102e-07
-2.27344e-08
6.37929e-07
-2.23174e-07
5.94047e-07
-4.22809e-07
5.39431e-07
-6.22863e-07
4.73966e-07
-8.25278e-07
3.97406e-07
-1.03286e-06
3.09339e-07
-1.24942e-06
2.0915e-07
-1.47994e-06
9.60078e-08
-1.73068e-06
-3.11201e-08
-2.00933e-06
-1.73377e-07
-2.32502e-06
-3.318e-07
-2.68821e-06
-5.06835e-07
-3.11038e-06
-6.97374e-07
-3.60312e-06
-8.98967e-07
-4.17622e-06
-1.10085e-06
-4.83311e-06
-1.28188e-06
-5.56148e-06
-1.40686e-06
-6.31568e-06
-1.42745e-06
-6.99002e-06
-1.29477e-06
-7.39093e-06
-9.90053e-07
-7.23556e-06
-5.68084e-07
-6.2277e-06
-1.76879e-07
-4.24766e-06
-1.52951e-06
-2.3272e-08
1.59251e-07
-8.11007e-08
4.25322e-07
-1.61899e-07
6.32977e-07
-2.55974e-07
7.85238e-07
-3.56019e-07
8.8972e-07
-4.56944e-07
9.55467e-07
-5.55473e-07
9.91364e-07
-6.49668e-07
1.00531e-06
-7.38505e-07
1.00389e-06
-8.21532e-07
9.92366e-07
-8.98617e-07
9.74826e-07
-9.69788e-07
9.54425e-07
-1.03512e-06
9.33611e-07
-1.09467e-06
9.14327e-07
-1.14846e-06
8.98176e-07
-1.19645e-06
8.86537e-07
-1.23853e-06
8.80643e-07
-1.27454e-06
8.8162e-07
-1.30423e-06
8.90505e-07
-1.32732e-06
9.08239e-07
-1.34347e-06
9.35648e-07
-1.35231e-06
9.73403e-07
-1.35343e-06
1.02199e-06
-1.34638e-06
1.08164e-06
-1.33072e-06
1.15232e-06
-1.306e-06
1.23365e-06
-1.27178e-06
1.32489e-06
-1.22767e-06
1.42487e-06
-1.17336e-06
1.53203e-06
-1.10863e-06
1.64435e-06
-1.03342e-06
1.7594e-06
-9.47849e-07
1.87441e-06
-8.52246e-07
1.98629e-06
-7.47203e-07
2.09178e-06
-6.33575e-07
2.18754e-06
-5.12488e-07
2.27031e-06
-3.85317e-07
2.33707e-06
-2.53656e-07
2.38517e-06
-1.1927e-07
2.41246e-06
1.59704e-08
2.41739e-06
1.5019e-07
2.39905e-06
2.81485e-07
2.35727e-06
4.08069e-07
2.29247e-06
5.28285e-07
2.20568e-06
6.40665e-07
2.09844e-06
7.43934e-07
1.9727e-06
8.37032e-07
1.83067e-06
9.19117e-07
1.67475e-06
9.89556e-07
1.50739e-06
1.0479e-06
1.33103e-06
1.09389e-06
1.14793e-06
1.12738e-06
9.60191e-07
1.14835e-06
7.69654e-07
1.15689e-06
5.77855e-07
1.15313e-06
3.85997e-07
1.13727e-06
1.94909e-07
1.1095e-06
5.03872e-09
1.07005e-06
-1.83733e-07
1.01914e-06
-3.71893e-07
9.56911e-07
-5.60635e-07
8.83457e-07
-7.51824e-07
7.98745e-07
-9.48149e-07
7.02582e-07
-1.15326e-06
5.94555e-07
-1.37191e-06
4.73999e-07
-1.61012e-06
3.39964e-07
-1.87529e-06
1.91243e-07
-2.1763e-06
2.64877e-08
-2.52346e-06
-1.55479e-07
-2.92841e-06
-3.54981e-07
-3.40362e-06
-5.70011e-07
-3.96119e-06
-7.93466e-07
-4.60966e-06
-1.0087e-06
-5.34625e-06
-1.1842e-06
-6.14017e-06
-1.27119e-06
-6.90303e-06
-1.21207e-06
-7.45005e-06
-9.69895e-07
-7.47773e-06
-5.79484e-07
-6.61811e-06
-1.86593e-07
-4.64055e-06
-1.7161e-06
-2.65176e-08
1.85768e-07
-9.16128e-08
4.90417e-07
-1.8135e-07
7.22715e-07
-2.8432e-07
8.88208e-07
-3.92199e-07
9.97599e-07
-4.9944e-07
1.06271e-06
-6.02669e-07
1.09459e-06
-7.00052e-07
1.10269e-06
-7.90746e-07
1.09459e-06
-8.74493e-07
1.07611e-06
-9.5133e-07
1.05166e-06
-1.02141e-06
1.02451e-06
-1.0849e-06
9.97102e-07
-1.14192e-06
9.71339e-07
-1.19248e-06
9.48743e-07
-1.23655e-06
9.30604e-07
-1.27397e-06
9.18065e-07
-1.30452e-06
9.12169e-07
-1.3279e-06
9.13879e-07
-1.34373e-06
9.24072e-07
-1.3516e-06
9.4352e-07
-1.35106e-06
9.72857e-07
-1.34161e-06
1.01254e-06
-1.32277e-06
1.0628e-06
-1.29406e-06
1.1236e-06
-1.25501e-06
1.1946e-06
-1.20522e-06
1.2751e-06
-1.14436e-06
1.36402e-06
-1.07221e-06
1.45987e-06
-9.88661e-07
1.5608e-06
-8.93813e-07
1.66455e-06
-7.87957e-07
1.76855e-06
-6.71623e-07
1.86996e-06
-5.45605e-07
1.96576e-06
-4.10965e-07
2.0529e-06
-2.69033e-07
2.12838e-06
-1.21383e-07
2.18942e-06
3.02086e-08
2.23358e-06
1.83815e-07
2.25885e-06
3.37418e-07
2.26378e-06
4.8897e-07
2.2475e-06
6.36485e-07
2.20976e-06
7.78074e-07
2.15088e-06
9.12e-07
2.07176e-06
1.03672e-06
1.97372e-06
1.15092e-06
1.8585e-06
1.25351e-06
1.72808e-06
1.34361e-06
1.58464e-06
1.4206e-06
1.43041e-06
1.48403e-06
1.26759e-06
1.53365e-06
1.09831e-06
1.56936e-06
9.24479e-07
1.5912e-06
7.47823e-07
1.59928e-06
5.69771e-07
1.59383e-06
3.91444e-07
1.57513e-06
2.13613e-07
1.54351e-06
3.66613e-08
1.49928e-06
-1.39503e-07
1.4428e-06
-3.15419e-07
1.37439e-06
-4.92228e-07
1.2943e-06
-6.71732e-07
1.20266e-06
-8.56512e-07
1.09946e-06
-1.05005e-06
9.84431e-07
-1.25688e-06
8.57046e-07
-1.48274e-06
7.16429e-07
-1.73468e-06
5.61344e-07
-2.02121e-06
3.90237e-07
-2.35235e-06
2.01398e-07
-2.73957e-06
-6.57167e-09
-3.19565e-06
-2.33655e-07
-3.7341e-06
-4.76061e-07
-4.36725e-06
-7.21755e-07
-5.10055e-06
-9.43958e-07
-5.91797e-06
-1.09546e-06
-6.75153e-06
-1.11218e-06
-7.43333e-06
-9.39321e-07
-7.65059e-06
-5.88197e-07
-6.96923e-06
-1.96792e-07
-5.03195e-06
-1.91289e-06
-3.04982e-08
2.16267e-07
-1.04288e-07
5.64207e-07
-2.04367e-07
8.22794e-07
-3.1718e-07
1.00102e-06
-4.33245e-07
1.11366e-06
-5.4659e-07
1.17605e-06
-6.53853e-07
1.20186e-06
-7.53425e-07
1.20227e-06
-8.44759e-07
1.18592e-06
-9.27879e-07
1.15923e-06
-1.00306e-06
1.12684e-06
-1.07064e-06
1.09209e-06
-1.1309e-06
1.05737e-06
-1.18405e-06
1.02449e-06
-1.23016e-06
9.94854e-07
-1.2692e-06
9.69635e-07
-1.30099e-06
9.49858e-07
-1.32528e-06
9.36462e-07
-1.34172e-06
9.30317e-07
-1.34987e-06
9.32226e-07
-1.34925e-06
9.42901e-07
-1.33933e-06
9.62937e-07
-1.31957e-06
9.92771e-07
-1.28941e-06
1.03264e-06
-1.24833e-06
1.08253e-06
-1.19588e-06
1.14215e-06
-1.13165e-06
1.21087e-06
-1.05536e-06
1.28773e-06
-9.66861e-07
1.37137e-06
-8.66167e-07
1.46011e-06
-7.53493e-07
1.55188e-06
-6.29283e-07
1.64434e-06
-4.94231e-07
1.73491e-06
-3.49299e-07
1.82083e-06
-1.9572e-07
1.89932e-06
-3.4985e-08
1.96765e-06
1.31178e-07
2.02326e-06
3.00849e-07
2.06391e-06
4.71971e-07
2.08773e-06
6.42411e-07
2.09334e-06
8.10024e-07
2.07989e-06
9.72726e-07
2.04706e-06
1.12854e-06
1.99507e-06
1.27567e-06
1.92463e-06
1.41251e-06
1.83688e-06
1.53768e-06
1.73333e-06
1.65005e-06
1.61572e-06
1.74872e-06
1.48597e-06
1.83303e-06
1.34609e-06
1.90254e-06
1.19808e-06
1.957e-06
1.04385e-06
1.99632e-06
8.85161e-07
2.02056e-06
7.23583e-07
2.0299e-06
5.6043e-07
2.02462e-06
3.96725e-07
2.00507e-06
2.33163e-07
1.97166e-06
7.00691e-08
1.92482e-06
-9.26632e-08
1.86501e-06
-2.55609e-07
1.79265e-06
-4.19869e-07
1.7081e-06
-5.87186e-07
1.61162e-06
-7.60029e-07
1.50328e-06
-9.4171e-07
1.38292e-06
-1.13652e-06
1.25007e-06
-1.34989e-06
1.10387e-06
-1.58848e-06
9.43042e-07
-1.86038e-06
7.65842e-07
-2.17515e-06
5.70163e-07
-2.54389e-06
3.53793e-07
-2.97928e-06
1.15164e-07
-3.49547e-06
-1.44764e-07
-4.10732e-06
-4.18421e-07
-4.82689e-06
-6.8445e-07
-5.65194e-06
-8.99119e-07
-6.53686e-06
-9.94267e-07
-7.33818e-06
-8.9807e-07
-7.74679e-06
-5.9491e-07
-7.27239e-06
-2.08318e-07
-5.41855e-06
-2.12121e-06
-3.55369e-08
2.51803e-07
-1.19981e-07
6.48651e-07
-2.32195e-07
9.35008e-07
-3.55914e-07
1.12474e-06
-4.80362e-07
1.23811e-06
-5.99239e-07
1.29493e-06
-7.09382e-07
1.312e-06
-8.09589e-07
1.30247e-06
-8.99759e-07
1.27609e-06
-9.80311e-07
1.23978e-06
-1.05184e-06
1.19837e-06
-1.11492e-06
1.15517e-06
-1.17003e-06
1.11247e-06
-1.21748e-06
1.07194e-06
-1.25743e-06
1.03481e-06
-1.28989e-06
1.0021e-06
-1.31473e-06
9.7469e-07
-1.33166e-06
9.53397e-07
-1.34032e-06
9.38977e-07
-1.34023e-06
9.3214e-07
-1.33086e-06
9.3353e-07
-1.31162e-06
9.43696e-07
-1.28191e-06
9.63054e-07
-1.24111e-06
9.91847e-07
-1.18868e-06
1.0301e-06
-1.12412e-06
1.07759e-06
-1.04703e-06
1.13378e-06
-9.57137e-07
1.19784e-06
-8.54343e-07
1.26858e-06
-7.38731e-07
1.34449e-06
-6.10608e-07
1.42376e-06
-4.70525e-07
1.50426e-06
-3.193e-07
1.58368e-06
-1.58018e-07
1.65955e-06
1.1963e-08
1.72934e-06
1.89026e-07
1.79058e-06
3.71337e-07
1.84095e-06
5.56875e-07
1.87837e-06
7.4349e-07
1.90111e-06
9.28968e-07
1.90786e-06
1.11109e-06
1.89777e-06
1.2877e-06
1.87044e-06
1.45677e-06
1.826e-06
1.61642e-06
1.76497e-06
1.76501e-06
1.6883e-06
1.90109e-06
1.59724e-06
2.0235e-06
1.49331e-06
2.13129e-06
1.37818e-06
2.22378e-06
1.2536e-06
2.30051e-06
1.12136e-06
2.3612e-06
9.83155e-07
2.40579e-06
8.40574e-07
2.43435e-06
6.95023e-07
2.4471e-06
5.47684e-07
2.44435e-06
3.99473e-07
2.42651e-06
2.50998e-07
2.39406e-06
1.02524e-07
2.34747e-06
-4.60721e-08
2.28729e-06
-1.9543e-07
2.21399e-06
-3.46567e-07
2.12797e-06
-5.01173e-07
2.02954e-06
-6.61595e-07
1.91879e-06
-8.30959e-07
1.79556e-06
-1.0133e-06
1.65936e-06
-1.21369e-06
1.50927e-06
-1.43839e-06
1.34387e-06
-1.69499e-06
1.16123e-06
-1.99251e-06
9.58872e-07
-2.34153e-06
7.33933e-07
-2.75434e-06
4.83621e-07
-3.24516e-06
2.06558e-07
-3.83026e-06
-9.37745e-08
-4.52656e-06
-4.01871e-07
-5.34385e-06
-6.79124e-07
-6.25961e-06
-8.55975e-07
-7.16133e-06
-8.44955e-07
-7.75781e-06
-6.00178e-07
-7.51717e-06
-2.22433e-07
-5.79629e-06
-2.34364e-06
-4.21539e-08
2.93957e-07
-1.39988e-07
7.46486e-07
-2.66623e-07
1.06164e-06
-4.02343e-07
1.26046e-06
-5.35008e-07
1.37078e-06
-6.58216e-07
1.41814e-06
-7.69299e-07
1.42308e-06
-8.6773e-07
1.4009e-06
-9.54047e-07
1.36241e-06
-1.0292e-06
1.31494e-06
-1.09421e-06
1.26338e-06
-1.14996e-06
1.21092e-06
-1.19715e-06
1.15967e-06
-1.23629e-06
1.11107e-06
-1.26764e-06
1.06616e-06
-1.29132e-06
1.02577e-06
-1.30724e-06
9.9061e-07
-1.31517e-06
9.61326e-07
-1.31474e-06
9.38548e-07
-1.30548e-06
9.22876e-07
-1.28681e-06
9.14867e-07
-1.25813e-06
9.1501e-07
-1.21876e-06
9.23691e-07
-1.16808e-06
9.41157e-07
-1.10545e-06
9.67472e-07
-1.03034e-06
1.00248e-06
-9.42316e-07
1.04576e-06
-8.41097e-07
1.09662e-06
-7.26572e-07
1.15405e-06
-5.98847e-07
1.21677e-06
-4.58263e-07
1.28317e-06
-3.05424e-07
1.35142e-06
-1.41206e-07
1.41946e-06
3.32336e-08
1.48511e-06
2.16464e-07
1.54611e-06
4.06808e-07
1.60024e-06
6.02364e-07
1.6454e-06
8.01052e-07
1.67968e-06
1.00067e-06
1.70149e-06
1.19897e-06
1.70957e-06
1.39367e-06
1.70307e-06
1.58258e-06
1.68153e-06
1.76362e-06
1.64496e-06
1.93487e-06
1.59371e-06
2.09465e-06
1.52853e-06
2.24146e-06
1.45043e-06
2.37408e-06
1.36068e-06
2.49155e-06
1.26071e-06
2.59313e-06
1.15202e-06
2.67834e-06
1.03615e-06
2.74689e-06
9.14603e-07
2.79871e-06
7.88761e-07
2.83386e-06
6.59866e-07
2.85259e-06
5.28959e-07
2.85522e-06
3.96837e-07
2.8422e-06
2.64018e-07
2.81404e-06
1.30692e-07
2.77115e-06
-3.18759e-09
2.71422e-06
-1.38496e-07
2.64363e-06
-2.75977e-07
2.55979e-06
-4.17336e-07
2.46295e-06
-5.64759e-07
2.35316e-06
-7.21162e-07
2.23015e-06
-8.90291e-07
2.09331e-06
-1.07685e-06
1.94156e-06
-1.28664e-06
1.77326e-06
-1.52669e-06
1.5862e-06
-1.80544e-06
1.37751e-06
-2.13284e-06
1.14374e-06
-2.52058e-06
8.81131e-07
-2.98255e-06
5.86425e-07
-3.53555e-06
2.59521e-07
-4.19966e-06
-8.99142e-08
-4.99441e-06
-4.30129e-07
-5.9194e-06
-6.92898e-07
-6.89856e-06
-7.77316e-07
-7.67339e-06
-6.04104e-07
-7.69038e-06
-2.40921e-07
-6.15947e-06
-2.58456e-06
-5.122e-08
3.45177e-07
-1.66327e-07
8.61593e-07
-3.10229e-07
1.20554e-06
-4.58865e-07
1.4091e-06
-5.98822e-07
1.51073e-06
-7.24064e-07
1.54338e-06
-8.32886e-07
1.5319e-06
-9.258e-07
1.49382e-06
-1.00424e-06
1.44085e-06
-1.06985e-06
1.38056e-06
-1.12418e-06
1.31771e-06
-1.16851e-06
1.25524e-06
-1.20383e-06
1.19499e-06
-1.23088e-06
1.13812e-06
-1.25011e-06
1.0854e-06
-1.26176e-06
1.03742e-06
-1.26586e-06
9.94708e-07
-1.26225e-06
9.57719e-07
-1.25063e-06
9.26925e-07
-1.23054e-06
9.02791e-07
-1.20144e-06
8.85765e-07
-1.16269e-06
8.76257e-07
-1.1136e-06
8.74605e-07
-1.05349e-06
8.81046e-07
-9.81685e-07
8.95667e-07
-8.97584e-07
9.18377e-07
-8.00693e-07
9.48868e-07
-6.90665e-07
9.86589e-07
-5.67335e-07
1.03073e-06
-4.30763e-07
1.0802e-06
-2.81256e-07
1.13366e-06
-1.1939e-07
1.18956e-06
5.39706e-08
1.2461e-06
2.37677e-07
1.3014e-06
4.30305e-07
1.35348e-06
6.30174e-07
1.40037e-06
8.35379e-07
1.44019e-06
1.04384e-06
1.47122e-06
1.25336e-06
1.49197e-06
1.46166e-06
1.50127e-06
1.66648e-06
1.49825e-06
1.86561e-06
1.48241e-06
2.05693e-06
1.45363e-06
2.23852e-06
1.41212e-06
2.40864e-06
1.35841e-06
2.56577e-06
1.2933e-06
2.70865e-06
1.2178e-06
2.83626e-06
1.13309e-06
2.94785e-06
1.04043e-06
3.04288e-06
9.41123e-07
3.12105e-06
8.36439e-07
3.18223e-06
7.27573e-07
3.22651e-06
6.1559e-07
3.25408e-06
5.01385e-07
3.26528e-06
3.85638e-07
3.26052e-06
2.68781e-07
3.24025e-06
1.50961e-07
3.20506e-06
3.20058e-08
3.15527e-06
-8.87041e-08
3.09138e-06
-2.1209e-07
3.01368e-06
-3.39637e-07
2.9223e-06
-4.73376e-07
2.81712e-06
-6.15982e-07
2.69771e-06
-7.7088e-07
2.56322e-06
-9.42363e-07
2.41231e-06
-1.13573e-06
2.24304e-06
-1.35742e-06
2.0528e-06
-1.6152e-06
1.83825e-06
-1.91829e-06
1.59538e-06
-2.2777e-06
1.31954e-06
-2.70672e-06
1.006e-06
-3.22201e-06
6.51604e-07
-3.84527e-06
2.60341e-07
-4.60315e-06
-1.43864e-07
-5.51519e-06
-4.97847e-07
-6.54458e-06
-6.90147e-07
-7.48109e-06
-6.05658e-07
-7.77487e-06
-2.66057e-07
-6.49907e-06
-2.85062e-06
-6.42486e-08
4.09426e-07
-2.02189e-07
9.99534e-07
-3.66718e-07
1.37007e-06
-5.28476e-07
1.57085e-06
-6.73302e-07
1.65556e-06
-7.96376e-07
1.66645e-06
-8.9768e-07
1.63321e-06
-9.7926e-07
1.5754e-06
-1.04375e-06
1.50534e-06
-1.09371e-06
1.43051e-06
-1.13131e-06
1.35531e-06
-1.15832e-06
1.28226e-06
-1.1761e-06
1.21278e-06
-1.18567e-06
1.14769e-06
-1.18772e-06
1.08744e-06
-1.18267e-06
1.03237e-06
-1.17069e-06
9.82734e-07
-1.15177e-06
9.38798e-07
-1.12569e-06
9.00843e-07
-1.09207e-06
8.69173e-07
-1.05041e-06
8.44104e-07
-1.00009e-06
8.2594e-07
-9.40437e-07
8.14949e-07
-8.7072e-07
8.11329e-07
-7.90226e-07
8.15173e-07
-6.98284e-07
8.26435e-07
-5.94312e-07
8.44896e-07
-4.77864e-07
8.7014e-07
-3.48668e-07
9.01529e-07
-2.06669e-07
9.38197e-07
-5.20593e-08
9.79055e-07
1.14693e-07
1.0228e-06
2.92835e-07
1.06796e-06
4.8132e-07
1.11292e-06
6.78819e-07
1.15598e-06
8.83738e-07
1.19545e-06
1.09426e-06
1.22967e-06
1.30837e-06
1.25711e-06
1.52392e-06
1.27641e-06
1.73872e-06
1.28648e-06
1.95051e-06
1.28645e-06
2.15712e-06
1.27581e-06
2.35644e-06
1.2543e-06
2.54656e-06
1.22201e-06
2.7257e-06
1.17927e-06
2.89233e-06
1.12667e-06
3.04515e-06
1.06498e-06
3.18311e-06
9.95136e-07
3.30538e-06
9.18159e-07
3.41139e-06
8.35112e-07
3.50078e-06
7.47049e-07
3.57339e-06
6.54967e-07
3.62922e-06
5.59757e-07
3.66844e-06
4.6217e-07
3.6913e-06
3.62774e-07
3.69816e-06
2.61921e-07
3.68941e-06
1.59709e-07
3.66547e-06
5.59478e-08
3.62666e-06
-4.98948e-08
3.57328e-06
-1.5871e-07
3.50547e-06
-2.71826e-07
3.42317e-06
-3.9107e-07
3.32603e-06
-5.18844e-07
3.21336e-06
-6.58215e-07
3.08403e-06
-8.13027e-07
2.93632e-06
-9.88025e-07
2.7679e-06
-1.189e-06
2.57568e-06
-1.42298e-06
2.35578e-06
-1.69838e-06
2.10349e-06
-2.02541e-06
1.81336e-06
-2.41659e-06
1.47935e-06
-2.888e-06
1.09585e-06
-3.46176e-06
6.61562e-07
-4.16886e-06
1.91472e-07
-5.0451e-06
-2.5983e-07
-6.09328e-06
-5.74674e-07
-7.16625e-06
-6.01428e-07
-7.74812e-06
-3.0021e-07
-6.80029e-06
-3.15083e-06
-8.39589e-08
4.93385e-07
-2.52673e-07
1.16825e-06
-4.41248e-07
1.55865e-06
-6.14448e-07
1.74405e-06
-7.58785e-07
1.7999e-06
-8.72154e-07
1.77982e-06
-9.5729e-07
1.71834e-06
-1.01842e-06
1.63653e-06
-1.05978e-06
1.54669e-06
-1.085e-06
1.45574e-06
-1.09709e-06
1.36739e-06
-1.09835e-06
1.28352e-06
-1.0906e-06
1.20503e-06
-1.07518e-06
1.13226e-06
-1.05303e-06
1.06529e-06
-1.0248e-06
1.00414e-06
-9.9086e-07
9.48794e-07
-9.51327e-07
8.99265e-07
-9.06111e-07
8.55627e-07
-8.54937e-07
8.17999e-07
-7.9737e-07
7.86536e-07
-7.32845e-07
7.61415e-07
-6.60696e-07
7.42801e-07
-5.80196e-07
7.30829e-07
-4.90588e-07
7.25565e-07
-3.91133e-07
7.26979e-07
-2.81152e-07
7.34915e-07
-1.60074e-07
7.49062e-07
-2.74786e-08
7.68934e-07
1.16855e-07
7.93863e-07
2.72923e-07
8.22988e-07
4.40453e-07
8.55272e-07
6.18895e-07
8.89519e-07
8.07406e-07
9.24408e-07
1.00485e-06
9.58535e-07
1.20984e-06
9.90465e-07
1.42072e-06
1.01879e-06
1.63566e-06
1.04217e-06
1.85266e-06
1.05942e-06
2.06963e-06
1.06951e-06
2.28444e-06
1.07164e-06
2.49498e-06
1.06526e-06
2.69922e-06
1.05006e-06
2.89525e-06
1.02598e-06
3.08132e-06
9.93204e-07
3.25588e-06
9.52111e-07
3.41759e-06
9.03269e-07
3.56534e-06
8.47378e-07
3.69827e-06
7.85229e-07
3.81572e-06
7.17663e-07
3.91725e-06
6.45523e-07
4.0026e-06
5.69615e-07
4.07169e-06
4.90665e-07
4.12457e-06
4.09287e-07
4.1614e-06
3.25944e-07
4.18241e-06
2.40918e-07
4.18784e-06
1.54274e-07
4.17796e-06
6.58315e-08
4.15294e-06
-2.4881e-08
4.11289e-06
-1.18657e-07
4.05772e-06
-2.16657e-07
3.98713e-06
-3.2048e-07
3.90051e-06
-4.32221e-07
3.79685e-06
-5.54555e-07
3.67465e-06
-6.90832e-07
3.53183e-06
-8.45198e-07
3.36555e-06
-1.02273e-06
3.17221e-06
-1.22964e-06
2.94728e-06
-1.47345e-06
2.68529e-06
-1.76343e-06
2.37989e-06
-2.11118e-06
2.02382e-06
-2.53194e-06
1.60936e-06
-3.04729e-06
1.13056e-06
-3.69007e-06
5.93052e-07
-4.50759e-06
3.95565e-08
-5.53978e-06
-4.16096e-07
-6.7106e-06
-5.8344e-07
-7.58077e-06
-3.44628e-07
-7.0391e-06
-3.49546e-06
-1.15366e-07
6.08751e-07
-3.2586e-07
1.37874e-06
-5.40379e-07
1.77317e-06
-7.18802e-07
1.92248e-06
-8.51551e-07
1.93265e-06
-9.41745e-07
1.87002e-06
-9.96367e-07
1.77297e-06
-1.02266e-06
1.66282e-06
-1.02688e-06
1.55091e-06
-1.01403e-06
1.44289e-06
-9.88019e-07
1.34137e-06
-9.5181e-07
1.24732e-06
-9.07657e-07
1.16088e-06
-8.57235e-07
1.08184e-06
-8.0176e-07
1.00982e-06
-7.4207e-07
9.44454e-07
-6.78686e-07
8.8541e-07
-6.11858e-07
8.32436e-07
-5.41598e-07
7.85368e-07
-4.67717e-07
7.44117e-07
-3.89843e-07
7.08662e-07
-3.07455e-07
6.79027e-07
-2.19911e-07
6.55257e-07
-1.26477e-07
6.37394e-07
-2.63632e-08
6.25452e-07
8.1231e-08
6.19385e-07
1.97085e-07
6.19062e-07
3.21903e-07
6.24243e-07
4.56275e-07
6.34563e-07
6.00627e-07
6.49511e-07
7.55184e-07
6.68432e-07
9.19933e-07
6.90523e-07
1.0946e-06
7.14851e-07
1.27863e-06
7.40375e-07
1.4712e-06
7.65972e-07
1.67118e-06
7.90479e-07
1.87723e-06
8.12737e-07
2.08777e-06
8.31631e-07
2.30105e-06
8.46139e-07
2.51519e-06
8.55368e-07
2.72824e-06
8.58589e-07
2.93825e-06
8.55256e-07
3.14329e-06
8.45025e-07
3.34152e-06
8.27751e-07
3.53124e-06
8.03485e-07
3.7109e-06
7.72452e-07
3.87914e-06
7.3503e-07
4.0348e-06
6.91718e-07
4.17693e-06
6.43099e-07
4.30478e-06
5.89811e-07
4.4178e-06
5.32504e-07
4.51561e-06
4.71807e-07
4.59798e-06
4.08294e-07
4.66482e-06
3.42452e-07
4.71611e-06
2.74649e-07
4.75192e-06
2.05108e-07
4.77232e-06
1.33874e-07
4.77736e-06
6.07892e-08
4.76703e-06
-1.4549e-08
4.74119e-06
-9.28176e-08
4.69952e-06
-1.74989e-07
4.64145e-06
-2.6241e-07
4.56608e-06
-3.56848e-07
4.47208e-06
-4.60551e-07
4.35759e-06
-5.76341e-07
4.2201e-06
-7.07713e-07
4.05634e-06
-8.58972e-07
3.86212e-06
-1.03541e-06
3.63224e-06
-1.24357e-06
3.36043e-06
-1.49162e-06
3.03929e-06
-1.79004e-06
2.66029e-06
-2.15295e-06
2.21377e-06
-2.60077e-06
1.6897e-06
-3.16599e-06
1.08389e-06
-3.90179e-06
4.21883e-07
-4.87777e-06
-1.9012e-07
-6.09859e-06
-5.34869e-07
-7.23603e-06
-3.96608e-07
-7.17736e-06
-3.89207e-06
-1.67816e-07
7.76566e-07
-4.33929e-07
1.64485e-06
-6.70048e-07
2.00929e-06
-8.36956e-07
2.08938e-06
-9.35696e-07
2.03139e-06
-9.7855e-07
1.91287e-06
-9.78756e-07
1.77317e-06
-9.47553e-07
1.63162e-06
-8.93684e-07
1.49704e-06
-8.23693e-07
1.3729e-06
-7.42414e-07
1.26009e-06
-6.534e-07
1.1583e-06
-5.59246e-07
1.06672e-06
-4.61832e-07
9.84421e-07
-3.62484e-07
9.10472e-07
-2.62097e-07
8.44067e-07
-1.61217e-07
7.84529e-07
-6.01004e-08
7.3132e-07
4.12391e-08
6.84028e-07
1.42999e-07
6.42357e-07
2.45557e-07
6.06104e-07
3.49447e-07
5.75137e-07
4.55332e-07
5.49371e-07
5.63979e-07
5.28748e-07
6.76224e-07
5.13207e-07
7.92945e-07
5.02664e-07
9.15019e-07
4.96987e-07
1.04329e-06
4.95976e-07
1.1785e-06
4.99345e-07
1.32131e-06
5.06708e-07
1.47217e-06
5.17572e-07
1.63135e-06
5.31339e-07
1.7989e-06
5.47305e-07
1.97459e-06
5.64683e-07
2.15795e-06
5.82615e-07
2.34822e-06
6.00204e-07
2.54441e-06
6.16543e-07
2.7453e-06
6.30748e-07
2.94944e-06
6.41992e-07
3.15528e-06
6.49537e-07
3.36111e-06
6.5276e-07
3.56519e-06
6.51172e-07
3.76578e-06
6.44436e-07
3.96116e-06
6.32368e-07
4.14971e-06
6.14936e-07
4.32991e-06
5.92248e-07
4.50041e-06
5.64536e-07
4.65999e-06
5.32136e-07
4.80763e-06
4.95459e-07
4.94247e-06
4.54968e-07
5.06384e-06
4.11142e-07
5.17119e-06
3.64456e-07
5.26414e-06
3.15346e-07
5.3424e-06
2.64185e-07
5.40579e-06
2.1126e-07
5.45416e-06
1.56739e-07
5.48738e-06
1.00656e-07
5.50529e-06
4.28829e-08
5.50765e-06
-1.69107e-08
5.4941e-06
-7.92743e-08
5.46409e-06
-1.44976e-07
5.41679e-06
-2.15107e-07
5.35103e-06
-2.91085e-07
5.26519e-06
-3.74715e-07
5.15711e-06
-4.68258e-07
5.02392e-06
-5.74522e-07
4.86193e-06
-6.96981e-07
4.66645e-06
-8.3994e-07
4.43167e-06
-1.00879e-06
4.1505e-06
-1.21044e-06
3.81445e-06
-1.454e-06
3.41358e-06
-1.75208e-06
2.93624e-06
-2.12343e-06
2.36877e-06
-2.59852e-06
1.69789e-06
-3.23091e-06
9.2924e-07
-4.10912e-06
1.4497e-07
-5.31432e-06
-4.22592e-07
-6.66846e-06
-4.44075e-07
-7.15588e-06
-4.33614e-06
-2.58222e-07
1.03479e-06
-5.91857e-07
1.97849e-06
-8.25491e-07
2.24292e-06
-9.4008e-07
2.20397e-06
-9.60145e-07
2.05145e-06
-9.12771e-07
1.8655e-06
-8.19709e-07
1.68011e-06
-6.96957e-07
1.50887e-06
-5.55785e-07
1.35587e-06
-4.03958e-07
1.22108e-06
-2.46794e-07
1.10293e-06
-8.79221e-08
9.99428e-07
7.02041e-08
9.08599e-07
2.25957e-07
8.28668e-07
3.78305e-07
7.58124e-07
5.26656e-07
6.95717e-07
6.70749e-07
6.40436e-07
8.10587e-07
5.91482e-07
9.46384e-07
5.48231e-07
1.07853e-06
5.10211e-07
1.20757e-06
4.77067e-07
1.33417e-06
4.48537e-07
1.45911e-06
4.24428e-07
1.58327e-06
4.04591e-07
1.70758e-06
3.88898e-07
1.83301e-06
3.77226e-07
1.96057e-06
3.69429e-07
2.09122e-06
3.65328e-07
2.22587e-06
3.64691e-07
2.36536e-06
3.67226e-07
2.51036e-06
3.72571e-07
2.66141e-06
3.80291e-07
2.81883e-06
3.89881e-07
2.98274e-06
4.00774e-07
3.153e-06
4.12353e-07
3.32924e-06
4.23967e-07
3.51083e-06
4.34954e-07
3.69691e-06
4.4466e-07
3.88644e-06
4.52468e-07
4.07816e-06
4.57816e-07
4.2707e-06
4.60219e-07
4.46259e-06
4.59287e-07
4.65229e-06
4.54733e-07
4.83827e-06
4.46383e-07
5.01904e-06
4.34171e-07
5.19315e-06
4.18139e-07
5.35926e-06
3.98423e-07
5.51616e-06
3.75238e-07
5.66276e-06
3.48863e-07
5.7981e-06
3.19618e-07
5.9214e-06
2.87844e-07
6.03198e-06
2.53879e-07
6.12928e-06
2.18043e-07
6.21286e-06
1.80605e-07
6.28234e-06
1.41779e-07
6.3374e-06
1.01683e-07
6.3777e-06
6.03506e-08
6.40289e-06
1.76952e-08
6.41258e-06
-2.66008e-08
6.4062e-06
-7.28885e-08
6.38298e-06
-1.21764e-07
6.34193e-06
-1.74058e-07
6.28168e-06
-2.30834e-07
6.20041e-06
-2.93446e-07
6.09574e-06
-3.63587e-07
5.96458e-06
-4.43357e-07
5.80296e-06
-5.35359e-07
5.60586e-06
-6.42844e-07
5.36701e-06
-7.69947e-07
5.07865e-06
-9.2208e-07
4.73128e-06
-1.10663e-06
4.31344e-06
-1.33423e-06
3.81125e-06
-1.62124e-06
3.20756e-06
-1.99483e-06
2.48103e-06
-2.50438e-06
1.61517e-06
-3.24326e-06
6.52073e-07
-4.35123e-06
-1.84127e-07
-5.83226e-06
-4.58463e-07
-6.88155e-06
-4.7946e-06
-4.13518e-07
1.44831e-06
-7.99282e-07
2.36425e-06
-9.4932e-07
2.39296e-06
-9.18043e-07
2.1727e-06
-7.74808e-07
1.90822e-06
-5.6701e-07
1.6577e-06
-3.24861e-07
1.43796e-06
-6.75258e-08
1.25153e-06
1.93251e-07
1.09509e-06
4.50471e-07
9.63856e-07
7.00086e-07
8.53313e-07
9.39857e-07
7.59658e-07
1.16867e-06
6.7979e-07
1.3861e-06
6.11231e-07
1.59221e-06
5.52017e-07
1.78732e-06
5.00605e-07
1.97196e-06
4.55792e-07
2.14681e-06
4.16641e-07
2.31261e-06
3.82429e-07
2.47022e-06
3.52601e-07
2.62055e-06
3.26737e-07
2.76457e-06
3.04516e-07
2.9033e-06
2.85692e-07
3.03782e-06
2.70075e-07
3.16921e-06
2.57505e-07
3.2986e-06
2.47839e-07
3.42709e-06
2.40937e-07
3.55578e-06
2.3664e-07
3.6857e-06
2.34769e-07
3.81782e-06
2.35109e-07
3.95298e-06
2.37407e-07
4.09191e-06
2.41367e-07
4.23514e-06
2.4665e-07
4.38303e-06
2.52882e-07
4.53573e-06
2.59655e-07
4.69316e-06
2.6654e-07
4.85501e-06
2.73102e-07
5.02076e-06
2.78908e-07
5.18968e-06
2.83549e-07
5.36085e-06
2.86647e-07
5.53319e-06
2.87876e-07
5.70551e-06
2.86968e-07
5.87652e-06
2.83723e-07
6.04489e-06
2.78013e-07
6.20927e-06
2.69786e-07
6.36836e-06
2.59058e-07
6.52086e-06
2.45913e-07
6.66562e-06
2.30486e-07
6.80152e-06
2.1296e-07
6.92759e-06
1.93545e-07
7.04297e-06
1.7247e-07
7.14689e-06
1.49961e-07
7.2387e-06
1.26232e-07
7.31784e-06
1.01465e-07
7.38382e-06
7.57961e-08
7.4362e-06
4.92999e-08
7.47453e-06
2.20191e-08
7.49829e-06
-6.06363e-09
7.50707e-06
-3.53787e-08
7.50012e-06
-6.59369e-08
7.47661e-06
-9.82584e-08
7.43545e-06
-1.32897e-07
7.3752e-06
-1.70578e-07
7.29397e-06
-2.12215e-07
7.18933e-06
-2.58947e-07
7.05815e-06
-3.12178e-07
6.89643e-06
-3.73644e-07
6.69911e-06
-4.45526e-07
6.45979e-06
-5.30626e-07
6.17041e-06
-6.32697e-07
5.82081e-06
-7.57031e-07
5.39819e-06
-9.1161e-07
4.88624e-06
-1.10929e-06
4.26382e-06
-1.37241e-06
3.50208e-06
-1.74263e-06
2.56367e-06
-2.30485e-06
1.43768e-06
-3.22524e-06
2.91168e-07
-4.68576e-06
-3.66656e-07
-6.22372e-06
-5.16126e-06
-6.58485e-07
2.10679e-06
-9.30908e-07
2.63668e-06
-7.68091e-07
2.23014e-06
-4.05725e-07
1.81033e-06
2.87029e-08
1.47379e-06
4.79528e-07
1.20688e-06
9.20267e-07
9.97222e-07
1.3383e-06
8.33496e-07
1.7285e-06
7.049e-07
2.08972e-06
6.02635e-07
2.42279e-06
5.20242e-07
2.7294e-06
4.53048e-07
3.01157e-06
3.97619e-07
3.2714e-06
3.51404e-07
3.51092e-06
3.12497e-07
3.73205e-06
2.79472e-07
3.93659e-06
2.51254e-07
4.1262e-06
2.2703e-07
4.30244e-06
2.06185e-07
4.46679e-06
1.88255e-07
4.62064e-06
1.72887e-07
4.76534e-06
1.59813e-07
4.90221e-06
1.48827e-07
5.03251e-06
1.39769e-07
5.15751e-06
1.32508e-07
5.27842e-06
1.26928e-07
5.39643e-06
1.22923e-07
5.51269e-06
1.20382e-07
5.62827e-06
1.19186e-07
5.74418e-06
1.19202e-07
5.86131e-06
1.20278e-07
5.98044e-06
1.22241e-07
6.10219e-06
1.249e-07
6.22703e-06
1.28044e-07
6.35523e-06
1.3145e-07
6.48689e-06
1.34883e-07
6.62188e-06
1.38106e-07
6.75991e-06
1.40885e-07
6.90045e-06
1.43002e-07
7.04285e-06
1.44255e-07
7.18625e-06
1.4447e-07
7.32971e-06
1.43509e-07
7.47216e-06
1.41269e-07
7.61249e-06
1.37688e-07
7.74953e-06
1.32745e-07
7.88213e-06
1.2646e-07
8.00915e-06
1.18885e-07
8.12953e-06
1.10108e-07
8.24226e-06
1.00235e-07
8.34641e-06
8.93934e-08
8.44117e-06
7.77136e-08
8.5258e-06
6.53289e-08
8.59967e-06
5.23617e-08
8.66221e-06
3.89271e-08
8.71292e-06
2.50798e-08
8.75144e-06
1.07782e-08
8.7772e-06
-3.73836e-09
8.78991e-06
-1.8773e-08
8.78886e-06
-3.43316e-08
8.77351e-06
-5.0582e-08
8.74303e-06
-6.77748e-08
8.69637e-06
-8.62375e-08
8.63217e-06
-1.06382e-07
8.54868e-06
-1.28721e-07
8.44361e-06
-1.53882e-07
8.31407e-06
-1.82633e-07
8.15634e-06
-2.15917e-07
7.96573e-06
-2.54914e-07
7.73625e-06
-3.0115e-07
7.46026e-06
-3.56707e-07
7.12783e-06
-4.24597e-07
6.72578e-06
-5.09566e-07
6.23613e-06
-6.19638e-07
5.63344e-06
-7.69724e-07
4.88019e-06
-9.89381e-07
3.91893e-06
-1.34358e-06
2.67804e-06
-1.98435e-06
1.21558e-06
-3.22329e-06
5.26196e-08
-5.06077e-06
-5.10864e-06
-7.20453e-07
2.82724e-06
-1.79611e-07
2.09583e-06
7.4561e-07
1.30492e-06
1.62327e-06
9.32669e-07
2.39743e-06
6.99624e-07
3.07351e-06
5.30795e-07
3.66124e-06
4.09498e-07
4.17164e-06
3.23092e-07
4.61617e-06
2.60368e-07
5.00519e-06
2.13622e-07
5.34743e-06
1.78001e-07
5.65013e-06
1.5035e-07
5.91923e-06
1.28516e-07
6.15964e-06
1.10997e-07
6.37539e-06
9.67394e-08
6.56987e-06
8.49926e-08
6.74591e-06
7.52188e-08
6.90591e-06
6.70277e-08
7.05196e-06
6.0134e-08
7.18589e-06
5.43277e-08
7.30932e-06
4.94536e-08
7.42374e-06
4.53959e-08
7.5305e-06
4.20668e-08
7.63087e-06
3.93981e-08
7.72605e-06
3.73343e-08
7.81715e-06
3.58278e-08
7.90523e-06
3.4834e-08
7.99131e-06
3.43084e-08
8.07629e-06
3.42039e-08
8.16102e-06
3.44692e-08
8.24625e-06
3.50474e-08
8.33262e-06
3.58753e-08
8.42063e-06
3.68845e-08
8.51068e-06
3.8001e-08
8.60298e-06
3.91476e-08
8.69762e-06
4.02449e-08
8.79451e-06
4.12145e-08
8.89341e-06
4.19807e-08
8.99394e-06
4.24736e-08
9.09557e-06
4.26317e-08
9.19763e-06
4.2404e-08
9.29939e-06
4.1752e-08
9.40001e-06
4.06514e-08
9.4986e-06
3.90919e-08
9.59427e-06
3.7078e-08
9.6861e-06
3.46274e-08
9.77322e-06
3.17698e-08
9.85478e-06
2.85449e-08
9.93002e-06
2.49986e-08
9.99823e-06
2.11814e-08
1.00588e-05
1.71431e-08
1.01112e-05
1.29325e-08
1.0155e-05
8.58626e-09
1.01897e-05
4.16977e-09
1.0215e-05
-1.64896e-10
1.02308e-05
-5.01424e-09
1.02366e-05
-9.5436e-09
1.02321e-05
-1.42818e-08
1.02169e-05
-1.91746e-08
1.01906e-05
-2.42835e-08
1.01526e-05
-2.97047e-08
1.01019e-05
-3.55614e-08
1.00375e-05
-4.20029e-08
9.95799e-06
-4.92097e-08
9.86151e-06
-5.73984e-08
9.7457e-06
-6.6828e-08
9.60759e-06
-7.78118e-08
9.44342e-06
-9.07392e-08
9.24838e-06
-1.06115e-07
9.01632e-06
-1.24637e-07
8.73906e-06
-1.47343e-07
8.40541e-06
-1.75917e-07
7.99905e-06
-2.13273e-07
7.49444e-06
-2.65121e-07
6.84853e-06
-3.43469e-07
5.98437e-06
-4.79426e-07
4.76417e-06
-7.64146e-07
3.03242e-06
-1.49154e-06
1.00769e-06
-3.03604e-06
-4.10095e-06
2.82724e-06
4.92308e-06
6.228e-06
7.16067e-06
7.86029e-06
8.39109e-06
8.80059e-06
9.12368e-06
9.38405e-06
9.59767e-06
9.77567e-06
9.92602e-06
1.00545e-05
1.01655e-05
1.02623e-05
1.03473e-05
1.04225e-05
1.04895e-05
1.05496e-05
1.0604e-05
1.06534e-05
1.06988e-05
1.07409e-05
1.07803e-05
1.08176e-05
1.08534e-05
1.08883e-05
1.09226e-05
1.09568e-05
1.09913e-05
1.10263e-05
1.10622e-05
1.10991e-05
1.11371e-05
1.11762e-05
1.12165e-05
1.12577e-05
1.12997e-05
1.13421e-05
1.13848e-05
1.14272e-05
1.14689e-05
1.15096e-05
1.15487e-05
1.15857e-05
1.16204e-05
1.16521e-05
1.16807e-05
1.17057e-05
1.17269e-05
1.1744e-05
1.17569e-05
1.17655e-05
1.17697e-05
1.17695e-05
1.17645e-05
1.1755e-05
1.17407e-05
1.17215e-05
1.16972e-05
1.16675e-05
1.1632e-05
1.159e-05
1.15408e-05
1.14834e-05
1.14165e-05
1.13387e-05
1.1248e-05
1.11419e-05
1.10172e-05
1.08699e-05
1.0694e-05
1.04807e-05
1.02156e-05
9.8721e-06
9.39268e-06
8.62853e-06
7.13699e-06
4.10095e-06
)
;

boundaryField
{
    movingWall
    {
        type            calculated;
        value           uniform 0;
    }
    fixedWalls
    {
        type            calculated;
        value           uniform 0;
    }
    frontAndBack
    {
        type            empty;
        value           nonuniform 0();
    }
}


// ************************************************************************* //
