/*--------------------------------*- C++ -*----------------------------------*\
  =========                 |
  \\      /  F ield         | OpenFOAM: The Open Source CFD Toolbox
   \\    /   O peration     | Website:  https://openfoam.org
    \\  /    A nd           | Version:  7
     \\/     M anipulation  |
\*---------------------------------------------------------------------------*/
FoamFile
{
    version     2.0;
    format      ascii;
    class       volVectorField;
    location    "0.5";
    object      U;
}
// * * * * * * * * * * * * * * * * * * * * * * * * * * * * * * * * * * * * * //

dimensions      [0 1 -1 0 0 0 0];

internalField   nonuniform List<vector> 
3200
(
(3.81417e-06 -3.79651e-06 0)
(5.16984e-05 -2.97951e-05 0)
(0.000157633 -4.54806e-05 0)
(0.000285588 -5.01948e-05 0)
(0.000414099 -4.8493e-05 0)
(0.000532193 -4.37573e-05 0)
(0.000634837 -3.80678e-05 0)
(0.000720928 -3.26234e-05 0)
(0.000791718 -2.80134e-05 0)
(0.000849613 -2.44458e-05 0)
(0.000897359 -2.19028e-05 0)
(0.00093752 -2.02304e-05 0)
(0.000972179 -1.92117e-05 0)
(0.00100279 -1.86071e-05 0)
(0.0010301 -1.81741e-05 0)
(0.00105414 -1.76885e-05 0)
(0.00107428 -1.69521e-05 0)
(0.00108926 -1.5793e-05 0)
(0.00109726 -1.40571e-05 0)
(0.0010959 -1.16159e-05 0)
(0.00108234 -8.34411e-06 0)
(0.0010533 -4.1496e-06 0)
(0.00100507 1.05159e-06 0)
(0.000933519 7.34047e-06 0)
(0.000834119 1.47984e-05 0)
(0.000701911 2.35129e-05 0)
(0.000531469 3.35874e-05 0)
(0.000316835 4.51539e-05 0)
(5.14141e-05 5.83887e-05 0)
(-0.000272151 7.35289e-05 0)
(-0.000662153 9.08874e-05 0)
(-0.001128 0.000110865 0)
(-0.00168042 0.000133952 0)
(-0.00233158 0.000160729 0)
(-0.00309526 0.000191844 0)
(-0.00398682 0.000227992 0)
(-0.00502309 0.000269867 0)
(-0.00622208 0.00031812 0)
(-0.00760254 0.000373294 0)
(-0.00918325 0.000435762 0)
(-0.0109821 0.000505653 0)
(-0.0130152 0.000582782 0)
(-0.0152953 0.00066657 0)
(-0.0178306 0.000755965 0)
(-0.0206232 0.000849373 0)
(-0.0236674 0.000944587 0)
(-0.0269483 0.00103874 0)
(-0.0304404 0.00112829 0)
(-0.0341062 0.001209 0)
(-0.0378952 0.00127602 0)
(-0.0417437 0.00132398 0)
(-0.0455745 0.0013471 0)
(-0.0492976 0.00133945 0)
(-0.0528112 0.0012952 0)
(-0.0560037 0.00120899 0)
(-0.0587568 0.0010764 0)
(-0.0609489 0.000894492 0)
(-0.0624614 0.000662486 0)
(-0.0631853 0.000383266 0)
(-0.0630195 6.4889e-05 0)
(-0.0618872 -0.0002916 0)
(-0.0597542 -0.000668671 0)
(-0.0566173 -0.00104771 0)
(-0.0525227 -0.00140752 0)
(-0.0475706 -0.00172463 0)
(-0.0419159 -0.00197533 0)
(-0.0357646 -0.0021384 0)
(-0.0293646 -0.0021981 0)
(-0.0229899 -0.00214698 0)
(-0.0169195 -0.00198783 0)
(-0.0114139 -0.00173424 0)
(-0.00669035 -0.00140916 0)
(-0.00290369 -0.00104185 0)
(-0.000134345 -0.00066393 0)
(0.00161402 -0.000304495 0)
(0.00241292 1.2287e-05 0)
(0.00239997 0.000261401 0)
(0.00177753 0.000414737 0)
(0.000868997 0.000417573 0)
(0.000197176 0.000199199 0)
(3.04099e-05 -5.19751e-05 0)
(0.000160285 -0.000159072 0)
(0.00038925 -0.000219834 0)
(0.00065315 -0.000237885 0)
(0.000913285 -0.000228406 0)
(0.0011487 -0.000204145 0)
(0.0013484 -0.000174067 0)
(0.00150892 -0.000143938 0)
(0.001632 -0.000117017 0)
(0.00172215 -9.47523e-05 0)
(0.00178498 -7.73645e-05 0)
(0.00182596 -6.42875e-05 0)
(0.00184963 -5.45e-05 0)
(0.0018591 -4.67479e-05 0)
(0.00185581 -3.96922e-05 0)
(0.00183951 -3.2003e-05 0)
(0.00180815 -2.24291e-05 0)
(0.00175802 -9.80185e-06 0)
(0.00168377 6.9682e-06 0)
(0.00157853 2.88861e-05 0)
(0.00143398 5.6896e-05 0)
(0.00124032 9.18772e-05 0)
(0.000986386 0.000134681 0)
(0.000659588 0.000186157 0)
(0.000245911 0.000247176 0)
(-0.000270163 0.000318665 0)
(-0.00090577 0.000401656 0)
(-0.00167982 0.000497338 0)
(-0.00261324 0.00060712 0)
(-0.00372921 0.000732689 0)
(-0.00505347 0.000876051 0)
(-0.00661465 0.00103955 0)
(-0.00844451 0.00122585 0)
(-0.010578 0.00143782 0)
(-0.0130534 0.00167841 0)
(-0.0159115 0.00195044 0)
(-0.0191953 0.00225626 0)
(-0.0229484 0.00259744 0)
(-0.0272135 0.0029744 0)
(-0.0320298 0.00338596 0)
(-0.0374302 0.00382899 0)
(-0.0434385 0.00429801 0)
(-0.0500651 0.00478491 0)
(-0.0573039 0.0052787 0)
(-0.0651287 0.00576537 0)
(-0.0734894 0.00622796 0)
(-0.0823099 0.00664669 0)
(-0.0914858 0.00699938 0)
(-0.100884 0.00726204 0)
(-0.110343 0.00740962 0)
(-0.119675 0.00741697 0)
(-0.128668 0.00725998 0)
(-0.137092 0.0069168 0)
(-0.144705 0.00636925 0)
(-0.151259 0.00560426 0)
(-0.156508 0.00461558 0)
(-0.160216 0.00340532 0)
(-0.162173 0.00198567 0)
(-0.162198 0.000382416 0)
(-0.160157 -0.00135993 0)
(-0.155963 -0.00320095 0)
(-0.149605 -0.00506998 0)
(-0.141149 -0.00688583 0)
(-0.130746 -0.00855795 0)
(-0.11864 -0.0099906 0)
(-0.105166 -0.0110901 0)
(-0.0907452 -0.0117742 0)
(-0.0758698 -0.0119822 0)
(-0.0610771 -0.0116856 0)
(-0.0469178 -0.0108951 0)
(-0.0339163 -0.00966393 0)
(-0.0225285 -0.00808495 0)
(-0.0131025 -0.00628119 0)
(-0.00584876 -0.00439216 0)
(-0.000821478 -0.00255821 0)
(0.00208535 -0.000910506 0)
(0.00313636 0.000423593 0)
(0.00274354 0.00130018 0)
(0.00152809 0.00152845 0)
(0.000405035 0.000856849 0)
(4.73237e-05 -0.000160065 0)
(0.000223434 -0.000389152 0)
(0.000511305 -0.000509156 0)
(0.000828939 -0.000540102 0)
(0.00113019 -0.000511423 0)
(0.00139097 -0.000448927 0)
(0.00159846 -0.000372089 0)
(0.00174868 -0.00029413 0)
(0.00184398 -0.000222959 0)
(0.00189031 -0.000162383 0)
(0.00189498 -0.000113236 0)
(0.00186515 -7.43369e-05 0)
(0.00180666 -4.32495e-05 0)
(0.00172339 -1.68404e-05 0)
(0.00161681 8.35089e-06 0)
(0.00148583 3.58572e-05 0)
(0.00132674 6.91217e-05 0)
(0.0011332 0.000111451 0)
(0.000896309 0.000166 0)
(0.000604678 0.000235775 0)
(0.000244446 0.000323656 0)
(-0.000200703 0.000432449 0)
(-0.000749546 0.000564931 0)
(-0.00142336 0.000723909 0)
(-0.002246 0.000912288 0)
(-0.00324402 0.00113315 0)
(-0.00444683 0.00138985 0)
(-0.00588695 0.00168613 0)
(-0.00760021 0.00202625 0)
(-0.00962612 0.00241505 0)
(-0.0120081 0.00285802 0)
(-0.0147935 0.00336124 0)
(-0.0180342 0.00393122 0)
(-0.0217856 0.00457459 0)
(-0.0261066 0.00529754 0)
(-0.031058 0.00610517 0)
(-0.0367009 0.00700062 0)
(-0.043094 0.007984 0)
(-0.0502896 0.00905141 0)
(-0.0583304 0.0101938 0)
(-0.0672437 0.0113961 0)
(-0.0770368 0.0126365 0)
(-0.0876914 0.0138856 0)
(-0.099159 0.0151068 0)
(-0.111356 0.0162565 0)
(-0.124162 0.0172848 0)
(-0.137418 0.018137 0)
(-0.150927 0.0187555 0)
(-0.164455 0.0190823 0)
(-0.17774 0.0190614 0)
(-0.190495 0.0186416 0)
(-0.202419 0.0177792 0)
(-0.213202 0.0164407 0)
(-0.22254 0.0146052 0)
(-0.230137 0.0122665 0)
(-0.235721 0.00943555 0)
(-0.239052 0.0061419 0)
(-0.239926 0.0024363 0)
(-0.238182 -0.00160705 0)
(-0.233727 -0.00588762 0)
(-0.226526 -0.0102841 0)
(-0.216615 -0.0146495 0)
(-0.204116 -0.0188134 0)
(-0.18924 -0.0225889 0)
(-0.172293 -0.0257813 0)
(-0.153679 -0.0282013 0)
(-0.133896 -0.0296817 0)
(-0.113524 -0.0300969 0)
(-0.093203 -0.0293824 0)
(-0.0736045 -0.0275518 0)
(-0.055386 -0.0247061 0)
(-0.0391439 -0.0210321 0)
(-0.0253629 -0.0167891 0)
(-0.0143701 -0.0122841 0)
(-0.00630045 -0.00784365 0)
(-0.00107833 -0.00379165 0)
(0.00158081 -0.000443433 0)
(0.00216835 0.00186974 0)
(0.00142778 0.00276699 0)
(0.000418352 0.00175853 0)
(5.28358e-05 -0.000291333 0)
(0.000240108 -0.000652874 0)
(0.000532383 -0.000825357 0)
(0.000838082 -0.000855624 0)
(0.00110851 -0.000791337 0)
(0.00131993 -0.000673142 0)
(0.00146054 -0.000532065 0)
(0.00152771 -0.000389526 0)
(0.0015253 -0.000258578 0)
(0.00146072 -0.000145606 0)
(0.00134265 -5.20278e-05 0)
(0.00117929 2.42145e-05 0)
(0.000977113 8.74368e-05 0)
(0.000740055 0.000143273 0)
(0.00046904 0.000198026 0)
(0.000161711 0.000258225 0)
(-0.000187693 0.000330375 0)
(-0.000588369 0.000420827 0)
(-0.00105295 0.000535738 0)
(-0.00159751 0.000681092 0)
(-0.00224155 0.000862743 0)
(-0.00300804 0.00108649 0)
(-0.00392353 0.00135815 0)
(-0.00501819 0.00168366 0)
(-0.00632594 0.00206918 0)
(-0.00788465 0.0025212 0)
(-0.00973628 0.00304672 0)
(-0.0119271 0.00365336 0)
(-0.014508 0.00434953 0)
(-0.0175345 0.00514447 0)
(-0.021067 0.00604822 0)
(-0.0251705 0.00707143 0)
(-0.0299142 0.00822485 0)
(-0.0353706 0.00951857 0)
(-0.0416141 0.0109609 0)
(-0.048718 0.0125569 0)
(-0.0567517 0.0143066 0)
(-0.0657759 0.0162032 0)
(-0.0758375 0.0182308 0)
(-0.0869635 0.0203632 0)
(-0.0991544 0.0225618 0)
(-0.112378 0.0247753 0)
(-0.126563 0.0269395 0)
(-0.141597 0.0289779 0)
(-0.157319 0.0308044 0)
(-0.173528 0.0323255 0)
(-0.189976 0.0334448 0)
(-0.206383 0.0340667 0)
(-0.222439 0.0341021 0)
(-0.237817 0.0334723 0)
(-0.252184 0.0321132 0)
(-0.265208 0.029979 0)
(-0.276574 0.0270441 0)
(-0.285989 0.0233055 0)
(-0.293188 0.0187837 0)
(-0.297941 0.013524 0)
(-0.300059 0.00759727 0)
(-0.299392 0.00110268 0)
(-0.295835 -0.00583078 0)
(-0.289334 -0.0130498 0)
(-0.279892 -0.0203602 0)
(-0.267567 -0.0275396 0)
(-0.252486 -0.0343354 0)
(-0.234857 -0.0404707 0)
(-0.214971 -0.045655 0)
(-0.193217 -0.0496015 0)
(-0.170081 -0.0520497 0)
(-0.146147 -0.052794 0)
(-0.12208 -0.0517143 0)
(-0.098605 -0.0488048 0)
(-0.0764616 -0.0441945 0)
(-0.0563555 -0.0381525 0)
(-0.0388951 -0.0310753 0)
(-0.0245318 -0.0234544 0)
(-0.0135084 -0.0158341 0)
(-0.00582562 -0.00877277 0)
(-0.00123311 -0.00282264 0)
(0.000763932 0.00146332 0)
(0.000931048 0.00348411 0)
(0.000335806 0.00249853 0)
(5.06696e-05 -0.0004215 0)
(0.000221147 -0.000902852 0)
(0.00047121 -0.00110808 0)
(0.000709305 -0.00111604 0)
(0.000888445 -0.00099553 0)
(0.000987602 -0.000803109 0)
(0.000998049 -0.00058151 0)
(0.000919991 -0.000360155 0)
(0.000759644 -0.000156946 0)
(0.00052628 1.94999e-05 0)
(0.000229871 0.000167584 0)
(-0.000120647 0.000290698 0)
(-0.000518615 0.000395538 0)
(-0.000960499 0.000490811 0)
(-0.0014464 0.000586297 0)
(-0.00198036 0.000692222 0)
(-0.00257052 0.000818887 0)
(-0.00322923 0.000976485 0)
(-0.00397309 0.00117504 0)
(-0.00482301 0.00142445 0)
(-0.00580429 0.00173453 0)
(-0.00694671 0.00211511 0)
(-0.00828466 0.00257616 0)
(-0.00985732 0.0031279 0)
(-0.0117087 0.00378095 0)
(-0.0138881 0.00454641 0)
(-0.0164497 0.0054361 0)
(-0.0194533 0.00646266 0)
(-0.0229641 0.0076396 0)
(-0.0270527 0.00898132 0)
(-0.0317945 0.0105028 0)
(-0.0372695 0.0122191 0)
(-0.0435606 0.0141442 0)
(-0.050752 0.0162897 0)
(-0.0589258 0.0186629 0)
(-0.0681587 0.0212639 0)
(-0.0785161 0.0240831 0)
(-0.0900466 0.0270982 0)
(-0.102774 0.0302713 0)
(-0.116692 0.0335469 0)
(-0.131754 0.0368502 0)
(-0.147869 0.0400879 0)
(-0.164898 0.043149 0)
(-0.182653 0.0459088 0)
(-0.200896 0.0482332 0)
(-0.219349 0.0499858 0)
(-0.2377 0.0510339 0)
(-0.255616 0.0512566 0)
(-0.272755 0.0505506 0)
(-0.288779 0.0488355 0)
(-0.303365 0.0460574 0)
(-0.316217 0.0421905 0)
(-0.32707 0.0372375 0)
(-0.335691 0.031229 0)
(-0.341888 0.0242224 0)
(-0.345501 0.0163013 0)
(-0.346403 0.00757574 0)
(-0.344498 -0.00181581 0)
(-0.339721 -0.0117052 0)
(-0.332038 -0.0218938 0)
(-0.321446 -0.0321418 0)
(-0.30798 -0.0421714 0)
(-0.291725 -0.0516655 0)
(-0.272828 -0.0602712 0)
(-0.251512 -0.06761 0)
(-0.22809 -0.0732966 0)
(-0.202986 -0.076966 0)
(-0.176738 -0.0783111 0)
(-0.149997 -0.0771254 0)
(-0.123512 -0.0733478 0)
(-0.0980934 -0.0670994 0)
(-0.0745547 -0.0587033 0)
(-0.0536431 -0.0486773 0)
(-0.0359599 -0.0376988 0)
(-0.0218892 -0.0265484 0)
(-0.0115466 -0.0160479 0)
(-0.0047585 -0.00701863 0)
(-0.00106687 -0.000270621 0)
(0.000263525 0.00336348 0)
(0.0002238 0.00290957 0)
(4.34959e-05 -0.000534297 0)
(0.000175713 -0.00110445 0)
(0.000344955 -0.00131233 0)
(0.000468459 -0.00127018 0)
(0.000505093 -0.0010693 0)
(0.000438645 -0.000782568 0)
(0.000265145 -0.000464128 0)
(-1.10878e-05 -0.000150788 0)
(-0.000380652 0.000135447 0)
(-0.000832017 0.000384458 0)
(-0.00135381 0.000595157 0)
(-0.00193648 0.000772923 0)
(-0.00257344 0.000927466 0)
(-0.00326192 0.00107118 0)
(-0.0040034 0.00121796 0)
(-0.00480394 0.00138238 0)
(-0.00567439 0.00157925 0)
(-0.00663049 0.00182336 0)
(-0.00769302 0.00212944 0)
(-0.00888789 0.00251217 0)
(-0.0102463 0.00298629 0)
(-0.0118048 0.00356669 0)
(-0.0136058 0.00426856 0)
(-0.0156972 0.0051075 0)
(-0.018133 0.00609967 0)
(-0.0209732 0.00726187 0)
(-0.0242839 0.0086117 0)
(-0.0281374 0.0101676 0)
(-0.0326116 0.0119487 0)
(-0.03779 0.0139747 0)
(-0.0437601 0.0162649 0)
(-0.0506125 0.0188374 0)
(-0.0584385 0.0217073 0)
(-0.0673264 0.0248837 0)
(-0.0773574 0.0283675 0)
(-0.0885998 0.0321469 0)
(-0.101102 0.0361937 0)
(-0.114886 0.0404596 0)
(-0.129936 0.0448729 0)
(-0.146196 0.0493369 0)
(-0.163561 0.0537296 0)
(-0.181871 0.0579063 0)
(-0.200917 0.0617043 0)
(-0.220441 0.0649498 0)
(-0.240143 0.0674674 0)
(-0.259697 0.0690889 0)
(-0.278763 0.069664 0)
(-0.297001 0.0690675 0)
(-0.314086 0.0672062 0)
(-0.329718 0.0640215 0)
(-0.343636 0.0594902 0)
(-0.355612 0.0536228 0)
(-0.365461 0.0464599 0)
(-0.373034 0.0380692 0)
(-0.378211 0.0285417 0)
(-0.380898 0.0179904 0)
(-0.381019 0.0065504 0)
(-0.378511 -0.00561932 0)
(-0.373323 -0.0183335 0)
(-0.365408 -0.0313697 0)
(-0.354731 -0.0444653 0)
(-0.341272 -0.05731 0)
(-0.32504 -0.069541 0)
(-0.306088 -0.0807434 0)
(-0.284532 -0.0904572 0)
(-0.260577 -0.0981949 0)
(-0.234542 -0.103472 0)
(-0.206885 -0.105852 0)
(-0.178208 -0.105002 0)
(-0.149263 -0.100759 0)
(-0.120918 -0.0931849 0)
(-0.0941029 -0.0826152 0)
(-0.0697278 -0.0696624 0)
(-0.0485826 -0.0551847 0)
(-0.0312388 -0.0402145 0)
(-0.0179733 -0.0258701 0)
(-0.00872993 -0.013279 0)
(-0.00311944 -0.00353926 0)
(-0.00046551 0.00226581 0)
(0.000111185 0.0029486 0)
(3.29027e-05 -0.000617805 0)
(0.000110266 -0.0012294 0)
(0.000167136 -0.00139976 0)
(0.000136703 -0.00127371 0)
(-1.24953e-05 -0.00096512 0)
(-0.000289781 -0.000562719 0)
(-0.000692791 -0.000131256 0)
(-0.00121195 0.000286128 0)
(-0.00183391 0.000664422 0)
(-0.00254447 0.000993054 0)
(-0.00333068 0.00127239 0)
(-0.0041824 0.00151063 0)
(-0.00509332 0.00172123 0)
(-0.00606162 0.00192097 0)
(-0.00709046 0.00212848 0)
(-0.00818819 0.00236334 0)
(-0.00936857 0.00264553 0)
(-0.010651 0.00299516 0)
(-0.0120604 0.00343243 0)
(-0.0136279 0.00397765 0)
(-0.0153906 0.00465137 0)
(-0.0173917 0.00547447 0)
(-0.0196812 0.00646833 0)
(-0.0223155 0.00765486 0)
(-0.025358 0.00905669 0)
(-0.0288785 0.0106971 0)
(-0.0329537 0.0126 0)
(-0.0376664 0.0147901 0)
(-0.0431051 0.0172918 0)
(-0.0493626 0.0201294 0)
(-0.0565345 0.0233249 0)
(-0.0647164 0.0268969 0)
(-0.0740008 0.0308573 0)
(-0.0844715 0.0352074 0)
(-0.0961986 0.0399345 0)
(-0.10923 0.0450058 0)
(-0.123586 0.0503645 0)
(-0.139246 0.0559254 0)
(-0.156147 0.0615721 0)
(-0.174173 0.0671573 0)
(-0.193155 0.0725053 0)
(-0.21287 0.0774183 0)
(-0.233049 0.0816852 0)
(-0.253384 0.0850935 0)
(-0.273545 0.0874418 0)
(-0.293195 0.0885516 0)
(-0.312005 0.0882778 0)
(-0.329671 0.0865156 0)
(-0.345922 0.0832033 0)
(-0.360532 0.0783212 0)
(-0.373317 0.0718885 0)
(-0.384134 0.0639565 0)
(-0.39288 0.0546025 0)
(-0.399476 0.0439239 0)
(-0.403868 0.0320338 0)
(-0.406007 0.0190588 0)
(-0.405851 0.0051406 0)
(-0.403352 -0.00956037 0)
(-0.398452 -0.0248606 0)
(-0.391084 -0.0405398 0)
(-0.381166 -0.0563331 0)
(-0.368615 -0.0719189 0)
(-0.353352 -0.0869085 0)
(-0.335321 -0.100841 0)
(-0.314515 -0.113184 0)
(-0.291003 -0.12335 0)
(-0.264968 -0.130722 0)
(-0.236743 -0.134706 0)
(-0.206844 -0.1348 0)
(-0.175982 -0.13068 0)
(-0.145056 -0.122286 0)
(-0.115106 -0.1099 0)
(-0.0872212 -0.0941848 0)
(-0.0624228 -0.0761594 0)
(-0.0415281 -0.0571209 0)
(-0.0250372 -0.0385202 0)
(-0.0130635 -0.0218399 0)
(-0.00532338 -0.00851049 0)
(-0.0012199 0.000106017 0)
(5.87393e-06 0.00260784 0)
(1.98151e-05 -0.000663004 0)
(2.91756e-05 -0.00125478 0)
(-5.22531e-05 -0.00133816 0)
(-0.000269572 -0.00108887 0)
(-0.000641189 -0.000642293 0)
(-0.00116753 -0.000101847 0)
(-0.00183842 0.000458511 0)
(-0.00263795 0.000990776 0)
(-0.00354814 0.00146837 0)
(-0.00455171 0.0018816 0)
(-0.00563398 0.00223342 0)
(-0.00678419 0.00253585 0)
(-0.00799639 0.00280694 0)
(-0.00926992 0.00306854 0)
(-0.0106097 0.0033447 0)
(-0.0120267 0.00366064 0)
(-0.0135376 0.00404213 0)
(-0.0151656 0.00451528 0)
(-0.0169399 0.00510646 0)
(-0.0188966 0.00584234 0)
(-0.0210784 0.00675005 0)
(-0.0235351 0.00785729 0)
(-0.0263237 0.00919237 0)
(-0.0295083 0.0107843 0)
(-0.0331604 0.0126627 0)
(-0.0373584 0.0148577 0)
(-0.0421876 0.0173998 0)
(-0.0477387 0.0203192 0)
(-0.0541072 0.0236451 0)
(-0.0613913 0.0274043 0)
(-0.069689 0.0316189 0)
(-0.0790945 0.0363038 0)
(-0.0896934 0.0414622 0)
(-0.101556 0.0470808 0)
(-0.114732 0.0531246 0)
(-0.129239 0.0595308 0)
(-0.145055 0.0662037 0)
(-0.162115 0.0730118 0)
(-0.1803 0.0797868 0)
(-0.199436 0.0863266 0)
(-0.219297 0.0924024 0)
(-0.23961 0.0977694 0)
(-0.26007 0.102181 0)
(-0.280349 0.105403 0)
(-0.300118 0.10723 0)
(-0.319065 0.107497 0)
(-0.336904 0.106086 0)
(-0.353394 0.102931 0)
(-0.368339 0.0980147 0)
(-0.38159 0.0913649 0)
(-0.393043 0.0830434 0)
(-0.402632 0.0731385 0)
(-0.410319 0.0617554 0)
(-0.416082 0.0490099 0)
(-0.419912 0.0350237 0)
(-0.421794 0.019923 0)
(-0.421706 0.00384083 0)
(-0.41961 -0.0130771 0)
(-0.415446 -0.0306656 0)
(-0.409125 -0.0487249 0)
(-0.40053 -0.0670074 0)
(-0.38952 -0.0852016 0)
(-0.375937 -0.102915 0)
(-0.359621 -0.119664 0)
(-0.340433 -0.134861 0)
(-0.318291 -0.147828 0)
(-0.293211 -0.157817 0)
(-0.265359 -0.164057 0)
(-0.235105 -0.165837 0)
(-0.203061 -0.162607 0)
(-0.170102 -0.154103 0)
(-0.137338 -0.140471 0)
(-0.106036 -0.122343 0)
(-0.0774778 -0.100855 0)
(-0.0527896 -0.0775657 0)
(-0.0327718 -0.054297 0)
(-0.0177807 -0.0329494 0)
(-0.00768887 -0.0153512 0)
(-0.00200509 -0.00319282 0)
(-9.44791e-05 0.00188288 0)
(4.74801e-06 -0.000662734 0)
(-6.47179e-05 -0.0011619 0)
(-0.000306119 -0.00110074 0)
(-0.00073808 -0.00068393 0)
(-0.00136302 -6.65672e-05 0)
(-0.00217059 0.000635053 0)
(-0.0031414 0.00133968 0)
(-0.00425224 0.00199634 0)
(-0.00547988 0.00257863 0)
(-0.00680358 0.00307929 0)
(-0.00820675 0.00350522 0)
(-0.00967803 0.00387335 0)
(-0.0112118 0.00420723 0)
(-0.0128088 0.00453456 0)
(-0.0144757 0.00488547 0)
(-0.0162261 0.0052914 0)
(-0.0180798 0.00578453 0)
(-0.0200636 0.00639752 0)
(-0.0222109 0.00716352 0)
(-0.0245626 0.00811621 0)
(-0.0271665 0.00928994 0)
(-0.0300784 0.0107198 0)
(-0.0333613 0.0124415 0)
(-0.0370859 0.0144916 0)
(-0.0413304 0.016907 0)
(-0.0461797 0.0197245 0)
(-0.0517248 0.0229806 0)
(-0.0580612 0.0267101 0)
(-0.0652873 0.0309449 0)
(-0.0735015 0.0357115 0)
(-0.0827983 0.0410284 0)
(-0.0932635 0.0469014 0)
(-0.104968 0.0533187 0)
(-0.117961 0.0602447 0)
(-0.132262 0.0676136 0)
(-0.147851 0.0753237 0)
(-0.164662 0.0832329 0)
(-0.18258 0.0911576 0)
(-0.201435 0.098875 0)
(-0.221002 0.106131 0)
(-0.241016 0.112651 0)
(-0.261177 0.118156 0)
(-0.281166 0.122383 0)
(-0.300666 0.125097 0)
(-0.319379 0.126111 0)
(-0.337038 0.12529 0)
(-0.353422 0.12256 0)
(-0.368358 0.117905 0)
(-0.381724 0.111356 0)
(-0.393442 0.102985 0)
(-0.403475 0.0928915 0)
(-0.411813 0.0811927 0)
(-0.418468 0.0680121 0)
(-0.423461 0.0534742 0)
(-0.426814 0.0376994 0)
(-0.428542 0.0208045 0)
(-0.428643 0.00290469 0)
(-0.427095 -0.0158797 0)
(-0.423846 -0.0354127 0)
(-0.4188 -0.0555292 0)
(-0.411826 -0.0760168 0)
(-0.402746 -0.096596 0)
(-0.391342 -0.116897 0)
(-0.377364 -0.13644 0)
(-0.36055 -0.154613 0)
(-0.340662 -0.170675 0)
(-0.317529 -0.183757 0)
(-0.291109 -0.192914 0)
(-0.261567 -0.197195 0)
(-0.229338 -0.195768 0)
(-0.195191 -0.188075 0)
(-0.160235 -0.174008 0)
(-0.125869 -0.15406 0)
(-0.0936397 -0.129395 0)
(-0.0650339 -0.101799 0)
(-0.0412395 -0.0734917 0)
(-0.0229487 -0.0468683 0)
(-0.0102656 -0.0242459 0)
(-0.00284689 -0.00772382 0)
(-0.000196881 0.000757933 0)
(-1.20782e-05 -0.000610998 0)
(-0.00016966 -0.000934995 0)
(-0.00058953 -0.000664882 0)
(-0.00125981 -3.20589e-05 0)
(-0.00216427 0.000790891 0)
(-0.00328009 0.0016772 0)
(-0.00457737 0.00254073 0)
(-0.0060247 0.00332976 0)
(-0.00759305 0.00402017 0)
(-0.00925793 0.00460889 0)
(-0.0110007 0.00510824 0)
(-0.0128093 0.00554126 0)
(-0.0146787 0.00593797 0)
(-0.0166106 0.00633269 0)
(-0.0186139 0.00676226 0)
(-0.0207045 0.00726492 0)
(-0.0229054 0.00787975 0)
(-0.0252467 0.00864649 0)
(-0.0277657 0.00960553 0)
(-0.0305075 0.010798 0)
(-0.0335248 0.012266 0)
(-0.0368778 0.0140522 0)
(-0.0406347 0.0162001 0)
(-0.0448712 0.0187536 0)
(-0.04967 0.0217567 0)
(-0.0551197 0.0252524 0)
(-0.0613142 0.0292817 0)
(-0.0683498 0.0338823 0)
(-0.0763233 0.0390861 0)
(-0.0853278 0.0449158 0)
(-0.0954484 0.0513813 0)
(-0.106756 0.0584736 0)
(-0.1193 0.0661591 0)
(-0.133102 0.0743723 0)
(-0.148145 0.0830096 0)
(-0.164372 0.0919239 0)
(-0.18167 0.100922 0)
(-0.19988 0.109768 0)
(-0.21879 0.118187 0)
(-0.238142 0.125882 0)
(-0.25765 0.132545 0)
(-0.277007 0.137882 0)
(-0.295911 0.14163 0)
(-0.314074 0.143574 0)
(-0.331246 0.14356 0)
(-0.347218 0.141499 0)
(-0.361832 0.137368 0)
(-0.374982 0.131197 0)
(-0.386605 0.123067 0)
(-0.396681 0.113086 0)
(-0.405221 0.101386 0)
(-0.412256 0.088103 0)
(-0.417833 0.0733733 0)
(-0.422007 0.057324 0)
(-0.424829 0.0400707 0)
(-0.426341 0.0217171 0)
(-0.42657 0.00235692 0)
(-0.425517 -0.0179195 0)
(-0.423151 -0.0390124 0)
(-0.419395 -0.0608014 0)
(-0.41412 -0.083125 0)
(-0.407139 -0.105757 0)
(-0.398198 -0.128377 0)
(-0.386986 -0.150542 0)
(-0.373141 -0.171658 0)
(-0.356277 -0.190954 0)
(-0.336036 -0.207481 0)
(-0.312144 -0.220136 0)
(-0.284508 -0.227727 0)
(-0.253311 -0.229096 0)
(-0.219115 -0.223306 0)
(-0.182922 -0.209869 0)
(-0.146174 -0.188984 0)
(-0.110641 -0.161703 0)
(-0.0781891 -0.129952 0)
(-0.0504749 -0.0963491 0)
(-0.0286376 -0.0638572 0)
(-0.0131139 -0.035402 0)
(-0.00377781 -0.0136076 0)
(-0.000309877 -0.000800046 0)
(-3.05321e-05 -0.000502496 0)
(-0.000284543 -0.000560323 0)
(-0.000899141 -1.10235e-05 0)
(-0.00182828 0.000889679 0)
(-0.00303464 0.00195444 0)
(-0.00448138 0.0030489 0)
(-0.00612693 0.00408486 0)
(-0.0079309 0.00501253 0)
(-0.00985798 0.00581233 0)
(-0.0118797 0.00648737 0)
(-0.0139752 0.007057 0)
(-0.0161318 0.00755164 0)
(-0.0183446 0.00800874 0)
(-0.0206169 0.00847003 0)
(-0.0229593 0.00897964 0)
(-0.0253902 0.0095831 0)
(-0.0279351 0.0103268 0)
(-0.0306273 0.011258 0)
(-0.0335076 0.0124245 0)
(-0.0366245 0.0138754 0)
(-0.0400342 0.0156603 0)
(-0.0438008 0.0178299 0)
(-0.0479957 0.0204352 0)
(-0.0526976 0.0235272 0)
(-0.0579911 0.027156 0)
(-0.0639662 0.0313693 0)
(-0.0707155 0.0362114 0)
(-0.0783322 0.0417201 0)
(-0.0869068 0.0479238 0)
(-0.0965222 0.0548375 0)
(-0.107248 0.0624569 0)
(-0.119136 0.0707528 0)
(-0.132208 0.0796634 0)
(-0.146455 0.0890873 0)
(-0.161826 0.098878 0)
(-0.17822 0.10884 0)
(-0.195492 0.118729 0)
(-0.213442 0.128259 0)
(-0.231834 0.137114 0)
(-0.250394 0.144963 0)
(-0.268834 0.151484 0)
(-0.286864 0.156383 0)
(-0.304211 0.159414 0)
(-0.320633 0.160397 0)
(-0.335932 0.159221 0)
(-0.349956 0.155846 0)
(-0.362605 0.150298 0)
(-0.373824 0.142655 0)
(-0.383599 0.133037 0)
(-0.391949 0.121585 0)
(-0.398918 0.108452 0)
(-0.404568 0.093793 0)
(-0.408975 0.0777518 0)
(-0.412218 0.0604578 0)
(-0.414378 0.0420216 0)
(-0.415527 0.0225345 0)
(-0.415723 0.00206953 0)
(-0.415002 -0.0193133 0)
(-0.413362 -0.0415539 0)
(-0.410759 -0.0645834 0)
(-0.407089 -0.0883019 0)
(-0.402177 -0.112554 0)
(-0.395769 -0.137094 0)
(-0.38752 -0.161552 0)
(-0.377004 -0.18539 0)
(-0.363721 -0.207862 0)
(-0.347143 -0.227989 0)
(-0.326767 -0.244556 0)
(-0.302217 -0.256155 0)
(-0.273363 -0.261295 0)
(-0.240459 -0.258596 0)
(-0.204275 -0.247066 0)
(-0.166165 -0.226429 0)
(-0.12802 -0.197429 0)
(-0.0920537 -0.161976 0)
(-0.0604426 -0.123021 0)
(-0.0348869 -0.084152 0)
(-0.0162843 -0.049041 0)
(-0.00482759 -0.0209923 0)
(-0.000441148 -0.00284274 0)
(-5.05667e-05 -0.000332298 0)
(-0.000408713 -2.55259e-05 0)
(-0.00123275 0.00087809 0)
(-0.00243893 0.00210116 0)
(-0.00396658 0.00344476 0)
(-0.00576333 0.00477032 0)
(-0.00777494 0.00599079 0)
(-0.00995133 0.0070613 0)
(-0.0122505 0.0079694 0)
(-0.0146399 0.0087265 0)
(-0.0170962 0.00936067 0)
(-0.0196062 0.00991101 0)
(-0.0221652 0.0104234 0)
(-0.0247776 0.0109476 0)
(-0.0274559 0.0115357 0)
(-0.0302203 0.0122408 0)
(-0.033099 0.013117 0)
(-0.0361276 0.0142191 0)
(-0.0393497 0.0156028 0)
(-0.0428162 0.0173248 0)
(-0.0465859 0.0194424 0)
(-0.0507249 0.0220139 0)
(-0.0553061 0.0250972 0)
(-0.0604089 0.0287496 0)
(-0.0661173 0.033026 0)
(-0.072519 0.0379776 0)
(-0.0797021 0.0436488 0)
(-0.0877528 0.050075 0)
(-0.0967507 0.0572773 0)
(-0.106764 0.0652585 0)
(-0.117843 0.0739955 0)
(-0.130016 0.0834335 0)
(-0.143278 0.0934775 0)
(-0.157586 0.103986 0)
(-0.172856 0.114768 0)
(-0.188956 0.12558 0)
(-0.205708 0.13613 0)
(-0.222895 0.146091 0)
(-0.240266 0.155115 0)
(-0.25755 0.162855 0)
(-0.274475 0.168985 0)
(-0.29078 0.173228 0)
(-0.306233 0.175369 0)
(-0.320641 0.175268 0)
(-0.333856 0.172859 0)
(-0.345777 0.168154 0)
(-0.356351 0.161222 0)
(-0.365561 0.152183 0)
(-0.373428 0.141188 0)
(-0.379997 0.128405 0)
(-0.385338 0.114009 0)
(-0.389535 0.0981676 0)
(-0.392687 0.0810338 0)
(-0.394896 0.0627405 0)
(-0.396268 0.0433958 0)
(-0.396905 0.023081 0)
(-0.396897 0.00185128 0)
(-0.396312 -0.0202607 0)
(-0.395186 -0.0432351 0)
(-0.393516 -0.0670558 0)
(-0.391234 -0.0916904 0)
(-0.388202 -0.117065 0)
(-0.384188 -0.143029 0)
(-0.378855 -0.169313 0)
(-0.371751 -0.195476 0)
(-0.362311 -0.220852 0)
(-0.349878 -0.244494 0)
(-0.333755 -0.265145 0)
(-0.31329 -0.28124 0)
(-0.288009 -0.290988 0)
(-0.257786 -0.292544 0)
(-0.223034 -0.284316 0)
(-0.18486 -0.265374 0)
(-0.145118 -0.235912 0)
(-0.10627 -0.19758 0)
(-0.0710061 -0.153515 0)
(-0.0416827 -0.107929 0)
(-0.0198044 -0.06538 0)
(-0.00601906 -0.030045 0)
(-0.000597594 -0.00543735 0)
(-7.2177e-05 -9.56837e-05 0)
(-0.000541845 0.000680861 0)
(-0.00158905 0.00201808 0)
(-0.00308876 0.00361995 0)
(-0.00495475 0.00527963 0)
(-0.00711776 0.00685816 0)
(-0.00950987 0.00827337 0)
(-0.0120708 0.00948857 0)
(-0.0147515 0.0105013 0)
(-0.017515 0.0113334 0)
(-0.0203359 0.0120236 0)
(-0.0231999 0.0126209 0)
(-0.0261028 0.0131804 0)
(-0.0290499 0.0137609 0)
(-0.032055 0.0144225 0)
(-0.0351403 0.0152263 0)
(-0.0383355 0.0162343 0)
(-0.0416784 0.0175088 0)
(-0.0452139 0.0191132 0)
(-0.0489947 0.0211118 0)
(-0.0530805 0.0235692 0)
(-0.0575376 0.0265505 0)
(-0.0624385 0.0301197 0)
(-0.0678607 0.0343391 0)
(-0.073885 0.039267 0)
(-0.0805934 0.0449553 0)
(-0.0880664 0.0514467 0)
(-0.0963792 0.0587703 0)
(-0.105597 0.0669367 0)
(-0.115771 0.0759319 0)
(-0.12693 0.0857103 0)
(-0.139075 0.0961872 0)
(-0.152175 0.107232 0)
(-0.16616 0.118662 0)
(-0.180915 0.130241 0)
(-0.196286 0.141682 0)
(-0.212078 0.152654 0)
(-0.228064 0.162798 0)
(-0.243997 0.171746 0)
(-0.259623 0.179147 0)
(-0.274697 0.184688 0)
(-0.288998 0.188116 0)
(-0.302336 0.189253 0)
(-0.314566 0.188002 0)
(-0.325586 0.184344 0)
(-0.335335 0.178334 0)
(-0.343796 0.170081 0)
(-0.350981 0.159738 0)
(-0.356935 0.147484 0)
(-0.361724 0.133512 0)
(-0.365436 0.118013 0)
(-0.368171 0.101169 0)
(-0.370046 0.0831443 0)
(-0.371181 0.0640758 0)
(-0.371703 0.0440715 0)
(-0.371736 0.0232065 0)
(-0.371397 0.00152171 0)
(-0.370783 -0.0209735 0)
(-0.369966 -0.0442962 0)
(-0.368982 -0.06848 0)
(-0.367808 -0.0935589 0)
(-0.366354 -0.119544 0)
(-0.364435 -0.146388 0)
(-0.36175 -0.173942 0)
(-0.357869 -0.201897 0)
(-0.352212 -0.229713 0)
(-0.344057 -0.256545 0)
(-0.332566 -0.281172 0)
(-0.31686 -0.301964 0)
(-0.296135 -0.316902 0)
(-0.26985 -0.323714 0)
(-0.237964 -0.320164 0)
(-0.20118 -0.304523 0)
(-0.161124 -0.276174 0)
(-0.120328 -0.236195 0)
(-0.0819145 -0.187643 0)
(-0.0489431 -0.135265 0)
(-0.0236695 -0.0846051 0)
(-0.00736427 -0.0409373 0)
(-0.000784279 -0.00866061 0)
(-9.53962e-05 0.000212014 0)
(-0.000683869 0.00156982 0)
(-0.00196741 0.00342353 0)
(-0.00377607 0.00546195 0)
(-0.00599579 0.00747456 0)
(-0.00853907 0.00932638 0)
(-0.0113234 0.0109443 0)
(-0.0142778 0.0123033 0)
(-0.017346 0.013414 0)
(-0.0204866 0.0143112 0)
(-0.0236717 0.0150458 0)
(-0.0268863 0.0156781 0)
(-0.0301263 0.0162736 0)
(-0.0333976 0.0169 0)
(-0.0367153 0.0176262 0)
(-0.0401027 0.0185215 0)
(-0.0435909 0.0196553 0)
(-0.0472183 0.0210977 0)
(-0.0510308 0.0229193 0)
(-0.055081 0.0251915 0)
(-0.059428 0.0279856 0)
(-0.0641368 0.0313724 0)
(-0.069277 0.035421 0)
(-0.074922 0.040197 0)
(-0.0811464 0.04576 0)
(-0.0880241 0.0521606 0)
(-0.0956246 0.0594366 0)
(-0.10401 0.0676081 0)
(-0.113228 0.0766715 0)
(-0.12331 0.0865931 0)
(-0.134264 0.0973013 0)
(-0.146067 0.10868 0)
(-0.158662 0.120561 0)
(-0.171955 0.132723 0)
(-0.185815 0.144888 0)
(-0.20007 0.156733 0)
(-0.214522 0.167894 0)
(-0.228948 0.177992 0)
(-0.243118 0.186654 0)
(-0.256804 0.193534 0)
(-0.269797 0.198339 0)
(-0.281917 0.200849 0)
(-0.293018 0.200923 0)
(-0.302998 0.198508 0)
(-0.311793 0.193626 0)
(-0.319376 0.186368 0)
(-0.325756 0.176879 0)
(-0.330968 0.16534 0)
(-0.335075 0.151955 0)
(-0.338157 0.136936 0)
(-0.340315 0.120492 0)
(-0.341662 0.102819 0)
(-0.342324 0.08409 0)
(-0.342435 0.0644493 0)
(-0.342132 0.0440067 0)
(-0.341554 0.0228331 0)
(-0.340834 0.000959231 0)
(-0.34009 -0.0216242 0)
(-0.339423 -0.0449642 0)
(-0.338901 -0.0691375 0)
(-0.338547 -0.0942377 0)
(-0.338322 -0.120355 0)
(-0.3381 -0.147547 0)
(-0.337645 -0.175792 0)
(-0.33658 -0.204931 0)
(-0.334366 -0.234588 0)
(-0.330277 -0.264078 0)
(-0.323414 -0.292304 0)
(-0.312738 -0.317671 0)
(-0.297175 -0.338045 0)
(-0.275787 -0.35082 0)
(-0.248034 -0.353148 0)
(-0.21409 -0.342419 0)
(-0.175151 -0.316975 0)
(-0.133597 -0.276965 0)
(-0.0928078 -0.224989 0)
(-0.0565141 -0.166094 0)
(-0.0278392 -0.106842 0)
(-0.00886333 -0.0538281 0)
(-0.00100446 -0.0125934 0)
(-0.000120315 0.000595499 0)
(-0.00083498 0.00265218 0)
(-0.00236791 0.00510842 0)
(-0.00450038 0.00764195 0)
(-0.00708813 0.0100434 0)
(-0.0100241 0.0121868 0)
(-0.0132104 0.0140125 0)
(-0.0165647 0.0155115 0)
(-0.0200234 0.0167103 0)
(-0.0235406 0.0176594 0)
(-0.0270862 0.0184235 0)
(-0.0306441 0.0190756 0)
(-0.0342102 0.0196919 0)
(-0.037791 0.0203501 0)
(-0.0414021 0.0211277 0)
(-0.0450675 0.022102 0)
(-0.0488187 0.0233499 0)
(-0.0526942 0.0249488 0)
(-0.0567392 0.0269761 0)
(-0.0610052 0.0295092 0)
(-0.0655489 0.0326254 0)
(-0.070432 0.0364001 0)
(-0.0757194 0.0409058 0)
(-0.0814778 0.0462097 0)
(-0.0877735 0.0523707 0)
(-0.0946695 0.0594356 0)
(-0.102223 0.0674348 0)
(-0.110479 0.0763765 0)
(-0.11947 0.0862405 0)
(-0.129205 0.0969709 0)
(-0.139673 0.108469 0)
(-0.150828 0.120586 0)
(-0.162595 0.13312 0)
(-0.174864 0.145812 0)
(-0.187491 0.15835 0)
(-0.200303 0.17038 0)
(-0.213106 0.181519 0)
(-0.225695 0.191377 0)
(-0.237864 0.199584 0)
(-0.24942 0.205808 0)
(-0.260192 0.209784 0)
(-0.270042 0.211324 0)
(-0.278867 0.210327 0)
(-0.2866 0.206775 0)
(-0.29321 0.200728 0)
(-0.298699 0.19231 0)
(-0.303096 0.181693 0)
(-0.306454 0.169083 0)
(-0.308848 0.154706 0)
(-0.31037 0.13879 0)
(-0.311127 0.121561 0)
(-0.31124 0.103227 0)
(-0.310837 0.0839695 0)
(-0.310057 0.0639399 0)
(-0.309038 0.0432502 0)
(-0.307924 0.0219697 0)
(-0.306853 0.000122123 0)
(-0.305954 -0.0223159 0)
(-0.305343 -0.0454126 0)
(-0.305116 -0.0692781 0)
(-0.305332 -0.0940547 0)
(-0.306 -0.119902 0)
(-0.307059 -0.14697 0)
(-0.308346 -0.17536 0)
(-0.309568 -0.205069 0)
(-0.310261 -0.235906 0)
(-0.309759 -0.267389 0)
(-0.307174 -0.298615 0)
(-0.301401 -0.328133 0)
(-0.291181 -0.353827 0)
(-0.275248 -0.372894 0)
(-0.252578 -0.381982 0)
(-0.222747 -0.377606 0)
(-0.18636 -0.356918 0)
(-0.145394 -0.318787 0)
(-0.103243 -0.264889 0)
(-0.0641766 -0.200179 0)
(-0.0322384 -0.132129 0)
(-0.0105045 -0.0688466 0)
(-0.00125966 -0.0173141 0)
(-0.000147033 0.00105964 0)
(-0.000995593 0.00393894 0)
(-0.00279129 0.00708668 0)
(-0.00526242 0.0101742 0)
(-0.00823204 0.012999 0)
(-0.0115721 0.0154496 0)
(-0.0151684 0.0174851 0)
(-0.018927 0.0191165 0)
(-0.0227769 0.0203901 0)
(-0.0266676 0.0213742 0)
(-0.0305667 0.0221494 0)
(-0.0344572 0.0228022 0)
(-0.0383347 0.0234205 0)
(-0.0422059 0.024092 0)
(-0.0460868 0.0249028 0)
(-0.050001 0.0259381 0)
(-0.0539798 0.027282 0)
(-0.0580606 0.0290183 0)
(-0.0622868 0.0312305 0)
(-0.0667072 0.0340015 0)
(-0.0713747 0.0374129 0)
(-0.0763459 0.0415436 0)
(-0.0816788 0.0464679 0)
(-0.0874317 0.0522526 0)
(-0.0936607 0.0589538 0)
(-0.100416 0.0666124 0)
(-0.107741 0.0752492 0)
(-0.115665 0.0848585 0)
(-0.1242 0.0954016 0)
(-0.133341 0.1068 0)
(-0.143054 0.118927 0)
(-0.15328 0.131604 0)
(-0.163929 0.144597 0)
(-0.174882 0.157616 0)
(-0.185994 0.170322 0)
(-0.197099 0.182339 0)
(-0.208017 0.193274 0)
(-0.218569 0.202736 0)
(-0.228579 0.210364 0)
(-0.237893 0.215847 0)
(-0.246381 0.21895 0)
(-0.253945 0.219516 0)
(-0.260518 0.21748 0)
(-0.266068 0.212857 0)
(-0.270592 0.205737 0)
(-0.274114 0.196273 0)
(-0.27668 0.18466 0)
(-0.278357 0.171124 0)
(-0.279228 0.155908 0)
(-0.279393 0.139257 0)
(-0.27896 0.121407 0)
(-0.27805 0.102577 0)
(-0.276789 0.0829572 0)
(-0.275309 0.0627026 0)
(-0.273744 0.0419277 0)
(-0.27223 0.0207014 0)
(-0.270902 -0.000956266 0)
(-0.269889 -0.0230764 0)
(-0.269312 -0.0457416 0)
(-0.269283 -0.0690848 0)
(-0.269886 -0.093284 0)
(-0.271173 -0.118552 0)
(-0.27314 -0.145116 0)
(-0.275699 -0.173188 0)
(-0.27865 -0.20291 0)
(-0.281632 -0.234278 0)
(-0.28408 -0.267035 0)
(-0.285183 -0.300528 0)
(-0.283858 -0.333536 0)
(-0.278769 -0.364099 0)
(-0.26842 -0.389382 0)
(-0.251377 -0.405699 0)
(-0.226625 -0.408797 0)
(-0.19407 -0.394592 0)
(-0.155068 -0.360397 0)
(-0.112739 -0.306459 0)
(-0.0716614 -0.237094 0)
(-0.0367606 -0.160389 0)
(-0.0122649 -0.0860756 0)
(-0.00154975 -0.0228932 0)
(-0.000175705 0.00160963 0)
(-0.00116643 0.00544165 0)
(-0.00323906 0.0093726 0)
(-0.00606428 0.0130731 0)
(-0.00942968 0.0163538 0)
(-0.0131847 0.0191241 0)
(-0.017198 0.0213676 0)
(-0.0213639 0.0231201 0)
(-0.0256035 0.024451 0)
(-0.0298622 0.0254493 0)
(-0.0341051 0.0262131 0)
(-0.0383143 0.0268436 0)
(-0.0424852 0.0274407 0)
(-0.0466242 0.0281022 0)
(-0.0507469 0.0289228 0)
(-0.0548763 0.029995 0)
(-0.0590422 0.0314095 0)
(-0.06328 0.033256 0)
(-0.0676302 0.0356229 0)
(-0.0721373 0.0385975 0)
(-0.0768492 0.0422647 0)
(-0.0818153 0.0467051 0)
(-0.0870857 0.0519931 0)
(-0.0927087 0.0581936 0)
(-0.0987284 0.0653578 0)
(-0.105182 0.0735191 0)
(-0.112098 0.0826868 0)
(-0.119489 0.0928401 0)
(-0.127353 0.103921 0)
(-0.135665 0.115829 0)
(-0.144381 0.128412 0)
(-0.153427 0.141464 0)
(-0.162707 0.154723 0)
(-0.172103 0.167875 0)
(-0.181474 0.180561 0)
(-0.19067 0.192395 0)
(-0.199534 0.202978 0)
(-0.207917 0.211927 0)
(-0.21568 0.218896 0)
(-0.222707 0.223599 0)
(-0.228909 0.225828 0)
(-0.234223 0.225458 0)
(-0.238621 0.222453 0)
(-0.242097 0.216859 0)
(-0.244673 0.20879 0)
(-0.246391 0.19842 0)
(-0.247313 0.185964 0)
(-0.247515 0.171665 0)
(-0.247086 0.155779 0)
(-0.246126 0.138562 0)
(-0.244741 0.12026 0)
(-0.243046 0.101099 0)
(-0.241158 0.0812717 0)
(-0.239197 0.0609381 0)
(-0.237284 0.0402138 0)
(-0.23554 0.0191679 0)
(-0.234089 -0.00218089 0)
(-0.233051 -0.0238657 0)
(-0.232546 -0.0459771 0)
(-0.232686 -0.0686606 0)
(-0.233575 -0.0921164 0)
(-0.235292 -0.116594 0)
(-0.23788 -0.142381 0)
(-0.24132 -0.169776 0)
(-0.245499 -0.199049 0)
(-0.250168 -0.230371 0)
(-0.254888 -0.263711 0)
(-0.258972 -0.298691 0)
(-0.261433 -0.334388 0)
(-0.260958 -0.36911 0)
(-0.255944 -0.400166 0)
(-0.24466 -0.423738 0)
(-0.225568 -0.435002 0)
(-0.19785 -0.428714 0)
(-0.162083 -0.400477 0)
(-0.12083 -0.348643 0)
(-0.0786744 -0.276226 0)
(-0.0412767 -0.191421 0)
(-0.0141123 -0.105539 0)
(-0.00187302 -0.0293875 0)
(-0.000206548 0.00225114 0)
(-0.00134856 0.00717278 0)
(-0.00371362 0.0119815 0)
(-0.00690954 0.0163535 0)
(-0.0106853 0.0201201 0)
(-0.0148662 0.023219 0)
(-0.0193031 0.0256643 0)
(-0.0238778 0.027522 0)
(-0.028504 0.0288884 0)
(-0.0331229 0.0298758 0)
(-0.0376976 0.0306016 0)
(-0.0422089 0.0311823 0)
(-0.046652 0.0317304 0)
(-0.0510328 0.0323537 0)
(-0.0553658 0.0331549 0)
(-0.0596727 0.0342334 0)
(-0.0639811 0.0356858 0)
(-0.0683233 0.0376064 0)
(-0.0727355 0.0400881 0)
(-0.077257 0.0432209 0)
(-0.0819291 0.0470916 0)
(-0.0867932 0.0517814 0)
(-0.0918898 0.057363 0)
(-0.0972564 0.0638976 0)
(-0.102925 0.0714305 0)
(-0.108919 0.0799857 0)
(-0.115251 0.0895604 0)
(-0.121921 0.100118 0)
(-0.128912 0.111583 0)
(-0.136188 0.123833 0)
(-0.143691 0.136693 0)
(-0.151344 0.149934 0)
(-0.159051 0.163274 0)
(-0.166697 0.176381 0)
(-0.174158 0.188884 0)
(-0.181303 0.200393 0)
(-0.188005 0.210512 0)
(-0.194148 0.218871 0)
(-0.19963 0.225143 0)
(-0.204376 0.229068 0)
(-0.208333 0.230461 0)
(-0.211476 0.229229 0)
(-0.213805 0.225359 0)
(-0.215343 0.218921 0)
(-0.216132 0.210051 0)
(-0.216229 0.198938 0)
(-0.215708 0.185813 0)
(-0.21465 0.17093 0)
(-0.213146 0.154553 0)
(-0.211293 0.136948 0)
(-0.209191 0.118364 0)
(-0.206943 0.0990298 0)
(-0.204653 0.0791421 0)
(-0.202424 0.0588603 0)
(-0.200359 0.0383009 0)
(-0.198562 0.017534 0)
(-0.197137 -0.00342066 0)
(-0.196193 -0.0245963 0)
(-0.195837 -0.0460834 0)
(-0.196179 -0.0680316 0)
(-0.197326 -0.0906523 0)
(-0.199376 -0.114217 0)
(-0.202403 -0.139053 0)
(-0.206442 -0.165524 0)
(-0.211457 -0.194002 0)
(-0.217303 -0.22481 0)
(-0.223673 -0.258126 0)
(-0.230029 -0.293848 0)
(-0.23553 -0.331387 0)
(-0.238972 -0.369404 0)
(-0.238765 -0.405501 0)
(-0.233012 -0.43595 0)
(-0.219773 -0.455602 0)
(-0.197557 -0.458252 0)
(-0.166083 -0.437784 0)
(-0.127121 -0.390299 0)
(-0.0849263 -0.316809 0)
(-0.0456452 -0.224895 0)
(-0.0160074 -0.127193 0)
(-0.0022263 -0.0368367 0)
(-0.000239867 0.00299052 0)
(-0.00154353 0.00914626 0)
(-0.00421848 0.0149301 0)
(-0.0078036 0.0200315 0)
(-0.0120057 0.024311 0)
(-0.0166241 0.0277428 0)
(-0.0214907 0.030379 0)
(-0.0264749 0.0323208 0)
(-0.0314832 0.033696 0)
(-0.0364526 0.0346427 0)
(-0.0413444 0.0352991 0)
(-0.0461387 0.035798 0)
(-0.05083 0.0362645 0)
(-0.0554233 0.0368159 0)
(-0.0599319 0.0375627 0)
(-0.0643755 0.0386103 0)
(-0.0687784 0.0400601 0)
(-0.0731689 0.0420105 0)
(-0.0775781 0.044557 0)
(-0.082039 0.0477917 0)
(-0.086585 0.0518018 0)
(-0.0912488 0.0566673 0)
(-0.0960607 0.0624584 0)
(-0.101047 0.0692312 0)
(-0.106226 0.0770236 0)
(-0.11161 0.0858499 0)
(-0.117198 0.0956948 0)
(-0.122976 0.106507 0)
(-0.128916 0.118194 0)
(-0.134973 0.130614 0)
(-0.141084 0.143574 0)
(-0.147172 0.156827 0)
(-0.153145 0.170077 0)
(-0.158901 0.182981 0)
(-0.164334 0.195164 0)
(-0.169341 0.206236 0)
(-0.173824 0.215814 0)
(-0.177702 0.223543 0)
(-0.180915 0.229116 0)
(-0.183422 0.232296 0)
(-0.185207 0.232926 0)
(-0.186279 0.230933 0)
(-0.186665 0.226328 0)
(-0.18641 0.219199 0)
(-0.185575 0.209695 0)
(-0.184231 0.19802 0)
(-0.182458 0.184413 0)
(-0.18034 0.169134 0)
(-0.177967 0.152454 0)
(-0.175429 0.134639 0)
(-0.172816 0.115942 0)
(-0.170218 0.0965898 0)
(-0.16772 0.0767786 0)
(-0.165409 0.0566671 0)
(-0.163366 0.0363717 0)
(-0.161675 0.0159634 0)
(-0.160423 -0.00453561 0)
(-0.159698 -0.0251552 0)
(-0.159593 -0.045982 0)
(-0.160209 -0.0671631 0)
(-0.161647 -0.0889113 0)
(-0.164012 -0.111508 0)
(-0.167397 -0.135302 0)
(-0.171872 -0.160702 0)
(-0.17746 -0.188156 0)
(-0.184106 -0.218106 0)
(-0.191622 -0.250912 0)
(-0.199623 -0.286727 0)
(-0.207444 -0.325298 0)
(-0.214049 -0.365689 0)
(-0.217957 -0.405914 0)
(-0.217247 -0.442535 0)
(-0.209718 -0.470355 0)
(-0.193319 -0.482487 0)
(-0.166917 -0.471247 0)
(-0.131328 -0.43029 0)
(-0.090163 -0.357967 0)
(-0.0497258 -0.260364 0)
(-0.0179073 -0.150926 0)
(-0.00260529 -0.0452605 0)
(-0.000276076 0.00383507 0)
(-0.00175346 0.011378 0)
(-0.00475855 0.0182376 0)
(-0.00875404 0.0241253 0)
(-0.0134004 0.028941 0)
(-0.0184688 0.0327049 0)
(-0.0237715 0.0355149 0)
(-0.0291652 0.0375141 0)
(-0.0345494 0.0388658 0)
(-0.0398575 0.0397368 0)
(-0.0450496 0.0402875 0)
(-0.050105 0.0406677 0)
(-0.0550176 0.0410149 0)
(-0.0597917 0.0414555 0)
(-0.0644386 0.042107 0)
(-0.0689752 0.0430798 0)
(-0.0734222 0.0444792 0)
(-0.077803 0.0464064 0)
(-0.0821427 0.0489586 0)
(-0.086467 0.0522286 0)
(-0.090801 0.0563027 0)
(-0.0951681 0.0612589 0)
(-0.0995879 0.0671633 0)
(-0.104075 0.0740663 0)
(-0.108637 0.0819979 0)
(-0.113274 0.0909623 0)
(-0.117972 0.100932 0)
(-0.122709 0.111843 0)
(-0.127447 0.123587 0)
(-0.132136 0.136008 0)
(-0.136713 0.148898 0)
(-0.141105 0.161999 0)
(-0.145229 0.175005 0)
(-0.149 0.18757 0)
(-0.152336 0.19932 0)
(-0.15516 0.209876 0)
(-0.157409 0.218866 0)
(-0.159039 0.225954 0)
(-0.160023 0.230855 0)
(-0.160358 0.233355 0)
(-0.160063 0.233318 0)
(-0.159174 0.23069 0)
(-0.157743 0.225499 0)
(-0.155838 0.217846 0)
(-0.153532 0.207891 0)
(-0.150906 0.195844 0)
(-0.148046 0.181948 0)
(-0.145037 0.166467 0)
(-0.141963 0.149671 0)
(-0.138906 0.131825 0)
(-0.135945 0.11318 0)
(-0.133153 0.0939581 0)
(-0.130599 0.0743538 0)
(-0.128349 0.054523 0)
(-0.126467 0.0345816 0)
(-0.125016 0.0146015 0)
(-0.124061 -0.00539163 0)
(-0.123673 -0.0254227 0)
(-0.123929 -0.0455716 0)
(-0.124912 -0.0659786 0)
(-0.126717 -0.0868514 0)
(-0.12944 -0.108471 0)
(-0.133182 -0.131195 0)
(-0.138033 -0.155459 0)
(-0.144057 -0.181758 0)
(-0.151263 -0.210626 0)
(-0.159564 -0.242566 0)
(-0.168718 -0.277952 0)
(-0.178238 -0.316844 0)
(-0.187288 -0.358723 0)
(-0.194572 -0.402085 0)
(-0.198261 -0.44395 0)
(-0.196051 -0.47934 0)
(-0.185477 -0.501028 0)
(-0.164632 -0.500034 0)
(-0.133305 -0.467563 0)
(-0.0941905 -0.398778 0)
(-0.0533928 -0.297287 0)
(-0.0197697 -0.17656 0)
(-0.00300498 -0.0546583 0)
(-0.000315739 0.00479339 0)
(-0.00198124 0.0138868 0)
(-0.00534044 0.0219264 0)
(-0.00977112 0.0286556 0)
(-0.0148823 0.0340261 0)
(-0.0204148 0.0381149 0)
(-0.0261602 0.041075 0)
(-0.0319625 0.0430982 0)
(-0.0377146 0.044388 0)
(-0.0433475 0.0451426 0)
(-0.0488202 0.0455463 0)
(-0.054112 0.0457659 0)
(-0.0592165 0.045951 0)
(-0.0641366 0.0462367 0)
(-0.068882 0.0467462 0)
(-0.0734661 0.0475939 0)
(-0.0779054 0.0488881 0)
(-0.0822177 0.0507313 0)
(-0.0864215 0.0532216 0)
(-0.0905347 0.0564511 0)
(-0.0945737 0.0605044 0)
(-0.0985521 0.0654564 0)
(-0.102479 0.0713684 0)
(-0.10636 0.0782846 0)
(-0.110189 0.0862269 0)
(-0.113957 0.0951902 0)
(-0.117642 0.105136 0)
(-0.121213 0.115989 0)
(-0.124627 0.127628 0)
(-0.127833 0.139887 0)
(-0.130771 0.152548 0)
(-0.133376 0.165347 0)
(-0.135578 0.177975 0)
(-0.137313 0.190087 0)
(-0.138522 0.20132 0)
(-0.13916 0.211304 0)
(-0.139195 0.219686 0)
(-0.138618 0.226148 0)
(-0.137437 0.230429 0)
(-0.135684 0.232332 0)
(-0.133405 0.231741 0)
(-0.130664 0.228618 0)
(-0.127536 0.223002 0)
(-0.124105 0.215001 0)
(-0.120457 0.204783 0)
(-0.116681 0.192557 0)
(-0.112864 0.178568 0)
(-0.10909 0.163077 0)
(-0.105438 0.14635 0)
(-0.101981 0.128647 0)
(-0.0987826 0.110213 0)
(-0.0959031 0.0912651 0)
(-0.0933947 0.0719931 0)
(-0.0913057 0.0525496 0)
(-0.0896812 0.0330492 0)
(-0.0885663 0.013565 0)
(-0.0880079 -0.00587415 0)
(-0.0880576 -0.025287 0)
(-0.0887742 -0.0447455 0)
(-0.0902253 -0.0643808 0)
(-0.0924884 -0.0843914 0)
(-0.095651 -0.105052 0)
(-0.0998074 -0.126719 0)
(-0.105053 -0.149837 0)
(-0.111474 -0.174932 0)
(-0.119124 -0.202595 0)
(-0.127992 -0.233438 0)
(-0.137954 -0.268009 0)
(-0.148688 -0.306645 0)
(-0.159567 -0.349218 0)
(-0.169525 -0.394739 0)
(-0.176918 -0.4408 0)
(-0.179481 -0.482883 0)
(-0.174502 -0.513773 0)
(-0.15943 -0.523574 0)
(-0.133031 -0.501214 0)
(-0.0968891 -0.438324 0)
(-0.0565471 -0.33506 0)
(-0.0215569 -0.203867 0)
(-0.00342027 -0.0650107 0)
(-0.00035962 0.00587585 0)
(-0.00223075 0.0166951 0)
(-0.00597307 0.0260228 0)
(-0.0108685 0.0336471 0)
(-0.0164686 0.0395849 0)
(-0.0224811 0.0439835 0)
(-0.0286757 0.0470618 0)
(-0.0348843 0.0490679 0)
(-0.0409943 0.0502504 0)
(-0.0469349 0.050842 0)
(-0.0526654 0.0510518 0)
(-0.0581656 0.0510638 0)
(-0.063429 0.0510393 0)
(-0.0684579 0.0511209 0)
(-0.0732596 0.0514364 0)
(-0.0778441 0.0521033 0)
(-0.0822232 0.0532311 0)
(-0.0864088 0.054923 0)
(-0.0904121 0.0572765 0)
(-0.0942431 0.0603821 0)
(-0.0979093 0.0643221 0)
(-0.101415 0.0691673 0)
(-0.104759 0.0749742 0)
(-0.107937 0.0817806 0)
(-0.110935 0.0896009 0)
(-0.113733 0.0984214 0)
(-0.116304 0.108195 0)
(-0.118612 0.118836 0)
(-0.120611 0.130215 0)
(-0.122253 0.142159 0)
(-0.123484 0.154447 0)
(-0.124249 0.16681 0)
(-0.124496 0.178945 0)
(-0.12418 0.190513 0)
(-0.12327 0.201164 0)
(-0.121748 0.210543 0)
(-0.119616 0.218317 0)
(-0.116895 0.224189 0)
(-0.113628 0.227915 0)
(-0.109874 0.229319 0)
(-0.105708 0.228298 0)
(-0.101218 0.224826 0)
(-0.0964974 0.21895 0)
(-0.0916438 0.210781 0)
(-0.0867548 0.200485 0)
(-0.0819245 0.188273 0)
(-0.0772415 0.174382 0)
(-0.0727867 0.159067 0)
(-0.0686328 0.142587 0)
(-0.0648426 0.125194 0)
(-0.0614702 0.107125 0)
(-0.0585609 0.0885907 0)
(-0.0561529 0.069774 0)
(-0.054279 0.050824 0)
(-0.0529687 0.0318533 0)
(-0.0522509 0.012936 0)
(-0.0521558 -0.00589575 0)
(-0.0527179 -0.0246552 0)
(-0.0539782 -0.0434061 0)
(-0.0559864 -0.0622698 0)
(-0.0588024 -0.0814342 0)
(-0.0624974 -0.101163 0)
(-0.0671535 -0.121806 0)
(-0.0728606 -0.143806 0)
(-0.0797099 -0.167702 0)
(-0.0877801 -0.194117 0)
(-0.0971133 -0.223735 0)
(-0.107674 -0.257237 0)
(-0.119282 -0.295179 0)
(-0.131509 -0.337783 0)
(-0.143532 -0.384562 0)
(-0.153958 -0.433745 0)
(-0.160681 -0.481464 0)
(-0.160908 -0.520854 0)
(-0.151607 -0.541541 0)
(-0.130591 -0.530515 0)
(-0.0982136 -0.475747 0)
(-0.0591248 -0.373047 0)
(-0.0232409 -0.232576 0)
(-0.00384673 -0.0762833 0)
(-0.000408769 0.00709518 0)
(-0.00250728 0.0198305 0)
(-0.00666837 0.0305591 0)
(-0.0120644 0.0391285 0)
(-0.0181817 0.0456387 0)
(-0.0246917 0.0503226 0)
(-0.0313419 0.0534773 0)
(-0.0379525 0.0554159 0)
(-0.0444068 0.0564379 0)
(-0.0506339 0.0568131 0)
(-0.0565947 0.0567765 0)
(-0.0622708 0.0565292 0)
(-0.0676564 0.0562431 0)
(-0.0727531 0.056067 0)
(-0.0775664 0.0561323 0)
(-0.0821029 0.0565577 0)
(-0.0863692 0.0574531 0)
(-0.0903712 0.0589209 0)
(-0.0941129 0.0610571 0)
(-0.097596 0.06395 0)
(-0.100819 0.0676784 0)
(-0.103778 0.0723094 0)
(-0.106462 0.0778944 0)
(-0.108857 0.0844651 0)
(-0.110944 0.0920294 0)
(-0.112694 0.100567 0)
(-0.114076 0.110022 0)
(-0.115051 0.120304 0)
(-0.115577 0.131278 0)
(-0.115607 0.142767 0)
(-0.115098 0.15455 0)
(-0.114006 0.166363 0)
(-0.112299 0.177908 0)
(-0.109952 0.188861 0)
(-0.10696 0.198884 0)
(-0.103332 0.207644 0)
(-0.0991002 0.214826 0)
(-0.0943156 0.220153 0)
(-0.0890486 0.223401 0)
(-0.083386 0.224409 0)
(-0.0774269 0.223085 0)
(-0.0712787 0.219411 0)
(-0.065052 0.213437 0)
(-0.0588571 0.205273 0)
(-0.0527997 0.195082 0)
(-0.0469783 0.183065 0)
(-0.0414822 0.169454 0)
(-0.0363896 0.154494 0)
(-0.0317674 0.138431 0)
(-0.0276705 0.12151 0)
(-0.0241429 0.103954 0)
(-0.0212189 0.0859691 0)
(-0.0189249 0.06773 0)
(-0.017281 0.0493815 0)
(-0.0163038 0.0310342 0)
(-0.0160082 0.012762 0)
(-0.0164104 -0.00540019 0)
(-0.0175292 -0.0234609 0)
(-0.0193888 -0.0414765 0)
(-0.0220211 -0.0595595 0)
(-0.0254673 -0.0778867 0)
(-0.0297797 -0.0967102 0)
(-0.0350231 -0.116368 0)
(-0.0412741 -0.137295 0)
(-0.0486185 -0.160029 0)
(-0.0571435 -0.185207 0)
(-0.0669216 -0.213553 0)
(-0.0779812 -0.245837 0)
(-0.0902536 -0.282782 0)
(-0.103483 -0.324897 0)
(-0.117086 -0.372152 0)
(-0.129952 -0.423427 0)
(-0.140226 -0.475632 0)
(-0.145185 -0.522555 0)
(-0.141494 -0.55381 0)
(-0.126136 -0.554912 0)
(-0.0981813 -0.51027 0)
(-0.061099 -0.410613 0)
(-0.0248064 -0.2624 0)
(-0.00428151 -0.0884323 0)
(-0.000464655 0.00846738 0)
(-0.00281806 0.0233272 0)
(-0.00744241 0.0355746 0)
(-0.0133826 0.0451348 0)
(-0.0200504 0.052212 0)
(-0.0270773 0.0571443 0)
(-0.034188 0.0603214 0)
(-0.0411925 0.0621315 0)
(-0.0479721 0.0629308 0)
(-0.0544584 0.0630291 0)
(-0.0606157 0.062688 0)
(-0.0664288 0.0621249 0)
(-0.0718939 0.0615214 0)
(-0.077013 0.0610307 0)
(-0.0817898 0.0607861 0)
(-0.0862277 0.0609063 0)
(-0.0903287 0.0614999 0)
(-0.0940923 0.0626675 0)
(-0.0975154 0.0645026 0)
(-0.100592 0.0670904 0)
(-0.103311 0.0705065 0)
(-0.105661 0.0748135 0)
(-0.107623 0.0800583 0)
(-0.109176 0.0862677 0)
(-0.110292 0.093444 0)
(-0.11094 0.101561 0)
(-0.111085 0.11056 0)
(-0.11069 0.120345 0)
(-0.109713 0.13078 0)
(-0.108118 0.141688 0)
(-0.105868 0.152851 0)
(-0.102937 0.164015 0)
(-0.0993082 0.174892 0)
(-0.0949801 0.185173 0)
(-0.0899691 0.19454 0)
(-0.084312 0.202678 0)
(-0.0780661 0.209293 0)
(-0.0713092 0.214129 0)
(-0.0641367 0.216979 0)
(-0.0566587 0.217693 0)
(-0.0489951 0.21619 0)
(-0.0412706 0.212455 0)
(-0.0336101 0.206537 0)
(-0.0261346 0.198542 0)
(-0.0189574 0.188624 0)
(-0.0121804 0.176976 0)
(-0.00589365 0.163817 0)
(-0.00017368 0.149377 0)
(0.00491692 0.133894 0)
(0.00932954 0.117595 0)
(0.0130278 0.100698 0)
(0.0159858 0.0833956 0)
(0.0181865 0.0658568 0)
(0.0196196 0.0482211 0)
(0.0202789 0.0305962 0)
(0.0201609 0.0130554 0)
(0.0192616 -0.00436493 0)
(0.0175762 -0.0216699 0)
(0.0150958 -0.0389104 0)
(0.0118057 -0.056191 0)
(0.0076832 -0.0736787 0)
(0.0026957 -0.0916139 0)
(-0.00320187 -0.110322 0)
(-0.0100686 -0.130224 0)
(-0.017978 -0.151847 0)
(-0.0270141 -0.17583 0)
(-0.0372635 -0.202911 0)
(-0.0487954 -0.233911 0)
(-0.0616232 -0.269666 0)
(-0.0756332 -0.310905 0)
(-0.0904585 -0.35799 0)
(-0.105278 -0.410416 0)
(-0.118545 -0.465942 0)
(-0.127741 -0.519253 0)
(-0.129404 -0.560406 0)
(-0.11984 -0.574007 0)
(-0.0968496 -0.541208 0)
(-0.0624772 -0.447134 0)
(-0.0262552 -0.293042 0)
(-0.0047246 -0.101412 0)
(-0.000529366 0.0100129 0)
(-0.00317315 0.0272287 0)
(-0.00831705 0.0411182 0)
(-0.014855 0.0517077 0)
(-0.022112 0.0593329 0)
(-0.0296759 0.0644606 0)
(-0.0372488 0.0675907 0)
(-0.0446328 0.0691983 0)
(-0.0517106 0.0697024 0)
(-0.0584193 0.0694555 0)
(-0.0647296 0.0687459 0)
(-0.0706317 0.0678067 0)
(-0.0761254 0.0668268 0)
(-0.0812141 0.0659625 0)
(-0.0859007 0.0653469 0)
(-0.0901863 0.0650968 0)
(-0.0940681 0.0653182 0)
(-0.0975402 0.0661087 0)
(-0.100592 0.0675581 0)
(-0.103211 0.0697484 0)
(-0.105378 0.0727511 0)
(-0.107072 0.0766254 0)
(-0.108268 0.0814138 0)
(-0.108937 0.0871393 0)
(-0.109048 0.0938005 0)
(-0.108567 0.101368 0)
(-0.107457 0.10978 0)
(-0.105683 0.11894 0)
(-0.103209 0.128714 0)
(-0.100005 0.138929 0)
(-0.0960484 0.149375 0)
(-0.0913257 0.159806 0)
(-0.0858383 0.169952 0)
(-0.0796046 0.17952 0)
(-0.072663 0.188211 0)
(-0.0650728 0.195734 0)
(-0.0569146 0.201815 0)
(-0.0482888 0.206215 0)
(-0.0393124 0.208743 0)
(-0.0301148 0.209262 0)
(-0.0208337 0.207696 0)
(-0.0116086 0.20403 0)
(-0.00257581 0.198309 0)
(0.00613314 0.190632 0)
(0.0143986 0.181144 0)
(0.0221155 0.170022 0)
(0.0291918 0.157471 0)
(0.0355518 0.143708 0)
(0.0411357 0.128954 0)
(0.0458986 0.113424 0)
(0.0498092 0.0973233 0)
(0.0528476 0.0808344 0)
(0.0550036 0.0641185 0)
(0.0562743 0.0473092 0)
(0.056662 0.0305106 0)
(0.0561723 0.0137942 0)
(0.0548118 -0.00280353 0)
(0.052588 -0.0192858 0)
(0.049506 -0.0356996 0)
(0.0455669 -0.0521438 0)
(0.0407654 -0.0687771 0)
(0.0350881 -0.085829 0)
(0.0285092 -0.103611 0)
(0.0209884 -0.12253 0)
(0.0124682 -0.143096 0)
(0.00287333 -0.165936 0)
(-0.00788548 -0.191787 0)
(-0.0199008 -0.221488 0)
(-0.0332434 -0.255943 0)
(-0.0479092 -0.296035 0)
(-0.0637159 -0.342434 0)
(-0.0801166 -0.395187 0)
(-0.0959063 -0.452906 0)
(-0.108867 -0.511351 0)
(-0.115582 -0.561447 0)
(-0.111861 -0.587516 0)
(-0.0942897 -0.567958 0)
(-0.063292 -0.482015 0)
(-0.0276085 -0.324218 0)
(-0.00518047 -0.115185 0)
(-0.000605947 0.0117585 0)
(-0.00358675 0.0315907 0)
(-0.0093224 0.0472511 0)
(-0.0165242 0.0588974 0)
(-0.024415 0.0670323 0)
(-0.0325351 0.0722811 0)
(-0.0405653 0.0752757 0)
(-0.0483038 0.076591 0)
(-0.0556397 0.0767154 0)
(-0.06252 0.0760464 0)
(-0.0689255 0.0748989 0)
(-0.0748547 0.0735195 0)
(-0.0803133 0.0721028 0)
(-0.0853077 0.0708054 0)
(-0.0898416 0.0697579 0)
(-0.0939142 0.0690737 0)
(-0.0975197 0.0688544 0)
(-0.100647 0.0691929 0)
(-0.103279 0.070175 0)
(-0.105395 0.0718783 0)
(-0.106971 0.0743708 0)
(-0.107978 0.0777079 0)
(-0.108382 0.0819291 0)
(-0.108152 0.0870547 0)
(-0.10725 0.0930812 0)
(-0.105641 0.0999781 0)
(-0.103289 0.107684 0)
(-0.10016 0.116105 0)
(-0.0962265 0.12511 0)
(-0.0914663 0.134534 0)
(-0.0858678 0.144177 0)
(-0.0794325 0.153808 0)
(-0.0721782 0.163171 0)
(-0.0641416 0.171995 0)
(-0.0553803 0.180002 0)
(-0.0459734 0.186921 0)
(-0.0360212 0.1925 0)
(-0.0256429 0.196518 0)
(-0.0149732 0.198796 0)
(-0.00415728 0.199208 0)
(0.00665196 0.197681 0)
(0.0173025 0.194199 0)
(0.0276483 0.188802 0)
(0.03755 0.181577 0)
(0.0468814 0.172656 0)
(0.0555328 0.162202 0)
(0.0634102 0.150402 0)
(0.0704372 0.137457 0)
(0.0765545 0.123572 0)
(0.0817193 0.108947 0)
(0.0859029 0.0937742 0)
(0.0890894 0.0782253 0)
(0.091273 0.0624528 0)
(0.0924565 0.0465835 0)
(0.0926488 0.0307169 0)
(0.0918635 0.0149212 0)
(0.0901161 -0.000768466 0)
(0.087425 -0.016354 0)
(0.0838076 -0.0318816 0)
(0.0792789 -0.0474459 0)
(0.0738494 -0.0631987 0)
(0.0675223 -0.0793598 0)
(0.0602896 -0.0962274 0)
(0.0521281 -0.114191 0)
(0.0429956 -0.133743 0)
(0.0328279 -0.155489 0)
(0.0215381 -0.18015 0)
(0.00902155 -0.208564 0)
(-0.00483078 -0.241661 0)
(-0.0200958 -0.280418 0)
(-0.0367407 -0.32573 0)
(-0.0544637 -0.378106 0)
(-0.0724037 -0.436963 0)
(-0.0887164 -0.49924 0)
(-0.100182 -0.557097 0)
(-0.102303 -0.595231 0)
(-0.0905581 -0.58997 0)
(-0.0635896 -0.51467 0)
(-0.0289108 -0.355659 0)
(-0.00566075 -0.129732 0)
(-0.000698977 0.01374 0)
(-0.00407942 0.0364866 0)
(-0.0105007 0.0540507 0)
(-0.0184479 0.0667638 0)
(-0.0270225 0.0753428 0)
(-0.0357136 0.0806102 0)
(-0.0441842 0.0833559 0)
(-0.0522354 0.0842694 0)
(-0.0597694 0.0839157 0)
(-0.0667491 0.0827388 0)
(-0.0731705 0.0810784 0)
(-0.0790441 0.0791926 0)
(-0.0843843 0.0772782 0)
(-0.089203 0.0754896 0)
(-0.0935063 0.0739526 0)
(-0.0972934 0.0727746 0)
(-0.100556 0.0720509 0)
(-0.10328 0.0718689 0)
(-0.105443 0.0723088 0)
(-0.107018 0.0734434 0)
(-0.107974 0.0753369 0)
(-0.108275 0.0780413 0)
(-0.107883 0.081594 0)
(-0.106759 0.0860138 0)
(-0.104864 0.0912971 0)
(-0.10216 0.0974145 0)
(-0.0986113 0.104308 0)
(-0.0941887 0.111886 0)
(-0.0888691 0.120028 0)
(-0.0826396 0.128577 0)
(-0.0754997 0.137345 0)
(-0.067464 0.146119 0)
(-0.0585653 0.15466 0)
(-0.0488564 0.162718 0)
(-0.0384113 0.170036 0)
(-0.0273259 0.176366 0)
(-0.0157166 0.181474 0)
(-0.00371794 0.185156 0)
(0.00852118 0.187248 0)
(0.0208425 0.18763 0)
(0.0330822 0.18623 0)
(0.0450781 0.183032 0)
(0.0566749 0.178065 0)
(0.0677265 0.171407 0)
(0.0781012 0.163173 0)
(0.087684 0.153509 0)
(0.0963782 0.142586 0)
(0.104105 0.130585 0)
(0.110805 0.117695 0)
(0.116434 0.1041 0)
(0.120966 0.0899768 0)
(0.124386 0.0754871 0)
(0.126692 0.0607727 0)
(0.12789 0.0459531 0)
(0.127995 0.0311213 0)
(0.127026 0.0163418 0)
(0.125009 0.00164648 0)
(0.12197 -0.0129678 0)
(0.117936 -0.0275466 0)
(0.112935 -0.0421818 0)
(0.106989 -0.0570199 0)
(0.100116 -0.0722715 0)
(0.0923217 -0.0882221 0)
(0.0835957 -0.105243 0)
(0.0739083 -0.123806 0)
(0.0632041 -0.14449 0)
(0.0513993 -0.167992 0)
(0.0383816 -0.195128 0)
(0.0240162 -0.226829 0)
(0.00816781 -0.264115 0)
(-0.00924703 -0.308028 0)
(-0.0281337 -0.35943 0)
(-0.0479573 -0.418461 0)
(-0.067287 -0.48326 0)
(-0.0832319 -0.54752 0)
(-0.0911876 -0.596973 0)
(-0.0856676 -0.606717 0)
(-0.0634133 -0.544507 0)
(-0.0302338 -0.387114 0)
(-0.0061888 -0.145068 0)
(-0.000815611 0.0160066 0)
(-0.00468174 0.0420137 0)
(-0.0119123 0.0616159 0)
(-0.0207053 0.0753776 0)
(-0.0300167 0.084296 0)
(-0.0392828 0.089441 0)
(-0.0481563 0.0917924 0)
(-0.0564513 0.0921712 0)
(-0.0640928 0.0912247 0)
(-0.071068 0.0894437 0)
(-0.077394 0.0871905 0)
(-0.0830981 0.0847303 0)
(-0.0882069 0.082259 0)
(-0.0927408 0.0799251 0)
(-0.0967107 0.0778467 0)
(-0.100118 0.0761227 0)
(-0.102955 0.0748406 0)
(-0.105204 0.0740799 0)
(-0.10684 0.0739145 0)
(-0.107832 0.0744116 0)
(-0.108142 0.075631 0)
(-0.10773 0.0776216 0)
(-0.106551 0.0804193 0)
(-0.104563 0.0840426 0)
(-0.101721 0.0884894 0)
(-0.097986 0.0937334 0)
(-0.0933231 0.0997213 0)
(-0.0877046 0.106371 0)
(-0.0811126 0.113568 0)
(-0.0735414 0.12117 0)
(-0.0649998 0.129005 0)
(-0.055514 0.136874 0)
(-0.0451292 0.144561 0)
(-0.0339115 0.151836 0)
(-0.0219488 0.158464 0)
(-0.00935027 0.164216 0)
(0.00375491 0.16888 0)
(0.0172203 0.172267 0)
(0.0308861 0.174224 0)
(0.044584 0.174637 0)
(0.0581419 0.173437 0)
(0.0713897 0.170602 0)
(0.0841646 0.166153 0)
(0.0963147 0.160155 0)
(0.107703 0.152707 0)
(0.11821 0.143937 0)
(0.127734 0.133996 0)
(0.136196 0.123048 0)
(0.143531 0.111261 0)
(0.149697 0.0988058 0)
(0.154664 0.0858421 0)
(0.158421 0.0725187 0)
(0.160966 0.0589667 0)
(0.16231 0.0452965 0)
(0.16247 0.0315943 0)
(0.161473 0.0179188 0)
(0.159349 0.00429839 0)
(0.156132 -0.00927353 0)
(0.151858 -0.0228427 0)
(0.146563 -0.0364984 0)
(0.140279 -0.0503825 0)
(0.133032 -0.0646969 0)
(0.124836 -0.079714 0)
(0.11569 -0.0957869 0)
(0.10557 -0.113362 0)
(0.094425 -0.132991 0)
(0.08217 -0.155337 0)
(0.0686851 -0.181187 0)
(0.0538152 -0.211447 0)
(0.0373809 -0.247143 0)
(0.0192113 -0.289395 0)
(-0.000766483 -0.339317 0)
(-0.0223101 -0.397646 0)
(-0.0444143 -0.46368 0)
(-0.0646238 -0.53285 0)
(-0.078428 -0.592557 0)
(-0.0795579 -0.617645 0)
(-0.062783 -0.570886 0)
(-0.0316812 -0.418332 0)
(-0.00680737 -0.161263 0)
(-0.000967499 0.0186279 0)
(-0.00544049 0.0483045 0)
(-0.0136449 0.0700731 0)
(-0.0234061 0.0848203 0)
(-0.0335047 0.0939165 0)
(-0.0433278 0.098746 0)
(-0.0525318 0.100517 0)
(-0.0609589 0.100198 0)
(-0.068571 0.0985258 0)
(-0.07539 0.096034 0)
(-0.0814617 0.0931031 0)
(-0.0868358 0.0900006 0)
(-0.0915555 0.0869165 0)
(-0.0956529 0.0839895 0)
(-0.0991471 0.0813267 0)
(-0.102045 0.0790163 0)
(-0.10434 0.077135 0)
(-0.106017 0.0757535 0)
(-0.107048 0.0749372 0)
(-0.1074 0.074747 0)
(-0.107031 0.0752374 0)
(-0.105897 0.0764544 0)
(-0.103949 0.078432 0)
(-0.101138 0.0811895 0)
(-0.0974176 0.0847273 0)
(-0.0927446 0.0890242 0)
(-0.0870828 0.0940338 0)
(-0.0804052 0.0996832 0)
(-0.0726964 0.105871 0)
(-0.0639553 0.112469 0)
(-0.0541972 0.11932 0)
(-0.0434564 0.126248 0)
(-0.0317873 0.133054 0)
(-0.0192661 0.139531 0)
(-0.00599088 0.145466 0)
(0.00791943 0.15065 0)
(0.0223263 0.154889 0)
(0.0370746 0.15801 0)
(0.0519969 0.15987 0)
(0.0669179 0.16036 0)
(0.0816594 0.159413 0)
(0.0960455 0.157 0)
(0.109908 0.153135 0)
(0.12309 0.147867 0)
(0.13545 0.14128 0)
(0.146864 0.133484 0)
(0.157227 0.124609 0)
(0.166455 0.114799 0)
(0.174483 0.104206 0)
(0.181264 0.0929798 0)
(0.186769 0.0812656 0)
(0.190986 0.0691978 0)
(0.193914 0.0568956 0)
(0.195566 0.0444592 0)
(0.195962 0.0319664 0)
(0.195134 0.0194695 0)
(0.193115 0.00699204 0)
(0.189945 -0.0054749 0)
(0.185664 -0.0179792 0)
(0.180316 -0.0306072 0)
(0.173935 -0.0434957 0)
(0.16655 -0.0568376 0)
(0.15818 -0.070891 0)
(0.148823 -0.0859893 0)
(0.138456 -0.102553 0)
(0.127023 -0.121101 0)
(0.114433 -0.14226 0)
(0.100555 -0.166776 0)
(0.0852109 -0.195519 0)
(0.0681861 -0.229493 0)
(0.0492422 -0.269842 0)
(0.0281752 -0.317835 0)
(0.00497852 -0.374667 0)
(-0.0197557 -0.440684 0)
(-0.0440861 -0.513165 0)
(-0.0637965 -0.581751 0)
(-0.0720609 -0.622129 0)
(-0.0616674 -0.593061 0)
(-0.0333913 -0.449038 0)
(-0.00759063 -0.178471 0)
(-0.00117449 0.0217057 0)
(-0.00642948 0.0555426 0)
(-0.0158285 0.0795841 0)
(-0.0267027 0.0951806 0)
(-0.0376239 0.104211 0)
(-0.0479441 0.10846 0)
(-0.0573474 0.109412 0)
(-0.0657284 0.108199 0)
(-0.0731039 0.105646 0)
(-0.0795437 0.102325 0)
(-0.0851317 0.0986279 0)
(-0.0899462 0.0948164 0)
(-0.094052 0.0910691 0)
(-0.0974972 0.0875104 0)
(-0.100313 0.0842329 0)
(-0.102513 0.0813108 0)
(-0.1041 0.0788085 0)
(-0.105059 0.0767849 0)
(-0.105366 0.0752961 0)
(-0.104988 0.0743947 0)
(-0.103881 0.0741292 0)
(-0.101998 0.0745414 0)
(-0.0992876 0.0756637 0)
(-0.0956961 0.0775157 0)
(-0.0911727 0.0801012 0)
(-0.0856707 0.0834046 0)
(-0.0791506 0.0873882 0)
(-0.0715832 0.0919902 0)
(-0.0629522 0.0971232 0)
(-0.0532571 0.102674 0)
(-0.0425154 0.108507 0)
(-0.0307648 0.114463 0)
(-0.0180645 0.120366 0)
(-0.00449595 0.126031 0)
(0.00983729 0.131267 0)
(0.0248105 0.135885 0)
(0.0402798 0.139709 0)
(0.0560854 0.142579 0)
(0.0720554 0.144363 0)
(0.0880105 0.144957 0)
(0.103769 0.144294 0)
(0.119151 0.14234 0)
(0.133985 0.139098 0)
(0.148111 0.134605 0)
(0.161384 0.128928 0)
(0.173675 0.122158 0)
(0.184876 0.114406 0)
(0.194901 0.105795 0)
(0.203679 0.0964573 0)
(0.211163 0.0865246 0)
(0.217322 0.0761253 0)
(0.222141 0.0653787 0)
(0.225622 0.0543908 0)
(0.227776 0.0432507 0)
(0.228627 0.032027 0)
(0.228205 0.020765 0)
(0.22655 0.00948277 0)
(0.223699 -0.00183248 0)
(0.219697 -0.0132236 0)
(0.214586 -0.0247789 0)
(0.208401 -0.0366291 0)
(0.201169 -0.0489559 0)
(0.192902 -0.0620015 0)
(0.183594 -0.0760774 0)
(0.173212 -0.0915758 0)
(0.161691 -0.10898 0)
(0.148925 -0.128876 0)
(0.134761 -0.151963 0)
(0.118998 -0.179065 0)
(0.101384 -0.211144 0)
(0.0816246 -0.249333 0)
(0.0594147 -0.294971 0)
(0.0345457 -0.349573 0)
(0.00722865 -0.414367 0)
(-0.0211592 -0.488469 0)
(-0.0468901 -0.564254 0)
(-0.0628548 -0.619429 0)
(-0.0599394 -0.61011 0)
(-0.0355283 -0.478871 0)
(-0.00866033 -0.196967 0)
(-0.00147195 0.0253951 0)
(-0.00776864 0.0639866 0)
(-0.0186587 0.0903544 0)
(-0.0308064 0.106545 0)
(-0.0425443 0.115144 0)
(-0.0532235 0.118455 0)
(-0.0625984 0.118282 0)
(-0.0706498 0.115938 0)
(-0.0774742 0.112326 0)
(-0.0832053 0.108048 0)
(-0.0879754 0.103493 0)
(-0.0918991 0.0989093 0)
(-0.0950681 0.0944566 0)
(-0.097551 0.0902401 0)
(-0.0993948 0.0863338 0)
(-0.100627 0.0827952 0)
(-0.101257 0.0796733 0)
(-0.101281 0.0770139 0)
(-0.100678 0.0748612 0)
(-0.0994182 0.0732581 0)
(-0.097461 0.0722455 0)
(-0.0947582 0.0718596 0)
(-0.0912564 0.07213 0)
(-0.0869001 0.0730761 0)
(-0.0816341 0.0747045 0)
(-0.0754068 0.0770053 0)
(-0.0681737 0.0799498 0)
(-0.0599005 0.0834881 0)
(-0.0505662 0.0875477 0)
(-0.040166 0.0920332 0)
(-0.0287144 0.0968275 0)
(-0.0162464 0.101794 0)
(-0.00281966 0.106779 0)
(0.0114853 0.11162 0)
(0.0265653 0.116147 0)
(0.0422957 0.120192 0)
(0.0585324 0.123596 0)
(0.0751154 0.126215 0)
(0.0918728 0.127924 0)
(0.108625 0.128626 0)
(0.125189 0.128252 0)
(0.141385 0.126765 0)
(0.15704 0.124158 0)
(0.171991 0.120454 0)
(0.186091 0.115705 0)
(0.199209 0.109981 0)
(0.211234 0.103376 0)
(0.222074 0.0959913 0)
(0.231659 0.0879393 0)
(0.239937 0.0793331 0)
(0.246873 0.0702834 0)
(0.252452 0.0608938 0)
(0.256673 0.0512565 0)
(0.259545 0.0414489 0)
(0.261092 0.0315303 0)
(0.261344 0.0215386 0)
(0.260335 0.0114871 0)
(0.258108 0.00136102 0)
(0.2547 -0.00888204 0)
(0.250145 -0.0193264 0)
(0.244475 -0.0300945 0)
(0.237709 -0.0413558 0)
(0.229848 -0.0533342 0)
(0.220873 -0.0663172 0)
(0.210734 -0.0806655 0)
(0.199346 -0.0968239 0)
(0.186582 -0.115333 0)
(0.17226 -0.136841 0)
(0.156148 -0.162117 0)
(0.137952 -0.192073 0)
(0.117324 -0.2278 0)
(0.0938777 -0.27065 0)
(0.0672434 -0.322323 0)
(0.0373035 -0.384729 0)
(0.00484573 -0.458696 0)
(-0.0270798 -0.539675 0)
(-0.0514004 -0.608636 0)
(-0.0573058 -0.620847 0)
(-0.0382437 -0.507293 0)
(-0.0102009 -0.217198 0)
(-0.0019256 0.0299422 0)
(-0.00965846 0.0740066 0)
(-0.0224313 0.102636 0)
(-0.0360034 0.118971 0)
(-0.0484568 0.1266 0)
(-0.059215 0.128488 0)
(-0.0681718 0.126809 0)
(-0.0754431 0.123049 0)
(-0.0812363 0.118178 0)
(-0.0857683 0.112806 0)
(-0.0892317 0.107303 0)
(-0.0917852 0.101892 0)
(-0.0935536 0.0967049 0)
(-0.0946307 0.091822 0)
(-0.0950838 0.0872947 0)
(-0.0949568 0.0831604 0)
(-0.0942732 0.0794505 0)
(-0.0930387 0.0761949 0)
(-0.0912431 0.0734243 0)
(-0.0888624 0.0711697 0)
(-0.0858607 0.0694624 0)
(-0.0821927 0.0683313 0)
(-0.0778058 0.0678013 0)
(-0.0726433 0.0678901 0)
(-0.0666467 0.0686056 0)
(-0.05976 0.0699427 0)
(-0.051932 0.0718808 0)
(-0.0431211 0.0743815 0)
(-0.0332978 0.0773871 0)
(-0.0224485 0.0808199 0)
(-0.0105782 0.084583 0)
(0.00228691 0.0885615 0)
(0.0160983 0.0926256 0)
(0.0307837 0.0966347 0)
(0.046248 0.100442 0)
(0.0623737 0.103901 0)
(0.0790238 0.106869 0)
(0.0960443 0.109216 0)
(0.113268 0.11083 0)
(0.130521 0.111617 0)
(0.147623 0.111509 0)
(0.164397 0.110465 0)
(0.180672 0.10847 0)
(0.196284 0.105534 0)
(0.211086 0.101691 0)
(0.224946 0.096998 0)
(0.237749 0.091525 0)
(0.249401 0.0853561 0)
(0.259828 0.0785827 0)
(0.268972 0.0712991 0)
(0.276797 0.0635984 0)
(0.283283 0.055568 0)
(0.288423 0.0472862 0)
(0.292225 0.0388188 0)
(0.294705 0.0302156 0)
(0.295889 0.0215078 0)
(0.295807 0.0127051 0)
(0.294493 0.00379267 0)
(0.291977 -0.00527527 0)
(0.288284 -0.0145726 0)
(0.283433 -0.0242117 0)
(0.277429 -0.0343473 0)
(0.270257 -0.0451832 0)
(0.261878 -0.0569795 0)
(0.252221 -0.0700625 0)
(0.241175 -0.0848346 0)
(0.22858 -0.101787 0)
(0.214225 -0.121511 0)
(0.197832 -0.144716 0)
(0.179061 -0.172252 0)
(0.157509 -0.205155 0)
(0.132711 -0.244746 0)
(0.104171 -0.2928 0)
(0.0714949 -0.351685 0)
(0.0348991 -0.423708 0)
(-0.00343064 -0.507545 0)
(-0.0368418 -0.588632 0)
(-0.0531915 -0.623696 0)
(-0.0415805 -0.533417 0)
(-0.0124586 -0.239816 0)
(-0.00266186 0.0357556 0)
(-0.0124414 0.0861357 0)
(-0.0275915 0.116716 0)
(-0.0426581 0.13243 0)
(-0.0555191 0.138302 0)
(-0.0658166 0.138124 0)
(-0.0736919 0.134465 0)
(-0.079463 0.128963 0)
(-0.0834868 0.122617 0)
(-0.0860857 0.116013 0)
(-0.087526 0.109483 0)
(-0.0880191 0.103206 0)
(-0.0877285 0.0972791 0)
(-0.086778 0.0917491 0)
(-0.0852583 0.0866404 0)
(-0.0832324 0.0819666 0)
(-0.0807398 0.0777387 0)
(-0.0777993 0.0739686 0)
(-0.0744115 0.070671 0)
(-0.0705614 0.0678631 0)
(-0.0662199 0.0655643 0)
(-0.0613465 0.0637943 0)
(-0.0558915 0.0625711 0)
(-0.0497984 0.0619083 0)
(-0.0430071 0.0618131 0)
(-0.0354569 0.062283 0)
(-0.0270905 0.0633036 0)
(-0.017857 0.0648464 0)
(-0.0077161 0.0668671 0)
(0.00335877 0.0693048 0)
(0.0153768 0.072082 0)
(0.0283273 0.0751055 0)
(0.0421776 0.0782686 0)
(0.056872 0.0814541 0)
(0.0723315 0.0845383 0)
(0.0884544 0.0873954 0)
(0.105119 0.0899027 0)
(0.122184 0.0919454 0)
(0.139497 0.0934211 0)
(0.156892 0.0942443 0)
(0.1742 0.0943487 0)
(0.191252 0.0936898 0)
(0.207879 0.0922454 0)
(0.223924 0.0900153 0)
(0.23924 0.0870198 0)
(0.253694 0.0832971 0)
(0.26717 0.0789004 0)
(0.279571 0.0738945 0)
(0.290816 0.0683515 0)
(0.300846 0.0623473 0)
(0.309615 0.0559574 0)
(0.317098 0.0492537 0)
(0.323279 0.0423009 0)
(0.32816 0.0351533 0)
(0.331747 0.027852 0)
(0.334058 0.0204221 0)
(0.335112 0.0128701 0)
(0.33493 0.00518096 0)
(0.333531 -0.00268597 0)
(0.330926 -0.010798 0)
(0.327118 -0.0192551 0)
(0.322093 -0.0281947 0)
(0.315816 -0.0377969 0)
(0.308223 -0.0482919 0)
(0.299219 -0.0599679 0)
(0.288661 -0.0731814 0)
(0.276357 -0.0883681 0)
(0.262053 -0.106058 0)
(0.245428 -0.126892 0)
(0.226086 -0.151651 0)
(0.203557 -0.181305 0)
(0.177301 -0.217113 0)
(0.146705 -0.260843 0)
(0.111152 -0.315103 0)
(0.0703303 -0.383334 0)
(0.0254192 -0.467356 0)
(-0.0178369 -0.558072 0)
(-0.0465497 -0.616556 0)
(-0.0452804 -0.555725 0)
(-0.0156922 -0.265614 0)
(-0.00392951 0.0435434 0)
(-0.0167088 0.101134 0)
(-0.0347859 0.132848 0)
(-0.0511518 0.146669 0)
(-0.0636775 0.149656 0)
(-0.0724936 0.146581 0)
(-0.0781532 0.140382 0)
(-0.0812623 0.132782 0)
(-0.0823742 0.124749 0)
(-0.0819423 0.1168 0)
(-0.0803202 0.109197 0)
(-0.0777792 0.102059 0)
(-0.0745251 0.0954321 0)
(-0.0707126 0.0893235 0)
(-0.0664554 0.0837239 0)
(-0.0618342 0.0786194 0)
(-0.0569023 0.0739971 0)
(-0.0516897 0.0698483 0)
(-0.0462064 0.0661697 0)
(-0.0404446 0.0629628 0)
(-0.0343813 0.0602333 0)
(-0.0279804 0.0579895 0)
(-0.0211948 0.0562402 0)
(-0.0139689 0.0549929 0)
(-0.00624105 0.0542514 0)
(0.0020531 0.0540132 0)
(0.0109776 0.0542675 0)
(0.0205925 0.0549929 0)
(0.0309503 0.0561561 0)
(0.0420924 0.0577108 0)
(0.0540455 0.059597 0)
(0.0668188 0.0617416 0)
(0.0804011 0.0640601 0)
(0.0947595 0.0664583 0)
(0.109839 0.0688354 0)
(0.125561 0.0710876 0)
(0.141826 0.0731118 0)
(0.158518 0.07481 0)
(0.175501 0.076093 0)
(0.192631 0.0768838 0)
(0.209753 0.0771205 0)
(0.22671 0.0767582 0)
(0.243347 0.0757701 0)
(0.259511 0.0741472 0)
(0.27506 0.0718978 0)
(0.289864 0.0690458 0)
(0.303806 0.065628 0)
(0.316785 0.0616917 0)
(0.328716 0.0572913 0)
(0.339531 0.0524855 0)
(0.349179 0.0473334 0)
(0.357621 0.0418922 0)
(0.364835 0.0362135 0)
(0.370807 0.0303413 0)
(0.375534 0.0243085 0)
(0.379019 0.0181351 0)
(0.381267 0.0118255 0)
(0.382285 0.00536593 0)
(0.382074 -0.00127873 0)
(0.380629 -0.00816689 0)
(0.377934 -0.0153845 0)
(0.373955 -0.0230493 0)
(0.368633 -0.0313158 0)
(0.361883 -0.0403813 0)
(0.353579 -0.0504926 0)
(0.34355 -0.0619558 0)
(0.331569 -0.075147 0)
(0.317341 -0.0905268 0)
(0.300496 -0.10866 0)
(0.28058 -0.130248 0)
(0.257051 -0.156179 0)
(0.229279 -0.187633 0)
(0.19654 -0.226308 0)
(0.158018 -0.274862 0)
(0.112933 -0.337442 0)
(0.061437 -0.418629 0)
(0.00770975 -0.51556 0)
(-0.0355186 -0.596722 0)
(-0.0484125 -0.571697 0)
(-0.0199938 -0.295292 0)
(-0.00621916 0.0545789 0)
(-0.0234701 0.120037 0)
(-0.0448468 0.15105 0)
(-0.0615879 0.160907 0)
(-0.0721167 0.15945 0)
(-0.0775309 0.15246 0)
(-0.079023 0.143112 0)
(-0.0775932 0.133084 0)
(-0.074042 0.123215 0)
(-0.0689757 0.11389 0)
(-0.0628416 0.105262 0)
(-0.0559681 0.0973627 0)
(-0.0485959 0.0901721 0)
(-0.0409002 0.0836458 0)
(-0.0330064 0.0777341 0)
(-0.0250013 0.0723905 0)
(-0.0169411 0.0675752 0)
(-0.00885693 0.0632568 0)
(-0.000758735 0.0594123 0)
(0.00736144 0.0560263 0)
(0.0155271 0.0530895 0)
(0.0237752 0.0505977 0)
(0.0321541 0.0485493 0)
(0.0407214 0.0469437 0)
(0.0495418 0.0457793 0)
(0.0586845 0.0450512 0)
(0.0682204 0.0447494 0)
(0.0782188 0.0448569 0)
(0.0887444 0.0453482 0)
(0.0998537 0.0461884 0)
(0.111592 0.0473321 0)
(0.123988 0.0487243 0)
(0.137057 0.0503001 0)
(0.15079 0.051987 0)
(0.16516 0.0537062 0)
(0.180118 0.0553756 0)
(0.195594 0.0569125 0)
(0.211499 0.0582371 0)
(0.227725 0.0592749 0)
(0.244151 0.0599602 0)
(0.260648 0.0602382 0)
(0.277075 0.0600668 0)
(0.293294 0.0594178 0)
(0.309164 0.0582771 0)
(0.324551 0.0566443 0)
(0.33933 0.054532 0)
(0.353384 0.0519635 0)
(0.366611 0.0489713 0)
(0.378921 0.0455946 0)
(0.390238 0.0418766 0)
(0.400502 0.0378619 0)
(0.409662 0.0335942 0)
(0.417684 0.0291135 0)
(0.42454 0.0244541 0)
(0.430211 0.019642 0)
(0.434686 0.0146926 0)
(0.437953 0.00960924 0)
(0.440002 0.00438034 0)
(0.440817 -0.00102391 0)
(0.440376 -0.00665104 0)
(0.438643 -0.0125717 0)
(0.435565 -0.0188829 0)
(0.431063 -0.0257118 0)
(0.425029 -0.0332202 0)
(0.417313 -0.0416113 0)
(0.407718 -0.0511371 0)
(0.395986 -0.0621087 0)
(0.381787 -0.0749105 0)
(0.364706 -0.0900212 0)
(0.344234 -0.108046 0)
(0.319754 -0.129776 0)
(0.290541 -0.156288 0)
(0.255741 -0.189167 0)
(0.214355 -0.230969 0)
(0.165202 -0.286088 0)
(0.107365 -0.361139 0)
(0.0429885 -0.459752 0)
(-0.0167575 -0.560956 0)
(-0.0487251 -0.577574 0)
(-0.0248306 -0.329318 0)
(-0.0104605 0.0712362 0)
(-0.03432 0.144069 0)
(-0.0583729 0.170571 0)
(-0.0726602 0.173227 0)
(-0.0775944 0.165292 0)
(-0.0760239 0.15328 0)
(-0.0700487 0.14027 0)
(-0.061155 0.127666 0)
(-0.0504117 0.116029 0)
(-0.0385618 0.105522 0)
(-0.0261121 0.0961322 0)
(-0.0134086 0.0877735 0)
(-0.000686364 0.0803381 0)
(0.0118969 0.0737186 0)
(0.0242388 0.067818 0)
(0.036277 0.0625534 0)
(0.0479791 0.0578567 0)
(0.0593361 0.0536731 0)
(0.0703574 0.0499606 0)
(0.0810679 0.0466872 0)
(0.0915053 0.0438299 0)
(0.101718 0.0413721 0)
(0.111766 0.039302 0)
(0.121714 0.037611 0)
(0.131635 0.0362913 0)
(0.141607 0.0353343 0)
(0.151708 0.0347291 0)
(0.162018 0.0344607 0)
(0.172613 0.0345088 0)
(0.183563 0.034847 0)
(0.194929 0.0354416 0)
(0.20676 0.0362521 0)
(0.219092 0.0372308 0)
(0.231942 0.0383243 0)
(0.24531 0.0394742 0)
(0.259175 0.040619 0)
(0.273498 0.0416963 0)
(0.28822 0.0426447 0)
(0.303262 0.0434063 0)
(0.318534 0.0439287 0)
(0.333929 0.0441672 0)
(0.349332 0.0440858 0)
(0.364623 0.0436589 0)
(0.379679 0.042871 0)
(0.394377 0.0417172 0)
(0.408599 0.0402026 0)
(0.422234 0.038341 0)
(0.435179 0.0361533 0)
(0.447341 0.0336664 0)
(0.458638 0.0309108 0)
(0.469002 0.0279188 0)
(0.478371 0.0247223 0)
(0.486699 0.0213512 0)
(0.493945 0.017831 0)
(0.500076 0.0141813 0)
(0.505065 0.0104139 0)
(0.508887 0.00653158 0)
(0.511513 0.00252521 0)
(0.512916 -0.00162936 0)
(0.513058 -0.00596838 0)
(0.511887 -0.0105472 0)
(0.509334 -0.0154415 0)
(0.505306 -0.02075 0)
(0.499677 -0.0265985 0)
(0.492284 -0.0331443 0)
(0.482909 -0.0405831 0)
(0.471275 -0.049157 0)
(0.457029 -0.0591678 0)
(0.439725 -0.0709963 0)
(0.41881 -0.0851364 0)
(0.393603 -0.102252 0)
(0.363281 -0.123283 0)
(0.326849 -0.149651 0)
(0.283103 -0.183701 0)
(0.230506 -0.229667 0)
(0.167163 -0.295186 0)
(0.0928529 -0.389653 0)
(0.0152238 -0.505771 0)
(-0.0418214 -0.568281 0)
(-0.0281597 -0.368104 0)
(-0.0181881 0.0981728 0)
(-0.0510233 0.173746 0)
(-0.0733238 0.188157 0)
(-0.0775255 0.17891 0)
(-0.0694533 0.162308 0)
(-0.0546509 0.144564 0)
(-0.0361835 0.127976 0)
(-0.0159058 0.113274 0)
(0.00500493 0.100521 0)
(0.0258372 0.0895413 0)
(0.0461767 0.0800947 0)
(0.0657891 0.0719478 0)
(0.0845507 0.0648939 0)
(0.102407 0.0587585 0)
(0.119347 0.0533985 0)
(0.13539 0.0486982 0)
(0.15057 0.0445655 0)
(0.164938 0.0409277 0)
(0.17855 0.0377283 0)
(0.191471 0.0349238 0)
(0.203772 0.0324812 0)
(0.215528 0.0303755 0)
(0.22682 0.0285876 0)
(0.237731 0.0271028 0)
(0.248347 0.0259089 0)
(0.258757 0.0249944 0)
(0.269051 0.0243475 0)
(0.279318 0.0239546 0)
(0.289642 0.0237992 0)
(0.300105 0.0238614 0)
(0.310779 0.0241168 0)
(0.321728 0.0245368 0)
(0.333003 0.0250883 0)
(0.344639 0.0257342 0)
(0.356658 0.0264344 0)
(0.369063 0.0271461 0)
(0.381838 0.0278259 0)
(0.39495 0.0284309 0)
(0.408348 0.02892 0)
(0.421967 0.0292558 0)
(0.435727 0.0294054 0)
(0.449534 0.0293422 0)
(0.463291 0.0290463 0)
(0.476891 0.0285046 0)
(0.490226 0.0277119 0)
(0.50319 0.0266696 0)
(0.515679 0.0253855 0)
(0.527593 0.023873 0)
(0.538841 0.0221497 0)
(0.549341 0.0202362 0)
(0.559017 0.0181546 0)
(0.567805 0.0159273 0)
(0.575649 0.0135752 0)
(0.582499 0.0111161 0)
(0.588315 0.00856393 0)
(0.593059 0.00592524 0)
(0.596697 0.00320395 0)
(0.599189 0.000391628 0)
(0.6005 -0.00252465 0)
(0.600584 -0.00557435 0)
(0.59938 -0.00879848 0)
(0.596812 -0.0122513 0)
(0.59278 -0.0160034 0)
(0.587153 -0.0201445 0)
(0.579761 -0.0247864 0)
(0.570386 -0.0300677 0)
(0.558745 -0.0361602 0)
(0.544482 -0.0432788 0)
(0.527145 -0.0516984 0)
(0.506165 -0.0617831 0)
(0.480827 -0.0740385 0)
(0.450231 -0.0892107 0)
(0.413241 -0.108477 0)
(0.368418 -0.133843 0)
(0.31384 -0.169038 0)
(0.246804 -0.221563 0)
(0.164566 -0.304747 0)
(0.0691532 -0.427011 0)
(-0.019958 -0.536148 0)
(-0.0247208 -0.409091 0)
(-0.0306472 0.144674 0)
(-0.0710098 0.203998 0)
(-0.0733835 0.191042 0)
(-0.0495615 0.165292 0)
(-0.0159846 0.140238 0)
(0.0202075 0.118491 0)
(0.0562393 0.100458 0)
(0.0907764 0.0857713 0)
(0.123182 0.0738231 0)
(0.153255 0.0640425 0)
(0.181012 0.0559718 0)
(0.20657 0.0492556 0)
(0.230086 0.043619 0)
(0.25173 0.0388489 0)
(0.271668 0.0347813 0)
(0.29006 0.0312899 0)
(0.307056 0.0282773 0)
(0.322792 0.0256685 0)
(0.337399 0.023406 0)
(0.350996 0.0214458 0)
(0.363699 0.0197541 0)
(0.375617 0.0183052 0)
(0.386856 0.0170793 0)
(0.397519 0.0160608 0)
(0.407709 0.0152371 0)
(0.417522 0.0145969 0)
(0.427057 0.0141297 0)
(0.436406 0.0138245 0)
(0.445659 0.013669 0)
(0.454899 0.0136496 0)
(0.464202 0.0137502 0)
(0.473636 0.0139526 0)
(0.483258 0.0142362 0)
(0.493111 0.0145782 0)
(0.503225 0.0149543 0)
(0.513616 0.0153386 0)
(0.524282 0.0157051 0)
(0.535206 0.0160279 0)
(0.546356 0.0162824 0)
(0.557685 0.016446 0)
(0.569131 0.0164991 0)
(0.580622 0.0164254 0)
(0.592077 0.016213 0)
(0.603409 0.0158541 0)
(0.614526 0.0153454 0)
(0.625333 0.014688 0)
(0.635741 0.0138869 0)
(0.645658 0.0129504 0)
(0.655003 0.0118896 0)
(0.663697 0.0107175 0)
(0.671671 0.00944792 0)
(0.678862 0.00809487 0)
(0.685216 0.00667142 0)
(0.690685 0.005189 0)
(0.695225 0.00365648 0)
(0.698804 0.00207429 0)
(0.701384 0.000446543 0)
(0.70293 -0.00123065 0)
(0.703406 -0.00296682 0)
(0.702761 -0.00478215 0)
(0.70094 -0.00670301 0)
(0.697871 -0.00876367 0)
(0.693459 -0.0110083 0)
(0.68758 -0.0134923 0)
(0.680076 -0.0162844 0)
(0.670742 -0.0194689 0)
(0.659317 -0.0231498 0)
(0.645468 -0.0274571 0)
(0.628776 -0.0325586 0)
(0.608702 -0.0386802 0)
(0.584557 -0.0461449 0)
(0.55544 -0.0554484 0)
(0.520139 -0.0674083 0)
(0.477002 -0.083491 0)
(0.423643 -0.106529 0)
(0.356554 -0.142661 0)
(0.270445 -0.2059 0)
(0.159862 -0.319252 0)
(0.0322789 -0.465188 0)
(-0.000587907 -0.431812 0)
(-0.0341541 0.219374 0)
(-0.0505927 0.211208 0)
(0.0189734 0.153266 0)
(0.0953805 0.115983 0)
(0.162382 0.0903441 0)
(0.220387 0.0711097 0)
(0.270804 0.0566732 0)
(0.314585 0.0459042 0)
(0.352625 0.037782 0)
(0.385809 0.0315403 0)
(0.414919 0.0266588 0)
(0.440599 0.0227825 0)
(0.463372 0.0196616 0)
(0.48367 0.017116 0)
(0.501848 0.0150153 0)
(0.518199 0.0132639 0)
(0.532971 0.0117918 0)
(0.54637 0.0105466 0)
(0.558576 0.00948963 0)
(0.569743 0.00859171 0)
(0.580009 0.00783104 0)
(0.589497 0.00719115 0)
(0.59832 0.00665946 0)
(0.606582 0.00622616 0)
(0.614383 0.00588329 0)
(0.621813 0.00562403 0)
(0.628961 0.00544209 0)
(0.635909 0.00533122 0)
(0.642734 0.00528485 0)
(0.649506 0.0052958 0)
(0.656289 0.00535612 0)
(0.66314 0.00545694 0)
(0.670104 0.00558854 0)
(0.677217 0.00574041 0)
(0.684504 0.0059014 0)
(0.691978 0.00606005 0)
(0.699638 0.00620483 0)
(0.707471 0.00632455 0)
(0.715454 0.00640874 0)
(0.723547 0.00644797 0)
(0.731705 0.00643428 0)
(0.73987 0.0063614 0)
(0.74798 0.00622498 0)
(0.755964 0.00602273 0)
(0.763751 0.0057544 0)
(0.771268 0.00542169 0)
(0.778443 0.00502807 0)
(0.785207 0.00457847 0)
(0.791495 0.00407894 0)
(0.797247 0.00353618 0)
(0.802412 0.00295708 0)
(0.806942 0.00234843 0)
(0.810799 0.00171573 0)
(0.813949 0.00106476 0)
(0.816357 0.000396986 0)
(0.818006 -0.000274838 0)
(0.818873 -0.000962585 0)
(0.818931 -0.00166862 0)
(0.818152 -0.00240004 0)
(0.816501 -0.00316469 0)
(0.813935 -0.00397516 0)
(0.810397 -0.00484842 0)
(0.805811 -0.00580574 0)
(0.800076 -0.00687318 0)
(0.793064 -0.00808228 0)
(0.784609 -0.00947105 0)
(0.7745 -0.0110858 0)
(0.76247 -0.012984 0)
(0.74818 -0.0152401 0)
(0.731196 -0.0179563 0)
(0.710952 -0.0212816 0)
(0.686691 -0.0254543 0)
(0.65733 -0.0308801 0)
(0.621282 -0.0383256 0)
(0.575908 -0.0493346 0)
(0.51695 -0.0674928 0)
(0.436179 -0.102354 0)
(0.320024 -0.181633 0)
(0.155493 -0.325522 0)
(0.083866 -0.377046 0)
(0.254678 0.137285 0)
(0.313525 0.117313 0)
(0.438347 0.0775033 0)
(0.537472 0.0523015 0)
(0.604586 0.0365826 0)
(0.65266 0.0259785 0)
(0.689393 0.0186917 0)
(0.71826 0.0137088 0)
(0.741312 0.0102819 0)
(0.760044 0.00788527 0)
(0.775534 0.00617594 0)
(0.788541 0.004933 0)
(0.799602 0.00401167 0)
(0.809111 0.00331543 0)
(0.817366 0.00277942 0)
(0.824593 0.00235969 0)
(0.830968 0.00202618 0)
(0.836631 0.0017581 0)
(0.841695 0.00154096 0)
(0.846255 0.00136458 0)
(0.85039 0.0012217 0)
(0.85417 0.00110713 0)
(0.857657 0.00101707 0)
(0.860904 0.000948652 0)
(0.863963 0.000899633 0)
(0.86688 0.000868115 0)
(0.869697 0.000852379 0)
(0.872454 0.000850746 0)
(0.875187 0.000861474 0)
(0.877927 0.000882697 0)
(0.880701 0.00091238 0)
(0.883532 0.000948313 0)
(0.886437 0.000988115 0)
(0.889429 0.00102927 0)
(0.892513 0.00106917 0)
(0.895687 0.00110521 0)
(0.898945 0.00113483 0)
(0.902274 0.00115564 0)
(0.905655 0.00116547 0)
(0.909063 0.00116252 0)
(0.91247 0.00114535 0)
(0.915842 0.00111303 0)
(0.919145 0.0010651 0)
(0.922342 0.00100165 0)
(0.925396 0.000923236 0)
(0.928272 0.000830892 0)
(0.930935 0.000726036 0)
(0.933355 0.000610391 0)
(0.935503 0.000485856 0)
(0.937357 0.000354412 0)
(0.938895 0.000217887 0)
(0.940102 7.80968e-05 0)
(0.940967 -6.41832e-05 0)
(0.94148 -0.00020702 0)
(0.941639 -0.000353024 0)
(0.941437 -0.000488362 0)
(0.940857 -0.000625265 0)
(0.939903 -0.000766973 0)
(0.938567 -0.000914011 0)
(0.936831 -0.00106788 0)
(0.934674 -0.00123183 0)
(0.932068 -0.00141037 0)
(0.928972 -0.00160897 0)
(0.925332 -0.00183406 0)
(0.921079 -0.0020932 0)
(0.916125 -0.00239519 0)
(0.910358 -0.00275051 0)
(0.90364 -0.00317204 0)
(0.895795 -0.00367644 0)
(0.886601 -0.00428698 0)
(0.875764 -0.00503819 0)
(0.862887 -0.00598758 0)
(0.847367 -0.00723349 0)
(0.828295 -0.00897083 0)
(0.803888 -0.0115856 0)
(0.77109 -0.0160511 0)
(0.721476 -0.0248737 0)
(0.641024 -0.0460964 0)
(0.476463 -0.10389 0)
(0.347172 -0.1531 0)
)
;

boundaryField
{
    movingWall
    {
        type            fixedValue;
        value           uniform (1 0 0);
    }
    fixedWalls
    {
        type            noSlip;
    }
    frontAndBack
    {
        type            empty;
    }
}


// ************************************************************************* //
