0.0125 	0.9999 	-1.37668e-18 	1 	1
0.0375 	0.9999 	-1.37668e-18 	1 	1
0.0625 	0.9999 	1.11022e-20 	1 	1
0.0875 	0.9999 	1.39888e-18 	1 	1
0.1125 	0.9999 	1.39888e-18 	1 	1
0.1375 	0.9999 	1.39888e-18 	1 	1
0.1625 	0.9999 	2.78666e-18 	1 	1
0.1875 	0.9999 	4.17444e-18 	1 	1
0.2125 	0.9999 	4.17444e-18 	1 	1
0.2375 	0.9999 	4.17444e-18 	1 	1
0.2625 	0.9999 	4.17444e-18 	1 	1
0.2875 	0.9999 	4.17444e-18 	1 	1
0.3125 	0.9999 	5.56222e-18 	1 	1
0.3375 	0.9999 	6.95e-18 	1 	1
0.3625 	0.9999 	6.95e-18 	1 	1
0.3875 	0.9999 	6.95e-18 	1 	1
0.4125 	0.9999 	6.95e-18 	1 	1
0.4375 	0.9999 	6.95e-18 	1 	1
0.4625 	0.9999 	6.95e-18 	1 	1
0.4875 	0.9999 	6.95e-18 	1 	1
0.5125 	0.9999 	6.95e-18 	1 	1
0.5375 	0.9999 	6.95e-18 	1 	1
0.5625 	0.9999 	6.95e-18 	1 	1
0.5875 	0.9999 	6.95e-18 	1 	1
0.6125 	0.9999 	8.33777e-18 	1 	1
0.6375 	0.9999 	9.72555e-18 	6.18865 	2.22811
0.6625 	0.9999 	9.72555e-18 	10.603 	2.69549
0.6875 	0.9999 	9.72555e-18 	10.5863 	2.72282
0.7125 	0.9999 	9.72555e-18 	10.4207 	2.7221
0.7375 	0.9999 	9.72555e-18 	10.3024 	2.72021
0.7625 	0.9999 	9.72555e-18 	10.1375 	2.71144
0.7875 	0.9999 	9.72555e-18 	9.94748 	2.69822
0.8125 	0.9999 	1.14603e-17 	9.73084 	2.68221
0.8375 	0.9999 	1.14603e-17 	9.48818 	2.66348
0.8625 	0.9999 	9.72555e-18 	9.2306 	2.6422
0.8875 	0.9999 	1.14603e-17 	8.95939 	2.61809
0.9125 	0.9999 	1.3195e-17 	8.67518 	2.59128
0.9375 	0.9999 	1.18072e-17 	8.38722 	2.56291
0.9625 	0.9999 	1.18072e-17 	8.10703 	2.5341
0.9875 	0.9999 	1.14603e-17 	7.83931 	2.50554
1.0125 	0.9999 	9.72555e-18 	7.58191 	2.47723
1.0375 	0.9999 	9.72555e-18 	7.32778 	2.44877
1.0625 	0.9999 	9.72555e-18 	7.06486 	2.4194
1.0875 	0.9999 	8.33777e-18 	6.78952 	2.389
1.1125 	0.9999 	1.00725e-17 	6.51404 	2.35856
1.1375 	0.9999 	1.3195e-17 	6.24638 	2.32886
1.1625 	0.9999 	1.49297e-17 	6.00598 	2.30194
1.1875 	0.9999 	1.49297e-17 	5.80531 	2.27924
1.2125 	0.9999 	1.18072e-17 	5.62636 	2.25856
1.2375 	0.9999 	1.04194e-17 	5.42157 	2.23466
1.2625 	0.9999 	8.68472e-18 	5.21326 	2.21032
1.2875 	0.9999 	6.60305e-18 	4.9987 	2.18487
1.3125 	0.9999 	3.1336e-18 	4.78169 	2.15834
1.3375 	0.9999 	1.11022e-20 	4.57624 	2.13251
1.3625 	0.9999 	1.11022e-20 	4.395 	2.10912
1.3875 	0.9999 	1.74583e-18 	4.23778 	2.08827
1.4125 	0.9999 	4.86833e-18 	4.09658 	2.06898
1.4375 	0.9999 	6.25611e-18 	3.96223 	2.04998
1.4625 	0.9999 	6.25611e-18 	3.82517 	2.02974
1.4875 	0.9999 	6.25611e-18 	3.67898 	2.00707
1.5125 	0.9999 	9.37861e-18 	3.52513 	1.98198
1.5375 	0.9999 	1.07664e-17 	3.37677 	1.95654
1.5625 	0.9999 	9.03166e-18 	3.24842 	1.93331
1.5875 	0.9999 	9.03166e-18 	3.14284 	1.91305
1.6125 	0.9999 	7.29694e-18 	3.05105 	1.89453
1.6375 	0.9999 	5.56222e-18 	2.96107 	1.87571
1.6625 	0.9999 	5.56222e-18 	2.86296 	1.8547
1.6875 	0.9999 	5.56222e-18 	2.74964 	1.83034
1.7125 	0.9999 	7.29694e-18 	2.62922 	1.80429
1.7375 	0.9999 	5.90916e-18 	2.52236 	1.78055
1.7625 	0.9999 	1.39888e-18 	2.4396 	1.76146
1.7875 	0.9999 	-1.72362e-18 	2.37463 	1.74589
1.8125 	0.9999 	-3.45834e-18 	2.31793 	1.73187
1.8375 	0.9999 	-3.45834e-18 	2.26436 	1.71824
1.8625 	0.9999 	-3.45834e-18 	2.2058 	1.70294
1.8875 	0.9999 	-4.84612e-18 	2.12702 	1.68274
1.9125 	0.9999 	-6.2339e-18 	2.03696 	1.65998
1.9375 	0.9999 	-6.2339e-18 	1.95752 	1.63968
1.9625 	0.9999 	-4.84612e-18 	1.89363 	1.62279
1.9875 	0.9999 	-6.58085e-18 	1.84081 	1.60808
2.0125 	0.9999 	-9.70335e-18 	1.79473 	1.59473
2.0375 	0.9999 	-9.70335e-18 	1.75223 	1.58226
2.0625 	0.9999 	-9.70335e-18 	1.70936 	1.5697
2.0875 	0.9999 	-9.70335e-18 	1.66212 	1.55585
2.1125 	0.9999 	-1.10911e-17 	1.61276 	1.54188
2.1375 	0.9999 	-1.24789e-17 	1.57074 	1.53056
2.1625 	0.9999 	-1.24789e-17 	1.52924 	1.51975
2.1875 	0.9999 	-1.10911e-17 	1.49077 	1.51026
2.2125 	0.9999 	-9.70335e-18 	1.45264 	1.50118
2.2375 	0.9999 	-9.70335e-18 	1.41287 	1.4913
2.2625 	0.9999 	-9.70335e-18 	1.37148 	1.48047
2.2875 	0.9999 	-9.70335e-18 	1.34878 	1.47497
2.3125 	0.9999 	-9.70335e-18 	1.33449 	1.47369
2.3375 	0.9999 	-9.70335e-18 	1.36904 	1.48648
2.3625 	0.9999 	-9.70335e-18 	1.54613 	1.54585
2.3875 	0.9999 	-9.70335e-18 	2.00529 	1.67472
2.4125 	0.9999 	-9.70335e-18 	2.78826 	1.84478
2.4375 	0.9999 	-9.70335e-18 	3.5617 	1.97997
2.4625 	0.9999 	-9.70335e-18 	4.18143 	2.0693
2.4875 	0.9999 	-9.70335e-18 	4.76104 	2.14458
2.5125 	0.9999 	-9.70335e-18 	4.9534 	2.16247
2.5375 	0.9999 	-1.10911e-17 	4.84596 	2.14613
2.5625 	0.9999 	-1.24789e-17 	4.66076 	2.11944
2.5875 	0.9999 	-1.38667e-17 	4.45471 	2.08887
2.6125 	0.9999 	-1.38667e-17 	4.37902 	2.07443
2.6375 	0.9999 	-1.24789e-17 	4.33138 	2.06323
2.6625 	0.9999 	-1.07442e-17 	4.29456 	2.05277
2.6875 	0.9999 	-1.07442e-17 	4.25756 	2.04265
2.7125 	0.9999 	-1.24789e-17 	4.21731 	2.0327
2.7375 	0.9999 	-1.24789e-17 	4.19284 	2.02534
2.7625 	0.9999 	-1.24789e-17 	4.17178 	2.01847
2.7875 	0.9999 	-1.24789e-17 	4.16011 	2.01267
2.8125 	0.9999 	-1.42136e-17 	4.17074 	2.01009
2.8375 	0.9999 	-1.76831e-17 	4.15286 	2.00382
2.8625 	0.9999 	-1.94178e-17 	4.10369 	1.99318
2.8875 	0.9999 	-1.76831e-17 	4.0501 	1.98351
2.9125 	0.9999 	-1.76831e-17 	3.99087 	1.97406
2.9375 	0.9999 	-1.90709e-17 	3.92174 	1.96339
2.9625 	0.9999 	-1.69892e-17 	3.86837 	1.95572
2.9875 	0.9999 	-1.59539e-17 	3.82155 	1.95126
