/*--------------------------------*- C++ -*----------------------------------*\
  =========                 |
  \\      /  F ield         | OpenFOAM: The Open Source CFD Toolbox
   \\    /   O peration     | Website:  https://openfoam.org
    \\  /    A nd           | Version:  7
     \\/     M anipulation  |
\*---------------------------------------------------------------------------*/
FoamFile
{
    version     2.0;
    format      ascii;
    class       surfaceScalarField;
    location    "0.5";
    object      phi;
}
// * * * * * * * * * * * * * * * * * * * * * * * * * * * * * * * * * * * * * //

dimensions      [0 3 -1 0 0 0 0];

internalField   nonuniform List<scalar> 
6280
(
9.33706e-10
-9.39236e-10
2.07176e-09
-1.13801e-09
2.46035e-09
-3.8857e-10
1.73239e-09
7.27953e-10
-1.8056e-10
1.91293e-09
-3.20745e-09
3.02689e-09
-7.21625e-09
4.00881e-09
-1.20525e-08
4.83626e-09
-1.75628e-08
5.5103e-09
-2.36064e-08
6.04359e-09
-3.00606e-08
6.4542e-09
-3.68228e-08
6.76218e-09
-4.38103e-08
6.98752e-09
-5.09592e-08
7.14891e-09
-5.82224e-08
7.26313e-09
-6.55671e-08
7.34472e-09
-7.29731e-08
7.40595e-09
-8.04299e-08
7.45688e-09
-8.79356e-08
7.5056e-09
-9.5494e-08
7.55844e-09
-1.03114e-07
7.62023e-09
-1.10809e-07
7.69457e-09
-1.18593e-07
7.784e-09
-1.26483e-07
7.89023e-09
-1.34497e-07
8.01428e-09
-1.42654e-07
8.15659e-09
-1.50971e-07
8.31708e-09
-1.59466e-07
8.4952e-09
-1.68156e-07
8.68994e-09
-1.77056e-07
8.89983e-09
-1.86179e-07
9.1229e-09
-1.95536e-07
9.35662e-09
-2.05133e-07
9.59784e-09
-2.14976e-07
9.84275e-09
-2.25063e-07
1.00868e-08
-2.35387e-07
1.03244e-08
-2.45937e-07
1.05495e-08
-2.56692e-07
1.07545e-08
-2.67623e-07
1.09312e-08
-2.78693e-07
1.107e-08
-2.89853e-07
1.11603e-08
-3.01044e-07
1.11903e-08
-3.12191e-07
1.1147e-08
-3.23207e-07
1.10166e-08
-3.33991e-07
1.0784e-08
-3.44425e-07
1.04337e-08
-3.54375e-07
9.94955e-09
-3.6369e-07
9.31556e-09
-3.72206e-07
8.516e-09
-3.79742e-07
7.53622e-09
-3.86106e-07
6.36332e-09
-3.91093e-07
4.98701e-09
-3.94493e-07
3.40061e-09
-3.96095e-07
1.60213e-09
-3.95691e-07
-4.04891e-10
-3.93081e-07
-2.60934e-09
-3.88088e-07
-4.99266e-09
-3.80562e-07
-7.52683e-09
-3.70388e-07
-1.0174e-08
-3.57501e-07
-1.28861e-08
-3.41897e-07
-1.56047e-08
-3.23635e-07
-1.82618e-08
-3.02854e-07
-2.07808e-08
-2.79775e-07
-2.30789e-08
-2.54705e-07
-2.50699e-08
-2.28038e-07
-2.66672e-08
-2.00249e-07
-2.77886e-08
-1.71889e-07
-2.836e-08
-1.43569e-07
-2.83201e-08
-1.15944e-07
-2.76244e-08
-8.96961e-08
-2.62482e-08
-6.55068e-08
-2.41892e-08
-4.4038e-08
-2.14688e-08
-2.59043e-08
-1.81338e-08
-1.1643e-08
-1.42612e-08
-1.66913e-09
-9.97391e-09
3.8128e-09
-5.48192e-09
4.97715e-09
-1.16432e-09
2.77441e-09
2.20281e-09
2.77443e-09
1.15737e-09
-2.09657e-09
1.79574e-09
-1.77636e-09
5.06175e-10
9.00941e-10
-3.35969e-09
4.59378e-09
-1.00031e-08
8.55631e-09
-1.93403e-08
1.23641e-08
-3.11267e-08
1.57952e-08
-4.50433e-08
1.87529e-08
-6.075e-08
2.1217e-08
-7.79175e-08
2.3211e-08
-9.62465e-08
2.47832e-08
-1.15478e-07
2.59934e-08
-1.35395e-07
2.69048e-08
-1.55825e-07
2.75792e-08
-1.76636e-07
2.80737e-08
-1.9773e-07
2.84391e-08
-2.19043e-07
2.87191e-08
-2.40537e-07
2.89504e-08
-2.62194e-07
2.9163e-08
-2.84017e-07
2.93811e-08
-3.0602e-07
2.96231e-08
-3.28228e-07
2.99032e-08
-3.50676e-07
3.02318e-08
-3.73401e-07
3.06156e-08
-3.96446e-07
3.1059e-08
-4.19853e-07
3.15639e-08
-4.43666e-07
3.213e-08
-4.67926e-07
3.2755e-08
-4.92671e-07
3.34348e-08
-5.17934e-07
3.41634e-08
-5.43744e-07
3.49327e-08
-5.7012e-07
3.57324e-08
-5.97072e-07
3.65498e-08
-6.24599e-07
3.73698e-08
-6.52686e-07
3.81742e-08
-6.81303e-07
3.89419e-08
-7.10402e-07
3.96484e-08
-7.39913e-07
4.02656e-08
-7.69744e-07
4.07619e-08
-7.99775e-07
4.11017e-08
-8.29861e-07
4.12457e-08
-8.59821e-07
4.11507e-08
-8.89444e-07
4.07702e-08
-9.18482e-07
4.00542e-08
-9.46648e-07
3.89504e-08
-9.73619e-07
3.74047e-08
-9.99032e-07
3.53623e-08
-1.02249e-06
3.27695e-08
-1.04354e-06
2.95751e-08
-1.06174e-06
2.57326e-08
-1.07658e-06
2.12032e-08
-1.08755e-06
1.59581e-08
-1.09413e-06
9.98232e-09
-1.09581e-06
3.27792e-09
-1.09208e-06
-4.13236e-09
-1.08249e-06
-1.22013e-08
-1.06663e-06
-2.08539e-08
-1.04417e-06
-2.99844e-08
-1.01489e-06
-3.94542e-08
-9.78686e-07
-4.90911e-08
-9.35601e-07
-5.86898e-08
-8.85849e-07
-6.80142e-08
-8.29827e-07
-7.68025e-08
-7.68133e-07
-8.47737e-08
-7.01566e-07
-9.16369e-08
-6.3113e-07
-9.71032e-08
-5.5802e-07
-1.00899e-07
-4.83602e-07
-1.02778e-07
-4.09381e-07
-1.02541e-07
-3.36963e-07
-1.00042e-07
-2.68002e-07
-9.52095e-08
-2.04144e-07
-8.80473e-08
-1.46962e-07
-7.86511e-08
-9.78789e-08
-6.72169e-08
-5.80772e-08
-5.4063e-08
-2.83723e-08
-3.96788e-08
-9.02703e-09
-2.48272e-08
5.36767e-10
-1.07282e-08
2.20144e-09
5.37974e-10
4.97593e-09
4.21272e-10
-2.51782e-09
-9.01486e-10
-4.53634e-10
-5.34486e-09
5.34429e-09
-1.35784e-08
1.28273e-08
-2.58051e-08
2.07831e-08
-4.19096e-08
2.84686e-08
-6.15764e-08
3.5462e-08
-8.43839e-08
4.15604e-08
-1.0987e-07
4.67035e-08
-1.37579e-07
5.09192e-08
-1.67084e-07
5.42881e-08
-1.98009e-07
5.69189e-08
-2.30035e-07
5.89312e-08
-2.62902e-07
6.04452e-08
-2.96402e-07
6.15743e-08
-3.30384e-07
6.24209e-08
-3.6474e-07
6.30747e-08
-3.99401e-07
6.36119e-08
-4.34334e-07
6.40957e-08
-4.6953e-07
6.4577e-08
-5.05003e-07
6.50962e-08
-5.40784e-07
6.5684e-08
-5.76915e-07
6.63628e-08
-6.13447e-07
6.71482e-08
-6.50438e-07
6.80496e-08
-6.87945e-07
6.90711e-08
-7.26027e-07
7.02123e-08
-7.6474e-07
7.14678e-08
-8.04134e-07
7.28284e-08
-8.44251e-07
7.42802e-08
-8.85123e-07
7.5805e-08
-9.2677e-07
7.73795e-08
-9.69196e-07
7.89754e-08
-1.01238e-06
8.05588e-08
-1.0563e-06
8.20899e-08
-1.10088e-06
8.35221e-08
-1.14604e-06
8.48024e-08
-1.19164e-06
8.58703e-08
-1.23754e-06
8.6658e-08
-1.28352e-06
8.70901e-08
-1.32936e-06
8.70837e-08
-1.37476e-06
8.65492e-08
-1.41938e-06
8.53899e-08
-1.46283e-06
8.3504e-08
-1.50467e-06
8.07856e-08
-1.54439e-06
7.71263e-08
-1.58144e-06
7.24184e-08
-1.61523e-06
6.6557e-08
-1.6451e-06
5.94448e-08
-1.67036e-06
5.09957e-08
-1.6903e-06
4.11405e-08
-1.70418e-06
2.98323e-08
-1.71125e-06
1.7053e-08
-1.71079e-06
2.8201e-09
-1.70211e-06
-1.28069e-08
-1.6846e-06
-2.97191e-08
-1.6577e-06
-4.77524e-08
-1.621e-06
-6.66827e-08
-1.57423e-06
-8.62223e-08
-1.5173e-06
-1.06019e-07
-1.45034e-06
-1.25656e-07
-1.37369e-06
-1.44661e-07
-1.28798e-06
-1.62512e-07
-1.1941e-06
-1.78652e-07
-1.09323e-06
-1.92508e-07
-9.86822e-07
-2.03512e-07
-8.76596e-07
-2.11125e-07
-7.64506e-07
-2.14868e-07
-6.52698e-07
-2.14349e-07
-5.43452e-07
-2.09289e-07
-4.3911e-07
-1.99551e-07
-3.41995e-07
-1.85162e-07
-2.54311e-07
-1.66335e-07
-1.78032e-07
-1.43496e-07
-1.14769e-07
-1.17327e-07
-6.56035e-08
-8.88438e-08
-3.08863e-08
-5.95443e-08
-9.97124e-09
-3.16433e-08
-9.23396e-10
-8.5099e-09
4.05258e-09
-7.47489e-10
-1.77035e-09
-4.85011e-09
3.64896e-09
-1.33862e-08
1.38804e-08
-2.68592e-08
2.63003e-08
-4.53646e-08
3.92884e-08
-6.87008e-08
5.18049e-08
-9.64704e-08
6.32315e-08
-1.28165e-07
7.32546e-08
-1.6323e-07
8.17684e-08
-2.01113e-07
8.88031e-08
-2.41299e-07
9.44734e-08
-2.83322e-07
9.8942e-08
-3.26784e-07
1.02393e-07
-3.71355e-07
1.05016e-07
-4.1677e-07
1.0699e-07
-4.62828e-07
1.0848e-07
-5.09386e-07
1.09632e-07
-5.56347e-07
1.10573e-07
-6.03657e-07
1.11406e-07
-6.51297e-07
1.12217e-07
-6.99275e-07
1.13075e-07
-7.47622e-07
1.14031e-07
-7.96382e-07
1.15123e-07
-8.45615e-07
1.1638e-07
-8.95382e-07
1.17817e-07
-9.45752e-07
1.19441e-07
-9.9679e-07
1.21251e-07
-1.04856e-06
1.23237e-07
-1.10111e-06
1.25382e-07
-1.1545e-06
1.27663e-07
-1.20874e-06
1.30046e-07
-1.26385e-06
1.32491e-07
-1.31982e-06
1.34948e-07
-1.37662e-06
1.37357e-07
-1.43418e-06
1.3965e-07
-1.4924e-06
1.41747e-07
-1.55116e-06
1.43556e-07
-1.61026e-06
1.44976e-07
-1.6695e-06
1.45891e-07
-1.72858e-06
1.46176e-07
-1.78719e-06
1.45693e-07
-1.84494e-06
1.44295e-07
-1.90137e-06
1.41823e-07
-1.95598e-06
1.38112e-07
-2.00819e-06
1.32993e-07
-2.05735e-06
1.26294e-07
-2.10278e-06
1.17845e-07
-2.14371e-06
1.07485e-07
-2.17933e-06
9.50661e-08
-2.20879e-06
8.04611e-08
-2.23123e-06
6.35717e-08
-2.24573e-06
4.43376e-08
-2.25142e-06
2.27462e-08
-2.24745e-06
-1.15717e-09
-2.23299e-06
-2.72603e-08
-2.20734e-06
-5.5371e-08
-2.16988e-06
-8.52118e-08
-2.12015e-06
-1.16411e-07
-2.05788e-06
-1.48497e-07
-1.983e-06
-1.809e-07
-1.8957e-06
-2.12954e-07
-1.79646e-06
-2.43901e-07
-1.68606e-06
-2.72913e-07
-1.5656e-06
-2.99109e-07
-1.43653e-06
-3.2158e-07
-1.30061e-06
-3.39429e-07
-1.15993e-06
-3.51804e-07
-1.01686e-06
-3.57946e-07
-8.73971e-07
-3.57233e-07
-7.34036e-07
-3.49224e-07
-5.99882e-07
-3.33705e-07
-4.74319e-07
-3.10725e-07
-3.60013e-07
-2.80641e-07
-2.59352e-07
-2.44156e-07
-1.74299e-07
-2.0238e-07
-1.06218e-07
-1.56926e-07
-5.56903e-08
-1.10072e-07
-2.23373e-08
-6.49962e-08
-4.66852e-09
-2.61786e-08
-6.15926e-10
-2.09054e-09
3.20165e-10
-9.43462e-09
1.09931e-08
-2.26539e-08
2.70997e-08
-4.1966e-08
4.56125e-08
-6.72701e-08
6.45925e-08
-9.8223e-08
8.27578e-08
-1.34317e-07
9.93253e-08
-1.74949e-07
1.13887e-07
-2.19481e-07
1.26301e-07
-2.67282e-07
1.36604e-07
-3.17761e-07
1.44952e-07
-3.70385e-07
1.51566e-07
-4.24694e-07
1.56703e-07
-4.80305e-07
1.60626e-07
-5.36905e-07
1.6359e-07
-5.94255e-07
1.6583e-07
-6.5218e-07
1.67557e-07
-7.1056e-07
1.68952e-07
-7.69321e-07
1.70168e-07
-8.28434e-07
1.7133e-07
-8.87898e-07
1.72539e-07
-9.4774e-07
1.73873e-07
-1.00801e-06
1.75388e-07
-1.06875e-06
1.77126e-07
-1.13004e-06
1.79111e-07
-1.19196e-06
1.81352e-07
-1.25455e-06
1.83847e-07
-1.3179e-06
1.86581e-07
-1.38204e-06
1.89528e-07
-1.44703e-06
1.9265e-07
-1.51288e-06
1.95896e-07
-1.57959e-06
1.99203e-07
-1.64714e-06
2.02496e-07
-1.71547e-06
2.05683e-07
-1.78448e-06
2.08662e-07
-1.85404e-06
2.1131e-07
-1.92398e-06
2.13493e-07
-1.99406e-06
2.15057e-07
-2.064e-06
2.15835e-07
-2.13347e-06
2.15641e-07
-2.20205e-06
2.14276e-07
-2.26928e-06
2.11526e-07
-2.33462e-06
2.07164e-07
-2.39747e-06
2.00957e-07
-2.45714e-06
1.92665e-07
-2.51289e-06
1.82048e-07
-2.56392e-06
1.68874e-07
-2.60936e-06
1.52922e-07
-2.64829e-06
1.33994e-07
-2.67975e-06
1.11924e-07
-2.70277e-06
8.65901e-08
-2.71635e-06
5.79242e-08
-2.71954e-06
2.59274e-08
-2.71138e-06
-9.31704e-09
-2.69101e-06
-4.76308e-08
-2.65765e-06
-8.87265e-08
-2.61067e-06
-1.32196e-07
-2.54957e-06
-1.77504e-07
-2.47409e-06
-2.23977e-07
-2.38419e-06
-2.70806e-07
-2.28009e-06
-3.17049e-07
-2.16235e-06
-3.61645e-07
-2.03183e-06
-4.03429e-07
-1.88978e-06
-4.41163e-07
-1.73779e-06
-4.73573e-07
-1.57782e-06
-4.99395e-07
-1.4122e-06
-5.17428e-07
-1.24355e-06
-5.26596e-07
-1.07477e-06
-5.26011e-07
-9.08951e-07
-5.1504e-07
-7.49291e-07
-4.93365e-07
-5.98967e-07
-4.61049e-07
-4.6102e-07
-4.18588e-07
-3.38206e-07
-3.66971e-07
-2.32835e-07
-3.0775e-07
-1.46621e-07
-2.4314e-07
-8.05294e-08
-1.76164e-07
-3.46745e-08
-1.10851e-07
-8.30432e-09
-5.25488e-08
-8.92025e-09
-3.49455e-09
3.81471e-09
-1.43123e-08
2.18109e-08
-3.25596e-08
4.53469e-08
-5.80934e-08
7.11462e-08
-9.05515e-08
9.70506e-08
-1.294e-07
1.21606e-07
-1.73988e-07
1.43913e-07
-2.23602e-07
1.63501e-07
-2.77513e-07
1.80211e-07
-3.35013e-07
1.94105e-07
-3.95447e-07
2.05385e-07
-4.58224e-07
2.14344e-07
-5.22835e-07
2.21314e-07
-5.88852e-07
2.26642e-07
-6.55926e-07
2.30665e-07
-7.23788e-07
2.33692e-07
-7.92236e-07
2.36005e-07
-8.6113e-07
2.37846e-07
-9.30382e-07
2.39419e-07
-9.99948e-07
2.40897e-07
-1.06982e-06
2.42413e-07
-1.14002e-06
2.44075e-07
-1.2106e-06
2.45961e-07
-1.2816e-06
2.48125e-07
-1.35309e-06
2.50601e-07
-1.42514e-06
2.53402e-07
-1.49781e-06
2.56523e-07
-1.57117e-06
2.59943e-07
-1.64527e-06
2.63625e-07
-1.72013e-06
2.67513e-07
-1.79577e-06
2.71536e-07
-1.87217e-06
2.75605e-07
-1.94929e-06
2.79615e-07
-2.02705e-06
2.83439e-07
-2.10532e-06
2.86933e-07
-2.18394e-06
2.8993e-07
-2.26269e-06
2.92245e-07
-2.34131e-06
2.9367e-07
-2.41945e-06
2.93977e-07
-2.49672e-06
2.92918e-07
-2.57267e-06
2.90225e-07
-2.64676e-06
2.85616e-07
-2.71839e-06
2.78793e-07
-2.78689e-06
2.6945e-07
-2.8515e-06
2.57277e-07
-2.91141e-06
2.41966e-07
-2.96576e-06
2.2322e-07
-3.0136e-06
2.00765e-07
-3.05396e-06
1.74354e-07
-3.08583e-06
1.43787e-07
-3.10816e-06
1.08922e-07
-3.11992e-06
6.9689e-08
-3.12011e-06
2.61094e-08
-3.10773e-06
-2.16901e-08
-3.0819e-06
-7.34598e-08
-3.04182e-06
-1.28811e-07
-2.98681e-06
-1.87201e-07
-2.9164e-06
-2.47923e-07
-2.83027e-06
-3.10099e-07
-2.7284e-06
-3.72675e-07
-2.61103e-06
-4.34427e-07
-2.47869e-06
-4.93978e-07
-2.33231e-06
-5.49815e-07
-2.17314e-06
-6.00327e-07
-2.00286e-06
-6.43853e-07
-1.82353e-06
-6.78733e-07
-1.63757e-06
-7.03384e-07
-1.44779e-06
-7.16377e-07
-1.25728e-06
-7.16516e-07
-1.06939e-06
-7.02936e-07
-8.87574e-07
-6.75177e-07
-7.15344e-07
-6.3328e-07
-5.56079e-07
-5.77852e-07
-4.12903e-07
-5.10146e-07
-2.88523e-07
-4.3213e-07
-1.85084e-07
-3.46579e-07
-1.04058e-07
-2.5719e-07
-4.6194e-08
-1.68715e-07
-1.15876e-08
-8.71552e-08
-2.05078e-08
-4.90794e-09
8.72265e-09
-1.92964e-08
3.61993e-08
-4.27486e-08
6.87992e-08
-7.47212e-08
1.03119e-07
-1.14547e-07
1.36876e-07
-1.61461e-07
1.6852e-07
-2.14638e-07
1.97091e-07
-2.73233e-07
2.22096e-07
-3.36413e-07
2.43392e-07
-4.03393e-07
2.61084e-07
-4.73449e-07
2.75442e-07
-5.45942e-07
2.86836e-07
-6.20316e-07
2.95689e-07
-6.96109e-07
3.02435e-07
-7.72943e-07
3.07498e-07
-8.50522e-07
3.11271e-07
-9.28624e-07
3.14108e-07
-1.00709e-06
3.16316e-07
-1.08583e-06
3.18157e-07
-1.16478e-06
3.19847e-07
-1.24393e-06
3.21563e-07
-1.3233e-06
3.23438e-07
-1.40291e-06
3.25575e-07
-1.48283e-06
3.28043e-07
-1.56311e-06
3.30884e-07
-1.64383e-06
3.34116e-07
-1.72503e-06
3.3773e-07
-1.80679e-06
3.41698e-07
-1.88913e-06
3.45968e-07
-1.97209e-06
3.50468e-07
-2.05565e-06
3.55102e-07
-2.1398e-06
3.59754e-07
-2.22447e-06
3.64283e-07
-2.30955e-06
3.68525e-07
-2.39491e-06
3.72292e-07
-2.48035e-06
3.75368e-07
-2.56562e-06
3.77516e-07
-2.65042e-06
3.78468e-07
-2.73438e-06
3.77935e-07
-2.81706e-06
3.75603e-07
-2.89797e-06
3.71136e-07
-2.97654e-06
3.64182e-07
-3.05212e-06
3.54371e-07
-3.124e-06
3.41328e-07
-3.19139e-06
3.24671e-07
-3.25346e-06
3.0403e-07
-3.30928e-06
2.79048e-07
-3.35791e-06
2.49396e-07
-3.39835e-06
2.14786e-07
-3.42955e-06
1.74987e-07
-3.45047e-06
1.29841e-07
-3.46006e-06
7.92811e-08
-3.4573e-06
2.33477e-08
-3.4412e-06
-3.77878e-08
-3.41085e-06
-1.03806e-07
-3.36544e-06
-1.74219e-07
-3.30429e-06
-2.48356e-07
-3.22687e-06
-3.25346e-07
-3.13285e-06
-4.04112e-07
-3.02216e-06
-4.83363e-07
-2.89499e-06
-5.616e-07
-2.75184e-06
-6.37131e-07
-2.59356e-06
-7.08095e-07
-2.42139e-06
-7.72499e-07
-2.23696e-06
-8.28276e-07
-2.04234e-06
-8.73351e-07
-1.84001e-06
-9.05722e-07
-1.63282e-06
-9.23562e-07
-1.42402e-06
-9.25322e-07
-1.21711e-06
-9.09845e-07
-1.01581e-06
-8.76476e-07
-8.23914e-07
-8.25174e-07
-6.45161e-07
-7.56605e-07
-4.83076e-07
-6.72231e-07
-3.40822e-07
-5.74385e-07
-2.21061e-07
-4.66339e-07
-1.25866e-07
-3.52386e-07
-5.66912e-08
-2.3789e-07
-1.44814e-08
-1.29365e-07
-3.49892e-08
-6.30683e-09
1.50295e-08
-2.42873e-08
5.41798e-08
-5.30123e-08
9.75242e-08
-9.15204e-08
1.41627e-07
-1.38811e-07
1.84167e-07
-1.93859e-07
2.23568e-07
-2.55638e-07
2.5887e-07
-3.2315e-07
2.89608e-07
-3.95447e-07
3.15688e-07
-4.71652e-07
3.37289e-07
-5.50976e-07
3.54766e-07
-6.32726e-07
3.68586e-07
-7.16308e-07
3.79271e-07
-8.01227e-07
3.87353e-07
-8.87079e-07
3.93351e-07
-9.73552e-07
3.97743e-07
-1.06041e-06
4.00962e-07
-1.14747e-06
4.03383e-07
-1.23464e-06
4.05327e-07
-1.32186e-06
4.0706e-07
-1.40909e-06
4.08795e-07
-1.49635e-06
4.10701e-07
-1.58368e-06
4.12901e-07
-1.67112e-06
4.15482e-07
-1.75873e-06
4.18494e-07
-1.84657e-06
4.21957e-07
-1.9347e-06
4.25861e-07
-2.02317e-06
4.30167e-07
-2.11201e-06
4.3481e-07
-2.20124e-06
4.39696e-07
-2.29084e-06
4.44706e-07
-2.38078e-06
4.49693e-07
-2.47098e-06
4.5448e-07
-2.56132e-06
4.58863e-07
-2.65163e-06
4.62608e-07
-2.74171e-06
4.6545e-07
-2.83129e-06
4.67095e-07
-2.92004e-06
4.67219e-07
-3.00758e-06
4.6547e-07
-3.09345e-06
4.61469e-07
-3.17712e-06
4.54814e-07
-3.25802e-06
4.45082e-07
-3.33549e-06
4.31838e-07
-3.4088e-06
4.14637e-07
-3.47716e-06
3.93035e-07
-3.53973e-06
3.666e-07
-3.5956e-06
3.34919e-07
-3.64382e-06
2.97616e-07
-3.6834e-06
2.54366e-07
-3.71333e-06
2.04909e-07
-3.73256e-06
1.49072e-07
-3.74006e-06
8.67886e-08
-3.73484e-06
1.81188e-08
-3.7159e-06
-5.67281e-08
-3.68233e-06
-1.37372e-07
-3.63331e-06
-2.23239e-07
-3.56812e-06
-3.13543e-07
-3.4862e-06
-4.07268e-07
-3.38716e-06
-5.03155e-07
-3.27083e-06
-5.99694e-07
-3.1373e-06
-6.95128e-07
-2.98697e-06
-7.87464e-07
-2.82056e-06
-8.74497e-07
-2.63921e-06
-9.53853e-07
-2.44444e-06
-1.02305e-06
-2.23823e-06
-1.07956e-06
-2.02301e-06
-1.12094e-06
-1.80166e-06
-1.14491e-06
-1.57748e-06
-1.1495e-06
-1.35413e-06
-1.1332e-06
-1.13553e-06
-1.09507e-06
-9.25792e-07
-1.03491e-06
-7.29021e-07
-9.53376e-07
-5.49199e-07
-8.52053e-07
-3.90017e-07
-7.33567e-07
-2.54733e-07
-6.01622e-07
-1.46087e-07
-4.61032e-07
-6.62756e-08
-3.17701e-07
-1.70509e-08
-1.7859e-07
-5.20402e-08
-7.68192e-09
2.27114e-08
-2.92332e-08
7.5731e-08
-6.32286e-08
1.3152e-07
-1.08283e-07
1.86681e-07
-1.63045e-07
2.38929e-07
-2.26208e-07
2.86731e-07
-2.96523e-07
3.29185e-07
-3.72819e-07
3.65904e-07
-4.54018e-07
3.96888e-07
-5.39146e-07
4.22416e-07
-6.27339e-07
4.42959e-07
-7.17851e-07
4.59098e-07
-8.10048e-07
4.71468e-07
-9.03406e-07
4.80711e-07
-9.975e-07
4.87445e-07
-1.092e-06
4.92244e-07
-1.18666e-06
4.9562e-07
-1.2813e-06
4.9802e-07
-1.3758e-06
4.99827e-07
-1.47009e-06
5.01356e-07
-1.56416e-06
5.02863e-07
-1.658e-06
5.04546e-07
-1.75166e-06
5.06554e-07
-1.84516e-06
5.08988e-07
-1.93858e-06
5.1191e-07
-2.03196e-06
5.1534e-07
-2.12537e-06
5.19265e-07
-2.21883e-06
5.23636e-07
-2.3124e-06
5.28372e-07
-2.40606e-06
5.3336e-07
-2.49981e-06
5.38454e-07
-2.59359e-06
5.43475e-07
-2.68732e-06
5.48212e-07
-2.78088e-06
5.52418e-07
-2.87408e-06
5.55813e-07
-2.96671e-06
5.58083e-07
-3.0585e-06
5.58881e-07
-3.14911e-06
5.57824e-07
-3.23814e-06
5.54502e-07
-3.32514e-06
5.48473e-07
-3.4096e-06
5.39271e-07
-3.49093e-06
5.26411e-07
-3.56848e-06
5.09393e-07
-3.64156e-06
4.8771e-07
-3.70938e-06
4.60861e-07
-3.77114e-06
4.28357e-07
-3.82596e-06
3.89736e-07
-3.87292e-06
3.44579e-07
-3.91108e-06
2.92523e-07
-3.93945e-06
2.33284e-07
-3.95705e-06
1.66673e-07
-3.96288e-06
9.26193e-08
-3.95596e-06
1.1194e-08
-3.93532e-06
-7.73669e-08
-3.90005e-06
-1.72638e-07
-3.84931e-06
-2.73979e-07
-3.78234e-06
-3.80512e-07
-3.69851e-06
-4.911e-07
-3.59733e-06
-6.04333e-07
-3.47852e-06
-7.18508e-07
-3.34201e-06
-8.31637e-07
-3.18803e-06
-9.41446e-07
-3.01712e-06
-1.0454e-06
-2.83022e-06
-1.14076e-06
-2.62867e-06
-1.22459e-06
-2.4143e-06
-1.29393e-06
-2.18943e-06
-1.34582e-06
-1.95687e-06
-1.37747e-06
-1.71994e-06
-1.38643e-06
-1.48241e-06
-1.37073e-06
-1.24842e-06
-1.32906e-06
-1.02238e-06
-1.26096e-06
-8.08807e-07
-1.16695e-06
-6.12199e-07
-1.04866e-06
-4.3684e-07
-9.08926e-07
-2.86661e-07
-7.51801e-07
-1.65127e-07
-5.82566e-07
-7.51998e-08
-4.07629e-07
-1.93975e-08
-2.34392e-07
-7.14377e-08
-9.03013e-09
3.17415e-08
-3.41076e-08
1.00809e-07
-7.33269e-08
1.70739e-07
-1.24878e-07
2.38233e-07
-1.87049e-07
3.011e-07
-2.58235e-07
3.57916e-07
-3.36947e-07
4.07898e-07
-4.21828e-07
4.50784e-07
-5.11653e-07
4.86713e-07
-6.05342e-07
5.16105e-07
-7.01951e-07
5.39569e-07
-8.00678e-07
5.57825e-07
-9.00848e-07
5.71638e-07
-1.00191e-06
5.81771e-07
-1.10342e-06
5.88954e-07
-1.20503e-06
5.93858e-07
-1.3065e-06
5.97082e-07
-1.40762e-06
5.99149e-07
-1.5083e-06
6.00501e-07
-1.60845e-06
6.01508e-07
-1.70805e-06
6.02465e-07
-1.80711e-06
6.03604e-07
-1.90565e-06
6.05098e-07
-2.00373e-06
6.07064e-07
-2.10139e-06
6.09571e-07
-2.19869e-06
6.12643e-07
-2.29569e-06
6.16262e-07
-2.39243e-06
6.2037e-07
-2.48892e-06
6.24869e-07
-2.58519e-06
6.29626e-07
-2.6812e-06
6.34468e-07
-2.77691e-06
6.39186e-07
-2.87223e-06
6.4353e-07
-2.96703e-06
6.47216e-07
-3.06114e-06
6.4992e-07
-3.15433e-06
6.51278e-07
-3.24634e-06
6.50892e-07
-3.33685e-06
6.48326e-07
-3.42546e-06
6.43114e-07
-3.51174e-06
6.34756e-07
-3.5952e-06
6.22728e-07
-3.67527e-06
6.06487e-07
-3.75136e-06
5.85477e-07
-3.82278e-06
5.59135e-07
-3.88883e-06
5.26907e-07
-3.94873e-06
4.88255e-07
-4.00166e-06
4.42673e-07
-4.04679e-06
3.89701e-07
-4.08321e-06
3.28944e-07
-4.11001e-06
2.60089e-07
-4.12627e-06
1.82928e-07
-4.13103e-06
9.73793e-08
-4.12335e-06
3.51274e-09
-4.10229e-06
-9.84253e-08
-4.06694e-06
-2.07985e-07
-4.01643e-06
-3.24485e-07
-3.94996e-06
-4.46987e-07
-3.86679e-06
-5.74266e-07
-3.76633e-06
-7.04795e-07
-3.64812e-06
-8.36718e-07
-3.51191e-06
-9.67846e-07
-3.3577e-06
-1.09566e-06
-3.18579e-06
-1.21732e-06
-2.99684e-06
-1.3297e-06
-2.79197e-06
-1.42947e-06
-2.57275e-06
-1.51315e-06
-2.34133e-06
-1.57724e-06
-2.10039e-06
-1.61841e-06
-1.85322e-06
-1.6336e-06
-1.60366e-06
-1.62029e-06
-1.35604e-06
-1.57668e-06
-1.11508e-06
-1.50191e-06
-8.85771e-07
-1.39626e-06
-6.73159e-07
-1.26127e-06
-4.82197e-07
-1.09989e-06
-3.17559e-07
-9.1644e-07
-1.83495e-07
-7.1663e-07
-8.37607e-08
-5.07363e-07
-2.16277e-08
-2.96525e-07
-9.30653e-08
-1.03512e-08
4.20927e-08
-3.88988e-08
1.29356e-07
-8.32688e-08
2.15109e-07
-1.41228e-07
2.96192e-07
-2.10694e-07
3.70567e-07
-2.89752e-07
4.36974e-07
-3.76661e-07
4.94807e-07
-4.69861e-07
5.43984e-07
-5.67973e-07
5.84826e-07
-6.698e-07
6.17931e-07
-7.74313e-07
6.44082e-07
-8.80648e-07
6.64161e-07
-9.88092e-07
6.79081e-07
-1.09606e-06
6.89743e-07
-1.20411e-06
6.96997e-07
-1.31187e-06
7.01618e-07
-1.41908e-06
7.04299e-07
-1.52557e-06
7.05637e-07
-1.63121e-06
7.06143e-07
-1.73594e-06
7.06235e-07
-1.83973e-06
7.06255e-07
-1.94259e-06
7.06465e-07
-2.04455e-06
7.07061e-07
-2.14567e-06
7.08177e-07
-2.24599e-06
7.09891e-07
-2.34557e-06
7.12228e-07
-2.44447e-06
7.15166e-07
-2.54274e-06
7.18637e-07
-2.6404e-06
7.22529e-07
-2.73746e-06
7.26685e-07
-2.8339e-06
7.30908e-07
-2.92967e-06
7.34959e-07
-3.0247e-06
7.38555e-07
-3.11885e-06
7.41371e-07
-3.21197e-06
7.43042e-07
-3.30386e-06
7.43161e-07
-3.39425e-06
7.41281e-07
-3.48284e-06
7.36919e-07
-3.56928e-06
7.29554e-07
-3.65316e-06
7.18639e-07
-3.73403e-06
7.03597e-07
-3.81138e-06
6.83833e-07
-3.88464e-06
6.58741e-07
-3.95322e-06
6.27712e-07
-4.01646e-06
5.90145e-07
-4.07366e-06
5.45458e-07
-4.12409e-06
4.93106e-07
-4.16698e-06
4.32591e-07
-4.20152e-06
3.63484e-07
-4.22688e-06
2.85444e-07
-4.24219e-06
1.98237e-07
-4.24657e-06
1.01759e-07
-4.23912e-06
-3.93559e-09
-4.21893e-06
-1.1861e-07
-4.18511e-06
-2.41814e-07
-4.13673e-06
-3.72857e-07
-4.07295e-06
-5.10773e-07
-3.99292e-06
-6.54292e-07
-3.89591e-06
-8.01809e-07
-3.78126e-06
-9.51359e-07
-3.64851e-06
-1.1006e-06
-3.49738e-06
-1.24679e-06
-3.32786e-06
-1.38683e-06
-3.14031e-06
-1.51725e-06
-2.93551e-06
-1.63427e-06
-2.71474e-06
-1.73392e-06
-2.47987e-06
-1.81212e-06
-2.23339e-06
-1.86488e-06
-1.97851e-06
-1.88848e-06
-1.71907e-06
-1.87972e-06
-1.45959e-06
-1.83616e-06
-1.2051e-06
-1.7564e-06
-9.6105e-07
-1.64031e-06
-7.33118e-07
-1.48921e-06
-5.26986e-07
-1.30602e-06
-3.48143e-07
-1.09528e-06
-2.01697e-07
-8.63076e-07
-9.22474e-08
-6.16812e-07
-2.38393e-08
-3.64933e-07
-1.16905e-07
-1.16467e-08
5.37394e-08
-4.36042e-08
1.61314e-07
-9.30378e-08
2.64542e-07
-1.57289e-07
3.60443e-07
-2.33902e-07
4.47179e-07
-3.20638e-07
5.2371e-07
-4.15491e-07
5.8966e-07
-5.16689e-07
6.45182e-07
-6.22689e-07
6.90825e-07
-7.32167e-07
7.27409e-07
-8.44007e-07
7.55923e-07
-9.57283e-07
7.77437e-07
-1.07124e-06
7.93036e-07
-1.18527e-06
8.03774e-07
-1.2989e-06
8.1063e-07
-1.41178e-06
8.14496e-07
-1.52364e-06
8.1616e-07
-1.6343e-06
8.16301e-07
-1.74366e-06
8.15494e-07
-1.85164e-06
8.14215e-07
-1.95823e-06
8.12845e-07
-2.06344e-06
8.1168e-07
-2.16732e-06
8.1094e-07
-2.26992e-06
8.10775e-07
-2.3713e-06
8.1127e-07
-2.47152e-06
8.12453e-07
-2.57065e-06
8.14297e-07
-2.66874e-06
8.16724e-07
-2.76582e-06
8.19607e-07
-2.8619e-06
8.2277e-07
-2.95699e-06
8.25992e-07
-3.05103e-06
8.29003e-07
-3.14397e-06
8.3149e-07
-3.23569e-06
8.33094e-07
-3.32606e-06
8.33409e-07
-3.41488e-06
8.31989e-07
-3.50195e-06
8.28345e-07
-3.58698e-06
8.21948e-07
-3.66966e-06
8.12237e-07
-3.74964e-06
7.98616e-07
-3.82651e-06
7.80467e-07
-3.89982e-06
7.5715e-07
-3.9691e-06
7.28017e-07
-4.03381e-06
6.92418e-07
-4.09337e-06
6.49713e-07
-4.1472e-06
5.99282e-07
-4.19463e-06
5.40543e-07
-4.23501e-06
4.72964e-07
-4.26761e-06
3.96083e-07
-4.29168e-06
3.09523e-07
-4.30646e-06
2.13017e-07
-4.31114e-06
1.06431e-07
-4.30486e-06
-1.0216e-08
-4.28675e-06
-1.36716e-07
-4.25591e-06
-2.72649e-07
-4.21143e-06
-4.17345e-07
-4.15235e-06
-5.69849e-07
-4.07776e-06
-7.28888e-07
-3.98673e-06
-8.9283e-07
-3.87844e-06
-1.05965e-06
-3.75215e-06
-1.2269e-06
-3.60726e-06
-1.39168e-06
-3.44345e-06
-1.55064e-06
-3.26069e-06
-1.70001e-06
-3.05936e-06
-1.8356e-06
-2.84038e-06
-1.9529e-06
-2.60525e-06
-2.04724e-06
-2.35622e-06
-2.11391e-06
-2.0963e-06
-2.14841e-06
-1.82929e-06
-2.14673e-06
-1.55984e-06
-2.10562e-06
-1.29327e-06
-2.02297e-06
-1.03553e-06
-1.89805e-06
-7.92935e-07
-1.7318e-06
-5.7198e-07
-1.52697e-06
-3.79047e-07
-1.28822e-06
-2.20185e-07
-1.02194e-06
-1.00913e-07
-7.36084e-07
-2.61156e-08
-4.3973e-07
-1.4302e-07
-1.29191e-08
6.66585e-08
-4.82285e-08
1.96623e-07
-1.02635e-07
3.18949e-07
-1.73052e-07
4.3086e-07
-2.56638e-07
5.30765e-07
-3.50824e-07
6.17896e-07
-4.53327e-07
6.92163e-07
-5.62153e-07
7.54008e-07
-6.75584e-07
8.04256e-07
-7.92168e-07
8.43994e-07
-9.10697e-07
8.74451e-07
-1.03018e-06
8.96919e-07
-1.14982e-06
9.12676e-07
-1.26899e-06
9.22944e-07
-1.38721e-06
9.28849e-07
-1.50412e-06
9.31404e-07
-1.61946e-06
9.315e-07
-1.73306e-06
9.29901e-07
-1.84481e-06
9.27251e-07
-1.95468e-06
9.2408e-07
-2.06265e-06
9.20813e-07
-2.16874e-06
9.17777e-07
-2.27302e-06
9.15217e-07
-2.37554e-06
9.13297e-07
-2.47639e-06
9.12111e-07
-2.57562e-06
9.11688e-07
-2.67332e-06
9.11998e-07
-2.76955e-06
9.12953e-07
-2.86435e-06
9.14411e-07
-2.95776e-06
9.16178e-07
-3.04978e-06
9.18011e-07
-3.14039e-06
9.19614e-07
-3.22955e-06
9.20644e-07
-3.31716e-06
9.2071e-07
-3.40313e-06
9.19374e-07
-3.48729e-06
9.16153e-07
-3.56947e-06
9.10522e-07
-3.64943e-06
9.01915e-07
-3.72693e-06
8.89732e-07
-3.80166e-06
8.73342e-07
-3.87328e-06
8.52088e-07
-3.94142e-06
8.25297e-07
-4.00569e-06
7.92284e-07
-4.06564e-06
7.52366e-07
-4.12079e-06
7.04868e-07
-4.17065e-06
6.4914e-07
-4.21468e-06
5.84566e-07
-4.25229e-06
5.10581e-07
-4.2829e-06
4.26687e-07
-4.30585e-06
3.3247e-07
-4.32045e-06
2.27623e-07
-4.32598e-06
1.11964e-07
-4.32167e-06
-1.45342e-08
-4.30666e-06
-1.51718e-07
-4.28009e-06
-2.99221e-07
-4.24101e-06
-4.56429e-07
-4.18842e-06
-6.2244e-07
-4.12128e-06
-7.96022e-07
-4.03855e-06
-9.75565e-07
-3.93916e-06
-1.15904e-06
-3.82211e-06
-1.34395e-06
-3.68649e-06
-1.52729e-06
-3.53159e-06
-1.70554e-06
-3.35696e-06
-1.87464e-06
-3.16254e-06
-2.03002e-06
-2.94877e-06
-2.16667e-06
-2.71675e-06
-2.27926e-06
-2.46835e-06
-2.36232e-06
-2.20629e-06
-2.41047e-06
-1.93427e-06
-2.41874e-06
-1.65697e-06
-2.38292e-06
-1.37999e-06
-2.29995e-06
-1.10973e-06
-2.16831e-06
-8.53206e-07
-1.98832e-06
-6.17763e-07
-1.76242e-06
-4.10771e-07
-1.49521e-06
-2.3932e-07
-1.19339e-06
-1.09962e-07
-8.65443e-07
-2.85225e-08
-5.21169e-07
-1.71543e-07
-1.41731e-08
8.08316e-08
-5.27838e-08
2.35234e-07
-1.12078e-07
3.78243e-07
-1.88532e-07
5.07314e-07
-2.78909e-07
6.21141e-07
-3.80296e-07
7.19283e-07
-4.90122e-07
8.0199e-07
-6.06161e-07
8.70046e-07
-7.26516e-07
9.24611e-07
-8.49601e-07
9.67079e-07
-9.74114e-07
9.98964e-07
-1.099e-06
1.02181e-06
-1.22343e-06
1.0371e-06
-1.34675e-06
1.04627e-06
-1.46848e-06
1.05058e-06
-1.58827e-06
1.05119e-06
-1.70587e-06
1.0491e-06
-1.82111e-06
1.04515e-06
-1.93393e-06
1.04006e-06
-2.04428e-06
1.03443e-06
-2.15217e-06
1.02871e-06
-2.25766e-06
1.02327e-06
-2.36081e-06
1.01836e-06
-2.4617e-06
1.01419e-06
-2.56042e-06
1.01083e-06
-2.65706e-06
1.00833e-06
-2.75172e-06
1.00665e-06
-2.84446e-06
1.0057e-06
-2.93537e-06
1.00531e-06
-3.02447e-06
1.00528e-06
-3.11181e-06
1.00535e-06
-3.19739e-06
1.00519e-06
-3.28118e-06
1.00444e-06
-3.36314e-06
1.00267e-06
-3.44319e-06
9.99424e-07
-3.52122e-06
9.94186e-07
-3.5971e-06
9.86399e-07
-3.67065e-06
9.75469e-07
-3.74168e-06
9.60762e-07
-3.80996e-06
9.41619e-07
-3.87522e-06
9.17354e-07
-3.93719e-06
8.87265e-07
-3.99555e-06
8.5064e-07
-4.04995e-06
8.06768e-07
-4.10003e-06
7.54948e-07
-4.14539e-06
6.94501e-07
-4.18561e-06
6.24782e-07
-4.22022e-06
5.45193e-07
-4.24873e-06
4.552e-07
-4.27061e-06
3.54348e-07
-4.28527e-06
2.42281e-07
-4.29206e-06
1.18762e-07
-4.2903e-06
-1.63011e-08
-4.27919e-06
-1.62827e-07
-4.25788e-06
-3.20533e-07
-4.22542e-06
-4.8889e-07
-4.18077e-06
-6.67087e-07
-4.12281e-06
-8.53978e-07
-4.05034e-06
-1.04803e-06
-3.96211e-06
-1.24727e-06
-3.85684e-06
-1.44922e-06
-3.73331e-06
-1.65083e-06
-3.59038e-06
-1.84847e-06
-3.42717e-06
-2.03786e-06
-3.2431e-06
-2.21409e-06
-3.03809e-06
-2.37167e-06
-2.81273e-06
-2.50463e-06
-2.56838e-06
-2.60667e-06
-2.30741e-06
-2.67144e-06
-2.03327e-06
-2.69288e-06
-1.75059e-06
-2.66561e-06
-1.46515e-06
-2.5854e-06
-1.18379e-06
-2.44966e-06
-9.14219e-07
-2.25789e-06
-6.64691e-07
-2.01194e-06
-4.43656e-07
-1.71624e-06
-2.59368e-07
-1.37768e-06
-1.19547e-07
-1.00526e-06
-3.11102e-08
-6.09607e-07
-2.02653e-07
-1.54148e-08
9.62464e-08
-5.72904e-08
2.77109e-07
-1.21402e-07
4.42355e-07
-2.03775e-07
5.89687e-07
-3.00761e-07
7.18127e-07
-4.09088e-07
8.2761e-07
-5.25886e-07
9.18788e-07
-6.48686e-07
9.92847e-07
-7.75408e-07
1.05133e-06
-9.04331e-07
1.096e-06
-1.03406e-06
1.12869e-06
-1.16348e-06
1.15122e-06
-1.29172e-06
1.16535e-06
-1.41814e-06
1.17268e-06
-1.54224e-06
1.17468e-06
-1.66369e-06
1.17264e-06
-1.78226e-06
1.16766e-06
-1.89781e-06
1.1607e-06
-2.01029e-06
1.15254e-06
-2.11968e-06
1.14382e-06
-2.22603e-06
1.13506e-06
-2.32941e-06
1.12664e-06
-2.4299e-06
1.11886e-06
-2.52761e-06
1.1119e-06
-2.62266e-06
1.10588e-06
-2.71515e-06
1.10083e-06
-2.8052e-06
1.0967e-06
-2.89291e-06
1.0934e-06
-2.97836e-06
1.09076e-06
-3.06163e-06
1.08855e-06
-3.14277e-06
1.08649e-06
-3.22182e-06
1.08424e-06
-3.2988e-06
1.08141e-06
-3.37368e-06
1.07756e-06
-3.44644e-06
1.07219e-06
-3.51702e-06
1.06477e-06
-3.58534e-06
1.05471e-06
-3.65127e-06
1.0414e-06
-3.7147e-06
1.02419e-06
-3.77547e-06
1.00239e-06
-3.8334e-06
9.75284e-07
-3.88829e-06
9.42159e-07
-3.93993e-06
9.02279e-07
-3.98808e-06
8.54914e-07
-4.03247e-06
7.99339e-07
-4.07282e-06
7.34853e-07
-4.10882e-06
6.60783e-07
-4.14013e-06
5.76502e-07
-4.16637e-06
4.81438e-07
-4.18711e-06
3.75092e-07
-4.20188e-06
2.57054e-07
-4.21014e-06
1.27022e-07
-4.21127e-06
-1.51737e-08
-4.20456e-06
-1.69542e-07
-4.18919e-06
-3.35904e-07
-4.16423e-06
-5.13847e-07
-4.12863e-06
-7.02688e-07
-4.08119e-06
-9.01411e-07
-4.02061e-06
-1.10861e-06
-3.94545e-06
-1.32243e-06
-3.8542e-06
-1.54047e-06
-3.74529e-06
-1.75974e-06
-3.61722e-06
-1.97654e-06
-3.46859e-06
-2.18648e-06
-3.29831e-06
-2.38437e-06
-3.10571e-06
-2.56428e-06
-2.89073e-06
-2.71961e-06
-2.65416e-06
-2.84323e-06
-2.39786e-06
-2.92775e-06
-2.12489e-06
-2.96585e-06
-1.83969e-06
-2.9508e-06
-1.54813e-06
-2.87695e-06
-1.25742e-06
-2.74037e-06
-9.7594e-07
-2.53937e-06
-7.12885e-07
-2.275e-06
-4.77883e-07
-1.95125e-06
-2.80495e-07
-1.57506e-06
-1.29775e-07
-1.15598e-06
-3.39137e-08
-7.05468e-07
-2.36567e-07
-1.66537e-08
1.129e-07
-6.17789e-08
3.22235e-07
-1.30664e-07
5.1124e-07
-2.18859e-07
6.77882e-07
-3.22284e-07
8.21552e-07
-4.37289e-07
9.42615e-07
-5.60688e-07
1.04219e-06
-6.89765e-07
1.12192e-06
-8.22248e-07
1.18382e-06
-9.56282e-07
1.23004e-06
-1.09038e-06
1.26279e-06
-1.22338e-06
1.28423e-06
-1.3544e-06
1.29637e-06
-1.48277e-06
1.30105e-06
-1.60803e-06
1.29994e-06
-1.72985e-06
1.29446e-06
-1.84804e-06
1.28586e-06
-1.9625e-06
1.27516e-06
-2.07321e-06
1.26324e-06
-2.18018e-06
1.2508e-06
-2.28349e-06
1.23837e-06
-2.38325e-06
1.2264e-06
-2.47957e-06
1.21518e-06
-2.57258e-06
1.20492e-06
-2.66244e-06
1.19573e-06
-2.74927e-06
1.18766e-06
-2.83321e-06
1.18065e-06
-2.9144e-06
1.17459e-06
-2.99294e-06
1.1693e-06
-3.06894e-06
1.16456e-06
-3.14249e-06
1.16004e-06
-3.21366e-06
1.15541e-06
-3.28249e-06
1.15024e-06
-3.34902e-06
1.14409e-06
-3.41327e-06
1.13643e-06
-3.47521e-06
1.12671e-06
-3.53484e-06
1.11433e-06
-3.59209e-06
1.09866e-06
-3.64692e-06
1.07902e-06
-3.69924e-06
1.05471e-06
-3.74897e-06
1.02501e-06
-3.79599e-06
9.89181e-07
-3.84019e-06
9.46477e-07
-3.88143e-06
8.96149e-07
-3.91955e-06
8.3746e-07
-3.95438e-06
7.69686e-07
-3.98573e-06
6.92134e-07
-4.01338e-06
6.04146e-07
-4.03705e-06
5.05115e-07
-4.05646e-06
3.94495e-07
-4.07122e-06
2.7182e-07
-4.08092e-06
1.36716e-07
-4.08502e-06
-1.10731e-08
-4.0829e-06
-1.7166e-07
-4.07381e-06
-3.44989e-07
-4.05687e-06
-5.30788e-07
-4.03103e-06
-7.2853e-07
-3.99507e-06
-9.37372e-07
-3.94759e-06
-1.15609e-06
-3.88703e-06
-1.38299e-06
-3.81166e-06
-1.61585e-06
-3.71962e-06
-1.85177e-06
-3.60902e-06
-2.08714e-06
-3.478e-06
-2.3175e-06
-3.32488e-06
-2.53749e-06
-3.14834e-06
-2.74082e-06
-2.94763e-06
-2.92032e-06
-2.72284e-06
-3.06802e-06
-2.47514e-06
-3.17545e-06
-2.20706e-06
-3.23393e-06
-1.9227e-06
-3.23516e-06
-1.62784e-06
-3.17182e-06
-1.32995e-06
-3.03826e-06
-1.03802e-06
-2.8313e-06
-7.62239e-07
-2.55078e-06
-5.13485e-07
-2.2e-06
-3.02777e-07
-1.78577e-06
-1.40705e-07
-1.31806e-06
-3.69564e-08
-8.09216e-07
-2.73523e-07
-1.79024e-08
1.30802e-07
-6.62927e-08
3.70625e-07
-1.39944e-07
5.8489e-07
-2.339e-07
7.71839e-07
-3.43617e-07
9.31269e-07
-4.65044e-07
1.06404e-06
-5.94663e-07
1.17181e-06
-7.29497e-07
1.25676e-06
-8.67084e-07
1.3214e-06
-1.00544e-06
1.36839e-06
-1.14299e-06
1.40034e-06
-1.27854e-06
1.41978e-06
-1.41119e-06
1.42901e-06
-1.54029e-06
1.43015e-06
-1.66539e-06
1.42505e-06
-1.78623e-06
1.41529e-06
-1.90263e-06
1.40226e-06
-2.01455e-06
1.38708e-06
-2.122e-06
1.37069e-06
-2.22505e-06
1.35385e-06
-2.32382e-06
1.33714e-06
-2.41845e-06
1.32102e-06
-2.50909e-06
1.30582e-06
-2.59592e-06
1.29174e-06
-2.6791e-06
1.27892e-06
-2.75882e-06
1.26737e-06
-2.83523e-06
1.25706e-06
-2.90851e-06
1.24786e-06
-2.97878e-06
1.23958e-06
-3.0462e-06
1.23197e-06
-3.11088e-06
1.22472e-06
-3.17292e-06
1.21746e-06
-3.23243e-06
1.20975e-06
-3.28947e-06
1.20113e-06
-3.34411e-06
1.19107e-06
-3.39639e-06
1.17899e-06
-3.44635e-06
1.16429e-06
-3.494e-06
1.14632e-06
-3.53936e-06
1.12438e-06
-3.58243e-06
1.09778e-06
-3.6232e-06
1.06578e-06
-3.66165e-06
1.02763e-06
-3.69775e-06
9.82579e-07
-3.73147e-06
9.2987e-07
-3.76276e-06
8.68751e-07
-3.79156e-06
7.98487e-07
-3.81779e-06
7.18362e-07
-3.84133e-06
6.27693e-07
-3.86206e-06
5.25839e-07
-3.87977e-06
4.12208e-07
-3.89423e-06
2.86277e-07
-3.90511e-06
1.47597e-07
-3.912e-06
-4.17952e-09
-3.91439e-06
-1.69278e-07
-3.9116e-06
-3.47777e-07
-3.90282e-06
-5.39564e-07
-3.88706e-06
-7.44295e-07
-3.8631e-06
-9.61332e-07
-3.82952e-06
-1.18967e-06
-3.78465e-06
-1.42786e-06
-3.72661e-06
-1.67389e-06
-3.65331e-06
-1.92508e-06
-3.56248e-06
-2.17796e-06
-3.45183e-06
-2.42815e-06
-3.31909e-06
-2.67023e-06
-3.16226e-06
-2.89765e-06
-2.97981e-06
-3.10276e-06
-2.77101e-06
-3.27682e-06
-2.5362e-06
-3.41025e-06
-2.27719e-06
-3.49294e-06
-1.99752e-06
-3.51484e-06
-1.70269e-06
-3.46664e-06
-1.40029e-06
-3.34067e-06
-1.09982e-06
-3.13177e-06
-8.12437e-07
-2.83817e-06
-5.50354e-07
-2.46208e-06
-3.26214e-07
-2.00991e-06
-1.52364e-07
-1.49191e-06
-4.02525e-08
-9.21328e-07
-3.13775e-07
-1.91786e-08
1.49981e-07
-7.08914e-08
4.22338e-07
-1.49354e-07
6.63353e-07
-2.49059e-07
8.71544e-07
-3.64958e-07
1.04717e-06
-4.92564e-07
1.19165e-06
-6.28009e-07
1.30725e-06
-7.68045e-07
1.39679e-06
-9.10022e-07
1.46338e-06
-1.05183e-06
1.5102e-06
-1.19183e-06
1.54034e-06
-1.32879e-06
1.55674e-06
-1.46183e-06
1.56205e-06
-1.59033e-06
1.55865e-06
-1.71389e-06
1.5486e-06
-1.83227e-06
1.53368e-06
-1.94539e-06
1.51538e-06
-2.05325e-06
1.49494e-06
-2.15591e-06
1.47336e-06
-2.25351e-06
1.45145e-06
-2.34622e-06
1.42984e-06
-2.43421e-06
1.40901e-06
-2.51769e-06
1.3893e-06
-2.59687e-06
1.37093e-06
-2.67197e-06
1.35401e-06
-2.74319e-06
1.33859e-06
-2.81073e-06
1.3246e-06
-2.87479e-06
1.31192e-06
-2.93555e-06
1.30034e-06
-2.99318e-06
1.2896e-06
-3.04784e-06
1.27938e-06
-3.09967e-06
1.26928e-06
-3.1488e-06
1.25888e-06
-3.19536e-06
1.24769e-06
-3.23945e-06
1.23516e-06
-3.28118e-06
1.22072e-06
-3.32064e-06
1.20375e-06
-3.3579e-06
1.18358e-06
-3.39306e-06
1.15954e-06
-3.42618e-06
1.1309e-06
-3.45733e-06
1.09693e-06
-3.48659e-06
1.05689e-06
-3.51402e-06
1.01e-06
-3.53967e-06
9.55522e-07
-3.5636e-06
8.92683e-07
-3.58586e-06
8.20741e-07
-3.60646e-06
7.38966e-07
-3.62542e-06
6.46652e-07
-3.64271e-06
5.43127e-07
-3.65826e-06
4.27758e-07
-3.67194e-06
2.99962e-07
-3.68357e-06
1.5922e-07
-3.69284e-06
5.09206e-09
-3.69935e-06
-1.62765e-07
-3.70256e-06
-3.44568e-07
-3.70175e-06
-5.40378e-07
-3.69599e-06
-7.50049e-07
-3.68415e-06
-9.73173e-07
-3.66481e-06
-1.20901e-06
-3.63629e-06
-1.45638e-06
-3.5966e-06
-1.71358e-06
-3.54345e-06
-1.97822e-06
-3.47432e-06
-2.2471e-06
-3.38646e-06
-2.51601e-06
-3.27708e-06
-2.77961e-06
-3.14347e-06
-3.03126e-06
-2.98328e-06
-3.26295e-06
-2.79483e-06
-3.46527e-06
-2.57751e-06
-3.62757e-06
-2.33217e-06
-3.73828e-06
-2.06157e-06
-3.78544e-06
-1.7707e-06
-3.75751e-06
-1.46703e-06
-3.64434e-06
-1.16044e-06
-3.43836e-06
-8.62975e-07
-3.13563e-06
-5.88267e-07
-2.73679e-06
-3.50742e-07
-2.24744e-06
-1.64754e-07
-1.67789e-06
-4.38099e-08
-1.04227e-06
-3.57585e-07
-2.05062e-08
1.70487e-07
-7.56552e-08
4.77487e-07
-1.59044e-07
7.46742e-07
-2.64552e-07
9.77052e-07
-3.86567e-07
1.16918e-06
-5.2013e-07
1.32521e-06
-6.60993e-07
1.44811e-06
-8.05634e-07
1.54143e-06
-9.51212e-07
1.60896e-06
-1.09551e-06
1.65449e-06
-1.23683e-06
1.68167e-06
-1.37396e-06
1.69387e-06
-1.50603e-06
1.69412e-06
-1.63248e-06
1.6851e-06
-1.75297e-06
1.6691e-06
-1.86736e-06
1.64807e-06
-1.97561e-06
1.62364e-06
-2.07782e-06
1.59714e-06
-2.17411e-06
1.56965e-06
-2.2647e-06
1.54203e-06
-2.34979e-06
1.51494e-06
-2.42964e-06
1.48886e-06
-2.50449e-06
1.46416e-06
-2.57461e-06
1.44105e-06
-2.64025e-06
1.41966e-06
-2.70166e-06
1.4e-06
-2.75908e-06
1.38202e-06
-2.81273e-06
1.36557e-06
-2.86283e-06
1.35044e-06
-2.9096e-06
1.33636e-06
-2.95321e-06
1.32299e-06
-2.99386e-06
1.30993e-06
-3.03172e-06
1.29674e-06
-3.06695e-06
1.28292e-06
-3.09971e-06
1.26792e-06
-3.13015e-06
1.25116e-06
-3.15841e-06
1.23201e-06
-3.18464e-06
1.20981e-06
-3.20898e-06
1.18388e-06
-3.23158e-06
1.1535e-06
-3.25258e-06
1.11793e-06
-3.27213e-06
1.07644e-06
-3.29037e-06
1.02825e-06
-3.30746e-06
9.7261e-07
-3.32354e-06
9.08762e-07
-3.33875e-06
8.35951e-07
-3.35322e-06
7.53438e-07
-3.36707e-06
6.605e-07
-3.38038e-06
5.56436e-07
-3.3932e-06
4.40577e-07
-3.40553e-06
3.12288e-07
-3.41729e-06
1.70983e-07
-3.42833e-06
1.61312e-08
-3.43837e-06
-1.52723e-07
-3.447e-06
-3.35938e-07
-3.45363e-06
-5.33746e-07
-3.45747e-06
-7.46211e-07
-3.45747e-06
-9.73173e-07
-3.4523e-06
-1.21417e-06
-3.44031e-06
-1.46837e-06
-3.41949e-06
-1.7344e-06
-3.38745e-06
-2.01026e-06
-3.34145e-06
-2.2931e-06
-3.27841e-06
-2.57905e-06
-3.19502e-06
-2.863e-06
-3.08791e-06
-3.13838e-06
-2.95387e-06
-3.39699e-06
-2.79021e-06
-3.62893e-06
-2.59519e-06
-3.82259e-06
-2.36851e-06
-3.96496e-06
-2.11188e-06
-4.04207e-06
-1.8295e-06
-4.03989e-06
-1.52843e-06
-3.94542e-06
-1.21871e-06
-3.74807e-06
-9.13184e-07
-3.44116e-06
-6.26907e-07
-3.02307e-06
-3.76252e-07
-2.49809e-06
-1.77859e-07
-1.87629e-06
-4.76339e-08
-1.1725e-06
-4.05219e-07
-2.19172e-08
1.92404e-07
-8.0691e-08
5.36261e-07
-1.69214e-07
8.35265e-07
-2.8066e-07
1.0885e-06
-4.08785e-07
1.29731e-06
-5.48102e-07
1.46453e-06
-6.93959e-07
1.59397e-06
-8.42545e-07
1.69002e-06
-9.90844e-07
1.75726e-06
-1.13654e-06
1.80019e-06
-1.27794e-06
1.82306e-06
-1.41383e-06
1.82976e-06
-1.54341e-06
1.82371e-06
-1.66622e-06
1.8079e-06
-1.782e-06
1.78488e-06
-1.89071e-06
1.75678e-06
-1.99242e-06
1.72535e-06
-2.08729e-06
1.69202e-06
-2.17557e-06
1.65793e-06
-2.25752e-06
1.62398e-06
-2.33344e-06
1.59086e-06
-2.40364e-06
1.55906e-06
-2.46842e-06
1.52894e-06
-2.5281e-06
1.50073e-06
-2.58298e-06
1.47453e-06
-2.63334e-06
1.45036e-06
-2.67946e-06
1.42814e-06
-2.7216e-06
1.40772e-06
-2.76003e-06
1.38887e-06
-2.79497e-06
1.37131e-06
-2.82666e-06
1.35468e-06
-2.85532e-06
1.33859e-06
-2.88114e-06
1.32257e-06
-2.90435e-06
1.30612e-06
-2.92513e-06
1.2887e-06
-2.94369e-06
1.26971e-06
-2.96021e-06
1.24853e-06
-2.9749e-06
1.2245e-06
-2.98796e-06
1.19694e-06
-2.99959e-06
1.16513e-06
-3.01001e-06
1.12835e-06
-3.01943e-06
1.08585e-06
-3.02807e-06
1.03689e-06
-3.03617e-06
9.80712e-07
-3.04396e-06
9.16551e-07
-3.05167e-06
8.43658e-07
-3.05952e-06
7.61288e-07
-3.06773e-06
6.68707e-07
-3.07648e-06
5.65194e-07
-3.08595e-06
4.50047e-07
-3.09626e-06
3.2259e-07
-3.10744e-06
1.82172e-07
-3.1195e-06
2.81846e-08
-3.13229e-06
-1.39934e-07
-3.14555e-06
-3.22678e-07
-3.15885e-06
-5.20446e-07
-3.17155e-06
-7.33511e-07
-3.18276e-06
-9.61964e-07
-3.19128e-06
-1.20565e-06
-3.19556e-06
-1.46408e-06
-3.19366e-06
-1.7363e-06
-3.18318e-06
-2.02075e-06
-3.16124e-06
-2.31503e-06
-3.12454e-06
-2.61576e-06
-3.06934e-06
-2.9182e-06
-2.99165e-06
-3.21607e-06
-2.88742e-06
-3.50122e-06
-2.7529e-06
-3.76344e-06
-2.58511e-06
-3.99038e-06
-2.3824e-06
-4.16767e-06
-2.14514e-06
-4.27934e-06
-1.87638e-06
-4.30865e-06
-1.58245e-06
-4.23935e-06
-1.27326e-06
-4.05727e-06
-9.62254e-07
-3.75216e-06
-6.65878e-07
-3.31944e-06
-4.02605e-07
-2.76137e-06
-1.91657e-07
-2.08723e-06
-5.17306e-08
-1.31242e-06
-4.5695e-07
-2.34543e-08
2.15859e-07
-8.61398e-08
5.98946e-07
-1.80121e-07
9.29247e-07
-2.97748e-07
1.20612e-06
-4.32044e-07
1.4316e-06
-5.7693e-07
1.60941e-06
-7.27317e-07
1.74436e-06
-8.79106e-07
1.84181e-06
-1.02912e-06
1.90727e-06
-1.17498e-06
1.94605e-06
-1.31501e-06
1.96309e-06
-1.44807e-06
1.96282e-06
-1.57347e-06
1.94911e-06
-1.69086e-06
1.92529e-06
-1.80012e-06
1.89414e-06
-1.90133e-06
1.85798e-06
-1.99468e-06
1.8187e-06
-2.08045e-06
1.77779e-06
-2.15899e-06
1.73647e-06
-2.23064e-06
1.69564e-06
-2.2958e-06
1.65601e-06
-2.35483e-06
1.61809e-06
-2.40812e-06
1.58223e-06
-2.45602e-06
1.54863e-06
-2.49887e-06
1.51739e-06
-2.53702e-06
1.48851e-06
-2.57077e-06
1.46189e-06
-2.60043e-06
1.43737e-06
-2.62627e-06
1.41471e-06
-2.64857e-06
1.39361e-06
-2.66758e-06
1.3737e-06
-2.68357e-06
1.35457e-06
-2.69676e-06
1.33576e-06
-2.70739e-06
1.31676e-06
-2.71571e-06
1.29702e-06
-2.72194e-06
1.27594e-06
-2.72633e-06
1.25292e-06
-2.72911e-06
1.22729e-06
-2.73055e-06
1.19838e-06
-2.7309e-06
1.16548e-06
-2.73043e-06
1.12788e-06
-2.72942e-06
1.08484e-06
-2.72815e-06
1.03563e-06
-2.72694e-06
9.79497e-07
-2.72608e-06
9.15692e-07
-2.72589e-06
8.43466e-07
-2.72667e-06
7.62075e-07
-2.72874e-06
6.70778e-07
-2.73239e-06
5.68843e-07
-2.73789e-06
4.55544e-07
-2.74547e-06
3.3017e-07
-2.75532e-06
1.9202e-07
-2.76755e-06
4.04156e-08
-2.78219e-06
-1.25298e-07
-2.79913e-06
-3.05735e-07
-2.81812e-06
-5.01452e-07
-2.83871e-06
-7.1292e-07
-2.8602e-06
-9.40478e-07
-2.88158e-06
-1.18428e-06
-2.90147e-06
-1.44419e-06
-2.91806e-06
-1.71971e-06
-2.92906e-06
-2.00975e-06
-2.93158e-06
-2.31251e-06
-2.92217e-06
-2.62516e-06
-2.89682e-06
-2.94355e-06
-2.851e-06
-3.26189e-06
-2.77988e-06
-3.57233e-06
-2.67867e-06
-3.86465e-06
-2.54304e-06
-4.12601e-06
-2.36981e-06
-4.3409e-06
-2.15772e-06
-4.49142e-06
-1.90833e-06
-4.55804e-06
-1.6268e-06
-4.52088e-06
-1.32252e-06
-4.36155e-06
-1.00924e-06
-4.06544e-06
-7.04728e-07
-3.62396e-06
-4.2965e-07
-3.03644e-06
-2.06132e-07
-2.31075e-06
-5.61101e-08
-1.46245e-06
-5.1306e-07
-2.51746e-08
2.41033e-07
-9.21877e-08
6.65959e-07
-1.92103e-07
1.02916e-06
-3.16278e-07
1.3303e-06
-4.5688e-07
1.57221e-06
-6.07156e-07
1.75969e-06
-7.61548e-07
1.89875e-06
-9.15668e-07
1.99593e-06
-1.06621e-06
2.05781e-06
-1.21078e-06
2.09063e-06
-1.34778e-06
2.10009e-06
-1.47619e-06
2.09123e-06
-1.59548e-06
2.0684e-06
-1.70546e-06
2.03526e-06
-1.80618e-06
1.99487e-06
-1.89789e-06
1.94969e-06
-1.98092e-06
1.90173e-06
-2.0557e-06
1.85257e-06
-2.12268e-06
1.80344e-06
-2.18232e-06
1.75528e-06
-2.23508e-06
1.70878e-06
-2.28144e-06
1.66444e-06
-2.32181e-06
1.6226e-06
-2.35662e-06
1.58344e-06
-2.38627e-06
1.54703e-06
-2.41112e-06
1.51336e-06
-2.43152e-06
1.48229e-06
-2.44781e-06
1.45366e-06
-2.46028e-06
1.42719e-06
-2.46925e-06
1.40257e-06
-2.47498e-06
1.37943e-06
-2.47776e-06
1.35735e-06
-2.47785e-06
1.33585e-06
-2.47553e-06
1.31443e-06
-2.47104e-06
1.29253e-06
-2.46467e-06
1.26957e-06
-2.45668e-06
1.24493e-06
-2.44735e-06
1.21796e-06
-2.43698e-06
1.18801e-06
-2.42587e-06
1.15437e-06
-2.41434e-06
1.11635e-06
-2.40272e-06
1.07322e-06
-2.39136e-06
1.02427e-06
-2.38061e-06
9.68748e-07
-2.37085e-06
9.05929e-07
-2.36245e-06
8.35073e-07
-2.35582e-06
7.55438e-07
-2.35132e-06
6.66288e-07
-2.34936e-06
5.66882e-07
-2.3503e-06
4.56484e-07
-2.35449e-06
3.34357e-07
-2.36223e-06
1.99763e-07
-2.37378e-06
5.19667e-08
-2.38932e-06
-1.09762e-07
-2.40892e-06
-2.86141e-07
-2.4325e-06
-4.77866e-07
-2.45983e-06
-6.85586e-07
-2.49044e-06
-9.09875e-07
-2.52354e-06
-1.15117e-06
-2.55801e-06
-1.40973e-06
-2.59225e-06
-1.68546e-06
-2.62415e-06
-1.97786e-06
-2.65095e-06
-2.28571e-06
-2.66921e-06
-2.6069e-06
-2.67475e-06
-2.93802e-06
-2.66267e-06
-3.27398e-06
-2.62748e-06
-3.60752e-06
-2.56337e-06
-3.92876e-06
-2.46467e-06
-4.22471e-06
-2.32651e-06
-4.47905e-06
-2.14577e-06
-4.67217e-06
-1.92206e-06
-4.78175e-06
-1.65891e-06
-4.78402e-06
-1.3647e-06
-4.65577e-06
-1.0531e-06
-4.37703e-06
-7.4296e-07
-3.9341e-06
-4.57237e-07
-3.32217e-06
-2.21283e-07
-2.54671e-06
-6.07919e-08
-1.62294e-06
-5.73852e-07
-2.71548e-08
2.68188e-07
-9.90804e-08
7.37885e-07
-2.05594e-07
1.13568e-06
-3.36839e-07
1.46154e-06
-4.83955e-07
1.71932e-06
-6.39424e-07
1.91516e-06
-7.97183e-07
2.05651e-06
-9.52576e-07
2.15132e-06
-1.10221e-06
2.20744e-06
-1.24376e-06
2.23218e-06
-1.37576e-06
2.23208e-06
-1.49739e-06
2.21286e-06
-1.60834e-06
2.17935e-06
-1.70864e-06
2.13557e-06
-1.79858e-06
2.08481e-06
-1.87858e-06
2.02969e-06
-1.94917e-06
1.97232e-06
-2.01092e-06
1.91432e-06
-2.06442e-06
1.85694e-06
-2.11024e-06
1.8011e-06
-2.14896e-06
1.7475e-06
-2.18111e-06
1.69659e-06
-2.20718e-06
1.64867e-06
-2.22765e-06
1.60391e-06
-2.24296e-06
1.56234e-06
-2.25351e-06
1.52391e-06
-2.25969e-06
1.48847e-06
-2.26183e-06
1.4558e-06
-2.26028e-06
1.42564e-06
-2.25535e-06
1.39764e-06
-2.24734e-06
1.37142e-06
-2.23654e-06
1.34655e-06
-2.22324e-06
1.32255e-06
-2.20771e-06
1.29891e-06
-2.19025e-06
1.27507e-06
-2.17115e-06
1.25046e-06
-2.15069e-06
1.22448e-06
-2.1292e-06
1.19647e-06
-2.10699e-06
1.1658e-06
-2.08441e-06
1.13178e-06
-2.0618e-06
1.09374e-06
-2.03954e-06
1.05096e-06
-2.01802e-06
1.00275e-06
-1.99765e-06
9.48378e-07
-1.97885e-06
8.87136e-07
-1.96208e-06
8.18296e-07
-1.94777e-06
7.41133e-07
-1.9364e-06
6.54915e-07
-1.92842e-06
5.58908e-07
-1.92431e-06
4.52371e-07
-1.92451e-06
3.34553e-07
-1.92944e-06
2.04694e-07
-1.93949e-06
6.202e-08
-1.955e-06
-9.42583e-08
-1.9762e-06
-2.64942e-07
-2.00322e-06
-4.50839e-07
-2.03606e-06
-6.52754e-07
-2.07446e-06
-8.71466e-07
-2.11795e-06
-1.10769e-06
-2.16567e-06
-1.36201e-06
-2.21633e-06
-1.6348e-06
-2.2681e-06
-1.92609e-06
-2.31847e-06
-2.23534e-06
-2.36415e-06
-2.56122e-06
-2.40097e-06
-2.9012e-06
-2.42383e-06
-3.25112e-06
-2.42674e-06
-3.60461e-06
-2.40303e-06
-3.95247e-06
-2.34571e-06
-4.28203e-06
-2.24818e-06
-4.57659e-06
-2.10515e-06
-4.8152e-06
-1.91395e-06
-4.97295e-06
-1.67592e-06
-5.02204e-06
-1.39779e-06
-4.9339e-06
-1.09264e-06
-4.68219e-06
-7.80046e-07
-4.24669e-06
-4.85242e-07
-3.61697e-06
-2.37144e-07
-2.7948e-06
-6.58108e-08
-1.79427e-06
-6.39663e-07
-2.94987e-08
2.97687e-07
-1.07144e-07
8.1553e-07
-2.21161e-07
1.24969e-06
-3.60168e-07
1.60055e-06
-5.14069e-07
1.87322e-06
-6.74467e-07
2.07556e-06
-8.34771e-07
2.21681e-06
-9.90098e-07
2.30665e-06
-1.13705e-06
2.3544e-06
-1.27346e-06
2.36858e-06
-1.39808e-06
2.35671e-06
-1.51042e-06
2.32519e-06
-1.61044e-06
2.27937e-06
-1.69849e-06
2.22361e-06
-1.77509e-06
2.16141e-06
-1.84094e-06
2.09554e-06
-1.89675e-06
2.02814e-06
-1.94328e-06
1.96085e-06
-1.98127e-06
1.89493e-06
-2.01142e-06
1.83125e-06
-2.03439e-06
1.77047e-06
-2.05079e-06
1.71299e-06
-2.0612e-06
1.65908e-06
-2.06612e-06
1.60884e-06
-2.06604e-06
1.56226e-06
-2.06138e-06
1.51925e-06
-2.05255e-06
1.47964e-06
-2.03992e-06
1.44317e-06
-2.02382e-06
1.40954e-06
-2.00458e-06
1.3784e-06
-1.98251e-06
1.34935e-06
-1.95791e-06
1.32195e-06
-1.93107e-06
1.29571e-06
-1.90228e-06
1.27012e-06
-1.87184e-06
1.24463e-06
-1.84005e-06
1.21867e-06
-1.80722e-06
1.19164e-06
-1.77367e-06
1.16293e-06
-1.73976e-06
1.13189e-06
-1.70583e-06
1.09786e-06
-1.67228e-06
1.06019e-06
-1.63951e-06
1.01819e-06
-1.60794e-06
9.71175e-07
-1.57802e-06
9.18456e-07
-1.55021e-06
8.59332e-07
-1.52502e-06
7.93102e-07
-1.50294e-06
7.19056e-07
-1.48451e-06
6.36481e-07
-1.47025e-06
5.44653e-07
-1.46072e-06
4.42837e-07
-1.45645e-06
3.30283e-07
-1.45797e-06
2.06221e-07
-1.46581e-06
6.98545e-08
-1.48042e-06
-7.96418e-08
-1.50224e-06
-2.43128e-07
-1.53158e-06
-4.215e-07
-1.56865e-06
-6.15685e-07
-1.61348e-06
-8.26632e-07
-1.66588e-06
-1.05529e-06
-1.72532e-06
-1.30256e-06
-1.79088e-06
-1.56924e-06
-1.86109e-06
-1.85588e-06
-1.93381e-06
-2.16262e-06
-2.00605e-06
-2.48897e-06
-2.07385e-06
-2.8334e-06
-2.13212e-06
-3.19285e-06
-2.1746e-06
-3.56213e-06
-2.19393e-06
-3.93315e-06
-2.18196e-06
-4.29401e-06
-2.13033e-06
-4.62822e-06
-2.03148e-06
-4.91404e-06
-1.88006e-06
-5.12437e-06
-1.67462e-06
-5.22748e-06
-1.41954e-06
-5.18898e-06
-1.12653e-06
-4.9752e-06
-8.15428e-07
-4.5578e-06
-5.13581e-07
-3.91882e-06
-2.53802e-07
-3.05458e-06
-7.12253e-08
-1.97685e-06
-7.10888e-07
-3.23485e-08
3.30035e-07
-1.16814e-07
8.99996e-07
-2.39536e-07
1.37241e-06
-3.87192e-07
1.74821e-06
-5.48175e-07
2.03421e-06
-7.1309e-07
2.24047e-06
-8.74818e-07
2.37854e-06
-1.02833e-06
2.46016e-06
-1.17033e-06
2.49641e-06
-1.29896e-06
2.4972e-06
-1.41334e-06
2.47109e-06
-1.51337e-06
2.42522e-06
-1.59943e-06
2.36544e-06
-1.67223e-06
2.29641e-06
-1.73263e-06
2.22181e-06
-1.78159e-06
2.1445e-06
-1.82007e-06
2.06663e-06
-1.84904e-06
1.98982e-06
-1.86937e-06
1.91526e-06
-1.8819e-06
1.84378e-06
-1.88739e-06
1.77596e-06
-1.88653e-06
1.71213e-06
-1.87994e-06
1.65248e-06
-1.86817e-06
1.59707e-06
-1.85173e-06
1.54582e-06
-1.83106e-06
1.49859e-06
-1.80658e-06
1.45516e-06
-1.77866e-06
1.41525e-06
-1.74764e-06
1.37852e-06
-1.71384e-06
1.34461e-06
-1.67757e-06
1.31308e-06
-1.63912e-06
1.2835e-06
-1.59878e-06
1.25537e-06
-1.55683e-06
1.22817e-06
-1.51358e-06
1.20137e-06
-1.46932e-06
1.17441e-06
-1.42437e-06
1.14669e-06
-1.37907e-06
1.11762e-06
-1.33376e-06
1.08658e-06
-1.28882e-06
1.05292e-06
-1.24465e-06
1.01602e-06
-1.20166e-06
9.75204e-07
-1.16031e-06
9.29829e-07
-1.12108e-06
8.79222e-07
-1.08446e-06
8.22714e-07
-1.05099e-06
7.59627e-07
-1.02121e-06
6.89277e-07
-9.95701e-07
6.10974e-07
-9.75062e-07
5.24013e-07
-9.59903e-07
4.27678e-07
-9.5085e-07
3.21229e-07
-9.4853e-07
2.03902e-07
-9.53571e-07
7.48947e-08
-9.66579e-07
-6.66338e-08
-9.88129e-07
-2.21578e-07
-1.01874e-06
-3.90889e-07
-1.05884e-06
-5.75584e-07
-1.10873e-06
-7.76745e-07
-1.16851e-06
-9.95509e-07
-1.23803e-06
-1.23305e-06
-1.31675e-06
-1.49051e-06
-1.40367e-06
-1.76896e-06
-1.49708e-06
-2.06921e-06
-1.59448e-06
-2.39157e-06
-1.69229e-06
-2.73559e-06
-1.78566e-06
-3.09948e-06
-1.86833e-06
-3.47946e-06
-1.93254e-06
-3.86893e-06
-1.9692e-06
-4.25734e-06
-1.96835e-06
-4.62907e-06
-1.92008e-06
-4.96231e-06
-1.81602e-06
-5.22843e-06
-1.65137e-06
-5.39213e-06
-1.4273e-06
-5.41306e-06
-1.15324e-06
-5.24925e-06
-8.48504e-07
-4.86253e-06
-5.42233e-07
-4.22509e-06
-2.71424e-07
-3.32539e-06
-7.71301e-08
-2.17114e-06
-7.88018e-07
-3.59017e-08
3.65937e-07
-1.28679e-07
9.92773e-07
-2.61675e-07
1.50541e-06
-4.19057e-07
1.90559e-06
-5.87373e-07
2.20252e-06
-7.5611e-07
2.40921e-06
-9.17666e-07
2.5401e-06
-1.067e-06
2.60949e-06
-1.20113e-06
2.63053e-06
-1.31864e-06
2.61471e-06
-1.41923e-06
2.57168e-06
-1.50334e-06
2.50934e-06
-1.57187e-06
2.43397e-06
-1.62597e-06
2.35051e-06
-1.6669e-06
2.26274e-06
-1.69594e-06
2.17354e-06
-1.71433e-06
2.08501e-06
-1.7232e-06
1.9987e-06
-1.72363e-06
1.91569e-06
-1.71656e-06
1.83671e-06
-1.70284e-06
1.76224e-06
-1.68322e-06
1.69251e-06
-1.65837e-06
1.62763e-06
-1.62886e-06
1.56756e-06
-1.59521e-06
1.51217e-06
-1.55787e-06
1.46125e-06
-1.51725e-06
1.41453e-06
-1.47371e-06
1.3717e-06
-1.42756e-06
1.33238e-06
-1.37913e-06
1.29617e-06
-1.3287e-06
1.26265e-06
-1.27653e-06
1.23133e-06
-1.22291e-06
1.20175e-06
-1.16811e-06
1.17337e-06
-1.11241e-06
1.14567e-06
-1.05611e-06
1.1181e-06
-9.995e-07
1.09009e-06
-9.42922e-07
1.06105e-06
-8.86723e-07
1.03038e-06
-8.31278e-07
9.97476e-07
-7.76988e-07
9.61726e-07
-7.24286e-07
9.22502e-07
-6.73632e-07
8.79175e-07
-6.2552e-07
8.3111e-07
-5.80473e-07
7.77667e-07
-5.39046e-07
7.182e-07
-5.01826e-07
6.52057e-07
-4.69429e-07
5.78576e-07
-4.42499e-07
4.97083e-07
-4.21707e-07
4.06886e-07
-4.07748e-07
3.0727e-07
-4.01333e-07
1.97487e-07
-4.03189e-07
7.67508e-08
-4.14045e-07
-5.57778e-08
-4.34622e-07
-2.01001e-07
-4.65612e-07
-3.59898e-07
-5.07658e-07
-5.33538e-07
-5.61314e-07
-7.2309e-07
-6.26993e-07
-9.2983e-07
-7.04902e-07
-1.15514e-06
-7.94943e-07
-1.40047e-06
-8.96586e-07
-1.66732e-06
-1.0087e-06
-1.95709e-06
-1.12935e-06
-2.27092e-06
-1.25554e-06
-2.60941e-06
-1.38291e-06
-2.9721e-06
-1.50551e-06
-3.35686e-06
-1.61553e-06
-3.75892e-06
-1.70327e-06
-4.16961e-06
-1.75742e-06
-4.57492e-06
-1.76582e-06
-4.95391e-06
-1.7169e-06
-5.27735e-06
-1.60193e-06
-5.5071e-06
-1.41793e-06
-5.59705e-06
-1.17093e-06
-5.49626e-06
-8.78586e-07
-5.15487e-06
-5.71253e-07
-4.53242e-06
-2.9029e-07
-3.60635e-06
-8.36753e-08
-2.37776e-06
-8.71693e-07
-4.04386e-08
4.06376e-07
-1.4354e-07
1.09587e-06
-2.88823e-07
1.65069e-06
-4.57167e-07
2.07393e-06
-6.32876e-07
2.37823e-06
-8.04236e-07
2.58057e-06
-9.63285e-07
2.69915e-06
-1.10521e-06
2.75141e-06
-1.22759e-06
2.75292e-06
-1.32977e-06
2.71689e-06
-1.41219e-06
2.6541e-06
-1.47602e-06
2.57317e-06
-1.5228e-06
2.48075e-06
-1.55424e-06
2.38194e-06
-1.57203e-06
2.28054e-06
-1.57781e-06
2.17932e-06
-1.57309e-06
2.08029e-06
-1.55923e-06
1.98484e-06
-1.53744e-06
1.8939e-06
-1.50878e-06
1.80805e-06
-1.47416e-06
1.72762e-06
-1.43438e-06
1.65273e-06
-1.39012e-06
1.58337e-06
-1.34197e-06
1.51941e-06
-1.29044e-06
1.46063e-06
-1.23595e-06
1.40676e-06
-1.17888e-06
1.35747e-06
-1.11958e-06
1.31239e-06
-1.05832e-06
1.27113e-06
-9.95399e-07
1.23325e-06
-9.31055e-07
1.1983e-06
-8.65538e-07
1.16582e-06
-7.99089e-07
1.1353e-06
-7.31955e-07
1.10624e-06
-6.64392e-07
1.07811e-06
-5.96669e-07
1.05038e-06
-5.29077e-07
1.0225e-06
-4.61925e-07
9.93894e-07
-3.95551e-07
9.64004e-07
-3.30321e-07
9.32246e-07
-2.66632e-07
8.98037e-07
-2.04914e-07
8.60784e-07
-1.4563e-07
8.19891e-07
-8.92807e-08
7.74761e-07
-3.64009e-08
7.24787e-07
1.24369e-08
6.69362e-07
5.66239e-08
6.0787e-07
9.55144e-08
5.39686e-07
1.28427e-07
4.64171e-07
1.54644e-07
3.80669e-07
1.73414e-07
2.88499e-07
1.83956e-07
1.86945e-07
1.85458e-07
7.52489e-08
1.77086e-07
-4.74058e-08
1.57991e-07
-1.81906e-07
1.27322e-07
-3.29229e-07
8.42439e-08
-4.90459e-07
2.79639e-08
-6.6681e-07
-4.22251e-08
-8.59641e-07
-1.26887e-07
-1.07048e-06
-2.26359e-07
-1.301e-06
-3.40631e-07
-1.55305e-06
-4.69181e-07
-1.82854e-06
-6.1076e-07
-2.12934e-06
-7.63112e-07
-2.45705e-06
-9.22627e-07
-2.81258e-06
-1.08396e-06
-3.19553e-06
-1.23966e-06
-3.60322e-06
-1.37987e-06
-4.02939e-06
-1.49237e-06
-4.46243e-06
-1.563e-06
-4.88328e-06
-1.57698e-06
-5.26336e-06
-1.52119e-06
-5.56289e-06
-1.38755e-06
-5.73069e-06
-1.17724e-06
-5.70657e-06
-9.04816e-07
-5.4273e-06
-6.00782e-07
-4.83646e-06
-3.10846e-07
-3.89629e-06
-9.1096e-08
-2.59751e-06
-9.62789e-07
-4.63658e-08
4.52741e-07
-1.62507e-07
1.21202e-06
-3.22599e-07
1.81079e-06
-5.03198e-07
2.25453e-06
-6.85911e-07
2.56095e-06
-8.57831e-07
2.75249e-06
-1.01091e-06
2.85222e-06
-1.14093e-06
2.88143e-06
-1.24646e-06
2.85845e-06
-1.32789e-06
2.79831e-06
-1.38671e-06
2.71293e-06
-1.42502e-06
2.61148e-06
-1.44514e-06
2.50087e-06
-1.44938e-06
2.38618e-06
-1.43996e-06
2.27111e-06
-1.41886e-06
2.15823e-06
-1.38789e-06
2.04931e-06
-1.34858e-06
1.94553e-06
-1.30227e-06
1.84759e-06
-1.2501e-06
1.75588e-06
-1.19302e-06
1.67054e-06
-1.13185e-06
1.59156e-06
-1.06725e-06
1.51877e-06
-9.99789e-07
1.45195e-06
-9.29929e-07
1.39077e-06
-8.58063e-07
1.33489e-06
-7.8452e-07
1.28393e-06
-7.09584e-07
1.23746e-06
-6.33501e-07
1.19505e-06
-5.56492e-07
1.15624e-06
-4.78762e-07
1.12057e-06
-4.00509e-07
1.08756e-06
-3.21933e-07
1.05672e-06
-2.43238e-07
1.02754e-06
-1.64642e-07
9.99515e-07
-8.63801e-08
9.7212e-07
-8.71141e-09
9.44827e-07
6.80803e-08
9.17102e-07
1.43681e-07
8.88403e-07
2.17744e-07
8.58183e-07
2.89888e-07
8.25893e-07
3.59694e-07
7.90977e-07
4.26705e-07
7.5288e-07
4.90425e-07
7.11041e-07
5.50316e-07
6.64896e-07
6.05799e-07
6.1388e-07
6.56251e-07
5.57418e-07
7.01009e-07
4.94928e-07
7.39365e-07
4.25816e-07
7.70566e-07
3.49467e-07
7.9382e-07
2.65246e-07
8.08286e-07
1.72479e-07
8.13085e-07
7.04496e-08
8.07297e-07
-4.1617e-08
7.89962e-07
-1.64572e-07
7.60095e-07
-2.99363e-07
7.16691e-07
-4.47055e-07
6.58743e-07
-6.08862e-07
5.85277e-07
-7.86175e-07
4.95393e-07
-9.80591e-07
3.88333e-07
-1.19394e-06
2.63589e-07
-1.42831e-06
1.21044e-07
-1.686e-06
-3.88095e-08
-1.96949e-06
-2.14588e-07
-2.28128e-06
-4.03635e-07
-2.62354e-06
-6.01552e-07
-2.99761e-06
-8.0167e-07
-3.4031e-06
-9.9453e-07
-3.83653e-06
-1.16755e-06
-4.2894e-06
-1.30512e-06
-4.74572e-06
-1.38947e-06
-5.17901e-06
-1.40284e-06
-5.54952e-06
-1.33111e-06
-5.80242e-06
-1.169e-06
-5.86868e-06
-9.25976e-07
-5.67032e-06
-6.31022e-07
-5.13141e-06
-3.33768e-07
-4.19354e-06
-9.9761e-08
-2.83151e-06
-1.06255e-06
-5.4289e-08
5.0703e-07
-1.87127e-07
1.34485e-06
-3.65093e-07
1.98875e-06
-5.59046e-07
2.44848e-06
-7.47468e-07
2.74937e-06
-9.16457e-07
2.92148e-06
-1.05839e-06
2.99416e-06
-1.17027e-06
2.99331e-06
-1.25215e-06
2.94034e-06
-1.30595e-06
2.85211e-06
-1.33452e-06
2.74149e-06
-1.34107e-06
2.61804e-06
-1.32885e-06
2.48864e-06
-1.30085e-06
2.35819e-06
-1.2598e-06
2.23005e-06
-1.20805e-06
2.10648e-06
-1.14762e-06
1.98888e-06
-1.08021e-06
1.87812e-06
-1.00724e-06
1.77462e-06
-9.29871e-07
1.67851e-06
-8.49055e-07
1.58973e-06
-7.65563e-07
1.50807e-06
-6.80016e-07
1.43323e-06
-5.92911e-07
1.36484e-06
-5.04645e-07
1.3025e-06
-4.15534e-07
1.24578e-06
-3.25834e-07
1.19423e-06
-2.35751e-07
1.14737e-06
-1.45459e-07
1.10475e-06
-5.51098e-08
1.06589e-06
3.5158e-08
1.03031e-06
1.25209e-07
9.97513e-07
2.14903e-07
9.67027e-07
3.04089e-07
9.38356e-07
3.926e-07
9.11005e-07
4.80245e-07
8.84475e-07
5.66808e-07
8.58265e-07
6.52041e-07
8.31869e-07
7.35662e-07
8.04781e-07
8.17355e-07
7.76491e-07
8.96761e-07
7.46487e-07
9.73482e-07
7.14256e-07
1.04708e-06
6.79285e-07
1.11706e-06
6.41057e-07
1.1829e-06
5.99054e-07
1.24403e-06
5.52758e-07
1.2998e-06
5.0164e-07
1.34956e-06
4.45168e-07
1.39258e-06
3.82796e-07
1.42809e-06
3.13962e-07
1.45525e-06
2.3808e-07
1.4732e-06
1.54532e-07
1.481e-06
6.26556e-08
1.47765e-06
-3.82695e-08
1.46211e-06
-1.49039e-07
1.4333e-06
-2.70545e-07
1.39005e-06
-4.03807e-07
1.33118e-06
-5.49996e-07
1.25549e-06
-7.10481e-07
1.16177e-06
-8.86869e-07
1.04887e-06
-1.08105e-06
9.15799e-07
-1.29523e-06
7.61803e-07
-1.532e-06
5.86587e-07
-1.79427e-06
3.90575e-07
-2.08526e-06
1.75302e-07
-2.40826e-06
-5.60752e-08
-2.76624e-06
-2.98118e-07
-3.16106e-06
-5.42365e-07
-3.59228e-06
-7.7663e-07
-4.05514e-06
-9.84584e-07
-4.53776e-06
-1.14608e-06
-5.01751e-06
-1.23879e-06
-5.45681e-06
-1.24182e-06
-5.79939e-06
-1.14169e-06
-5.96882e-06
-9.40155e-07
-5.87185e-06
-6.62151e-07
-5.40941e-06
-3.60052e-07
-4.49564e-06
-1.10255e-07
-3.08131e-06
-1.17281e-06
-6.51392e-08
5.7217e-07
-2.19589e-07
1.4993e-06
-4.18948e-07
2.18811e-06
-6.26643e-07
2.65618e-06
-8.17777e-07
2.9405e-06
-9.78042e-07
3.08174e-06
-1.10115e-06
3.11727e-06
-1.1862e-06
3.07836e-06
-1.23549e-06
2.98963e-06
-1.25298e-06
2.8696e-06
-1.24323e-06
2.73174e-06
-1.21079e-06
2.5856e-06
-1.15988e-06
2.43773e-06
-1.09422e-06
2.29253e-06
-1.01698e-06
2.15282e-06
-9.30826e-07
2.02032e-06
-8.37942e-07
1.896e-06
-7.40097e-07
1.78028e-06
-6.38708e-07
1.67323e-06
-5.34894e-07
1.5747e-06
-4.29532e-07
1.48437e-06
-3.23298e-07
1.40183e-06
-2.16707e-07
1.32664e-06
-1.10144e-07
1.25828e-06
-3.89589e-09
1.19626e-06
1.01832e-07
1.14006e-06
2.0689e-07
1.08917e-06
3.11174e-07
1.04309e-06
4.14606e-07
1.00132e-06
5.17124e-07
9.63372e-07
6.18675e-07
9.28754e-07
7.19201e-07
8.96988e-07
8.18634e-07
8.67594e-07
9.16889e-07
8.40101e-07
1.01386e-06
8.14034e-07
1.10941e-06
7.88923e-07
1.20338e-06
7.64298e-07
1.29556e-06
7.3969e-07
1.38571e-06
7.1463e-07
1.47355e-06
6.88649e-07
1.55876e-06
6.6128e-07
1.64096e-06
6.32055e-07
1.71974e-06
6.00506e-07
1.79462e-06
5.66168e-07
1.86511e-06
5.28571e-07
1.93062e-06
4.87246e-07
1.99054e-06
4.4172e-07
2.0442e-06
3.91512e-07
2.09086e-06
3.36132e-07
2.12975e-06
2.75074e-07
2.16002e-06
2.07812e-07
2.18076e-06
1.33789e-07
2.19101e-06
5.24072e-08
2.18972e-06
-3.69856e-08
2.1758e-06
-1.35114e-07
2.14805e-06
-2.42797e-07
2.10522e-06
-3.60977e-07
2.04598e-06
-4.90752e-07
1.96892e-06
-6.33421e-07
1.87258e-06
-7.90535e-07
1.75549e-06
-9.63957e-07
1.61619e-06
-1.15593e-06
1.45334e-06
-1.36915e-06
1.26587e-06
-1.60681e-06
1.05322e-06
-1.87261e-06
8.15688e-07
-2.17073e-06
5.54948e-07
-2.5055e-06
2.74799e-07
-2.88091e-06
-1.79308e-08
-3.29955e-06
-3.12318e-07
-3.76075e-06
-5.9236e-07
-4.25772e-06
-8.36514e-07
-4.77336e-06
-1.01849e-06
-5.27483e-06
-1.11031e-06
-5.70758e-06
-1.08853e-06
-5.99059e-06
-9.44105e-07
-6.01628e-06
-6.94084e-07
-5.65943e-06
-3.91104e-07
-4.79862e-06
-1.23516e-07
-3.3489e-06
-1.29632e-06
-8.03932e-08
6.52563e-07
-2.62995e-07
1.68191e-06
-4.8734e-07
2.41245e-06
-7.07422e-07
2.87626e-06
-8.95227e-07
3.12831e-06
-1.03734e-06
3.22386e-06
-1.13031e-06
3.21023e-06
-1.17661e-06
3.12466e-06
-1.18171e-06
2.99474e-06
-1.15222e-06
2.8401e-06
-1.0947e-06
2.67422e-06
-1.01516e-06
2.50606e-06
-9.18816e-07
2.34138e-06
-8.1e-07
2.18371e-06
-6.92249e-07
2.03507e-06
-5.68385e-07
1.89646e-06
-4.40624e-07
1.76824e-06
-3.10679e-07
1.65033e-06
-1.79851e-07
1.5424e-06
-4.91159e-08
1.44396e-06
8.08161e-08
1.35443e-06
2.0944e-07
1.27321e-06
3.36411e-07
1.19966e-06
4.61509e-07
1.13318e-06
5.84609e-07
1.07316e-06
7.05651e-07
1.01901e-06
8.24629e-07
9.70192e-07
9.41564e-07
9.26155e-07
1.0565e-06
8.86387e-07
1.16948e-06
8.50388e-07
1.28056e-06
8.17677e-07
1.38977e-06
7.87781e-07
1.49712e-06
7.60244e-07
1.6026e-06
7.34614e-07
1.70619e-06
7.10448e-07
1.8078e-06
6.8731e-07
1.90733e-06
6.64767e-07
2.00463e-06
6.42391e-07
2.09951e-06
6.19755e-07
2.19172e-06
5.96439e-07
2.28098e-06
5.72021e-07
2.36695e-06
5.46085e-07
2.44924e-06
5.18214e-07
2.52741e-06
4.87993e-07
2.60098e-06
4.55008e-07
2.66938e-06
4.18845e-07
2.73201e-06
3.79085e-07
2.78822e-06
3.35306e-07
2.83728e-06
2.87077e-07
2.87839e-06
2.33955e-07
2.91073e-06
1.75478e-07
2.93336e-06
1.11156e-07
2.94531e-06
4.04637e-08
2.94549e-06
-3.71733e-08
2.93278e-06
-1.22397e-07
2.90591e-06
-2.15936e-07
2.86357e-06
-3.18635e-07
2.80431e-06
-4.31489e-07
2.72658e-06
-5.55688e-07
2.62872e-06
-6.92674e-07
2.50897e-06
-8.44209e-07
2.36549e-06
-1.01246e-06
2.19643e-06
-1.20009e-06
2e-06
-1.41038e-06
1.77468e-06
-1.64728e-06
1.51947e-06
-1.91552e-06
1.23445e-06
-2.22048e-06
9.21433e-07
-2.56789e-06
5.84999e-07
-2.96312e-06
2.33873e-07
-3.40963e-06
-1.1755e-07
-3.9063e-06
-4.47813e-07
-4.4431e-06
-7.2795e-07
-4.99469e-06
-9.23286e-07
-5.51224e-06
-9.99169e-07
-5.91471e-06
-9.32095e-07
-6.08336e-06
-7.25912e-07
-5.86562e-06
-4.28807e-07
-5.09573e-06
-1.41076e-07
-3.63663e-06
-1.4374e-06
-1.02463e-07
7.55026e-07
-3.217e-07
1.90114e-06
-5.73643e-07
2.6644e-06
-8.01029e-07
3.10365e-06
-9.74214e-07
3.30149e-06
-1.0832e-06
3.33284e-06
-1.12967e-06
3.25671e-06
-1.12123e-06
3.11621e-06
-1.06756e-06
2.94108e-06
-9.78444e-07
2.75098e-06
-8.6264e-07
2.55842e-06
-7.27567e-07
2.37099e-06
-5.79239e-07
2.19306e-06
-4.22396e-07
2.02687e-06
-2.60688e-07
1.87336e-06
-9.68716e-08
1.73264e-06
6.70154e-08
1.60435e-06
2.29499e-07
1.48785e-06
3.89546e-07
1.38235e-06
5.4646e-07
1.28705e-06
6.99802e-07
1.20109e-06
8.49327e-07
1.12368e-06
9.94937e-07
1.05405e-06
1.13664e-06
9.91481e-07
1.27451e-06
9.35287e-07
1.40868e-06
8.84843e-07
1.53931e-06
8.39558e-07
1.66659e-06
7.98881e-07
1.79068e-06
7.62292e-07
1.91177e-06
7.29298e-07
2.03001e-06
6.99433e-07
2.14555e-06
6.72249e-07
2.25848e-06
6.47314e-07
2.36888e-06
6.24212e-07
2.47679e-06
6.02538e-07
2.5822e-06
5.81895e-07
2.68508e-06
5.61894e-07
2.78531e-06
5.42155e-07
2.88277e-06
5.223e-07
2.97725e-06
5.01958e-07
3.06851e-06
4.80761e-07
3.15625e-06
4.58344e-07
3.24012e-06
4.34347e-07
3.3197e-06
4.08411e-07
3.39453e-06
3.80178e-07
3.46408e-06
3.49291e-07
3.52777e-06
3.15391e-07
3.58496e-06
2.78118e-07
3.63494e-06
2.37102e-07
3.67693e-06
1.91966e-07
3.71009e-06
1.42314e-07
3.73351e-06
8.77315e-08
3.74621e-06
2.77693e-08
3.7471e-06
-3.8064e-08
3.73502e-06
-1.10318e-07
3.70871e-06
-1.8962e-07
3.66677e-06
-2.76703e-07
3.60772e-06
-3.72435e-07
3.5299e-06
-4.77867e-07
3.43151e-06
-5.94285e-07
3.31059e-06
-7.23287e-07
3.165e-06
-8.66868e-07
2.99245e-06
-1.02754e-06
2.79053e-06
-1.20846e-06
2.55686e-06
-1.41361e-06
2.28923e-06
-1.64789e-06
1.98603e-06
-1.91728e-06
1.64688e-06
-2.22875e-06
1.27365e-06
-2.58988e-06
8.71917e-07
-3.00789e-06
4.53027e-07
-3.48741e-06
3.63976e-08
-4.02647e-06
-3.48485e-07
-4.60981e-06
-6.61819e-07
-5.19891e-06
-8.57427e-07
-5.7191e-06
-8.93851e-07
-6.04693e-06
-7.54645e-07
-6.00482e-06
-4.7539e-07
-5.37498e-06
-1.65437e-07
-3.94658e-06
-1.60283e-06
-1.3537e-07
8.90396e-07
-4.01557e-07
2.16733e-06
-6.80171e-07
2.94301e-06
-9.02378e-07
3.32585e-06
-1.04092e-06
3.44004e-06
-1.09365e-06
3.38556e-06
-1.07076e-06
3.23382e-06
-9.86958e-07
3.03241e-06
-8.57159e-07
2.81128e-06
-6.94526e-07
2.58835e-06
-5.0985e-07
2.37374e-06
-3.11574e-07
2.17272e-06
-1.0608e-07
1.98756e-06
1.01937e-07
1.81885e-06
3.09112e-07
1.66618e-06
5.13101e-07
1.52865e-06
7.12332e-07
1.40512e-06
9.05807e-07
1.29437e-06
1.09295e-06
1.19521e-06
1.2735e-06
1.1065e-06
1.44741e-06
1.02719e-06
1.61478e-06
9.56309e-07
1.77585e-06
8.92992e-07
1.93088e-06
8.36444e-07
2.08022e-06
7.85946e-07
2.22422e-06
7.40846e-07
2.36323e-06
7.00549e-07
2.4976e-06
6.6451e-07
2.62767e-06
6.32226e-07
2.75373e-06
6.03231e-07
2.87608e-06
5.77087e-07
2.99494e-06
5.53383e-07
3.11053e-06
5.31727e-07
3.223e-06
5.11746e-07
3.33246e-06
4.93081e-07
3.43897e-06
4.75383e-07
3.54255e-06
4.58316e-07
3.64315e-06
4.41549e-07
3.74069e-06
4.24759e-07
3.83502e-06
4.07631e-07
3.92593e-06
3.89851e-07
4.01316e-06
3.71113e-07
4.0964e-06
3.51112e-07
4.17526e-06
3.29549e-07
4.24931e-06
3.06125e-07
4.31806e-06
2.80542e-07
4.38095e-06
2.52504e-07
4.43736e-06
2.2171e-07
4.4866e-06
1.87858e-07
4.52793e-06
1.50634e-07
4.56053e-06
1.09716e-07
4.5835e-06
6.47603e-08
4.59587e-06
1.53992e-08
4.59658e-06
-3.87722e-08
4.58447e-06
-9.8207e-08
4.55827e-06
-1.63425e-07
4.51661e-06
-2.35037e-07
4.45794e-06
-3.1377e-07
4.38059e-06
-4.00514e-07
4.28267e-06
-4.96367e-07
4.1621e-06
-6.02712e-07
4.01653e-06
-7.21299e-07
3.84336e-06
-8.54372e-07
3.63971e-06
-1.00482e-06
3.40245e-06
-1.17635e-06
3.12831e-06
-1.37375e-06
2.8141e-06
-1.60307e-06
2.45721e-06
-1.87185e-06
2.05645e-06
-2.18913e-06
1.61353e-06
-2.56497e-06
1.13526e-06
-3.00914e-06
6.36694e-07
-3.5279e-06
1.44741e-07
-4.11786e-06
-2.98855e-07
-4.75531e-06
-6.38011e-07
-5.37994e-06
-8.10942e-07
-5.874e-06
-7.72525e-07
-6.04324e-06
-5.32653e-07
-5.61486e-06
-2.00622e-07
-4.27861e-06
-1.80346e-06
-1.85831e-07
1.07623e-06
-5.09457e-07
2.49096e-06
-8.04509e-07
3.23806e-06
-9.95139e-07
3.51648e-06
-1.06524e-06
3.51014e-06
-1.02754e-06
3.34786e-06
-9.04956e-07
3.11124e-06
-7.21154e-07
2.84861e-06
-4.96545e-07
2.58667e-06
-2.47206e-07
2.33901e-06
1.48854e-08
2.11165e-06
2.8116e-07
1.90644e-06
5.45697e-07
1.72302e-06
8.04556e-07
1.55999e-06
1.05524e-06
1.4155e-06
1.29627e-06
1.28762e-06
1.52689e-06
1.17449e-06
1.74687e-06
1.07439e-06
1.95628e-06
9.85794e-07
2.15545e-06
9.07329e-07
2.34484e-06
8.37803e-07
2.52498e-06
7.76165e-07
2.69648e-06
7.21495e-07
2.85994e-06
6.72982e-07
3.01597e-06
6.29913e-07
3.16517e-06
5.91653e-07
3.30808e-06
5.57635e-07
3.44524e-06
5.2735e-07
3.57713e-06
5.00337e-07
3.70418e-06
4.76174e-07
3.8268e-06
4.54472e-07
3.94531e-06
4.34869e-07
4.06001e-06
4.17027e-07
4.17113e-06
4.00626e-07
4.27885e-06
3.8536e-07
4.3833e-06
3.70939e-07
4.48453e-06
3.57081e-07
4.58257e-06
3.43512e-07
4.67736e-06
3.29969e-07
4.7688e-06
3.16193e-07
4.85672e-06
3.01929e-07
4.9409e-06
2.8693e-07
5.02106e-06
2.70951e-07
5.09686e-06
2.53751e-07
5.1679e-06
2.35092e-07
5.2337e-06
2.14736e-07
5.29376e-06
1.92447e-07
5.34748e-06
1.67989e-07
5.39421e-06
1.41122e-07
5.43325e-06
1.116e-07
5.4638e-06
7.91685e-08
5.485e-06
4.35585e-08
5.49591e-06
4.48182e-09
5.49552e-06
-3.83808e-08
5.4827e-06
-8.53845e-08
5.45622e-06
-1.36941e-07
5.41471e-06
-1.93533e-07
5.35668e-06
-2.55743e-07
5.28046e-06
-3.24286e-07
5.18414e-06
-4.00053e-07
5.06561e-06
-4.84178e-07
4.92243e-06
-5.78115e-07
4.75181e-06
-6.83753e-07
4.55056e-06
-8.03567e-07
4.31502e-06
-9.40814e-07
4.04107e-06
-1.0998e-06
3.72417e-06
-1.28617e-06
3.35966e-06
-1.50734e-06
2.94328e-06
-1.77275e-06
2.47241e-06
-2.0941e-06
1.94812e-06
-2.48485e-06
1.37865e-06
-2.95843e-06
7.84398e-07
-3.5236e-06
2.03917e-07
-4.17483e-06
-3.01525e-07
-4.8745e-06
-6.50568e-07
-5.52496e-06
-7.61437e-07
-5.93237e-06
-5.99402e-07
-5.77689e-06
-2.52671e-07
-4.62534e-06
-2.05613e-06
-2.64455e-07
1.34068e-06
-6.49907e-07
2.87641e-06
-9.29652e-07
3.51781e-06
-1.03773e-06
3.62456e-06
-9.85689e-07
3.4581e-06
-8.10659e-07
3.17283e-06
-5.52056e-07
2.85264e-06
-2.42799e-07
2.53935e-06
9.2572e-08
2.2513e-06
4.36975e-07
1.9946e-06
7.79114e-07
1.76951e-06
1.11188e-06
1.57367e-06
1.4311e-06
1.40381e-06
1.73453e-06
1.25656e-06
2.02126e-06
1.12877e-06
2.29119e-06
1.01769e-06
2.54477e-06
9.20912e-07
2.78275e-06
8.3642e-07
3.00604e-06
7.62499e-07
3.21567e-06
6.97703e-07
3.41267e-06
6.40808e-07
3.59805e-06
5.90777e-07
3.77282e-06
5.46726e-07
3.93791e-06
5.07894e-07
4.0942e-06
4.73626e-07
4.2425e-06
4.43351e-07
4.38356e-06
4.1657e-07
4.51807e-06
3.9284e-07
4.64665e-06
3.71766e-07
4.76983e-06
3.52993e-07
4.8881e-06
3.36196e-07
5.00189e-06
3.21079e-07
5.11155e-06
3.07366e-07
5.21738e-06
2.948e-07
5.3196e-06
2.83139e-07
5.41839e-06
2.72151e-07
5.51385e-06
2.61617e-07
5.60604e-06
2.51324e-07
5.69494e-06
2.41067e-07
5.78049e-06
2.30647e-07
5.86255e-06
2.1987e-07
5.94093e-06
2.08547e-07
6.01539e-06
1.96492e-07
6.08562e-06
1.83523e-07
6.15125e-06
1.69459e-07
6.21186e-06
1.54124e-07
6.26697e-06
1.37341e-07
6.31603e-06
1.18933e-07
6.35843e-06
9.87216e-08
6.3935e-06
7.65251e-08
6.42051e-06
5.21551e-08
6.43866e-06
2.54131e-08
6.44706e-06
-3.91344e-09
6.44474e-06
-3.60608e-08
6.43064e-06
-7.12911e-08
6.40361e-06
-1.0991e-07
6.36236e-06
-1.52277e-07
6.30544e-06
-1.98831e-07
6.23127e-06
-2.50108e-07
6.138e-06
-3.0679e-07
6.02357e-06
-3.69744e-07
5.88555e-06
-4.401e-07
5.72114e-06
-5.19339e-07
5.52701e-06
-6.09433e-07
5.29922e-06
-7.13024e-07
5.0331e-06
-8.33677e-07
4.72315e-06
-9.76227e-07
4.36304e-06
-1.14723e-06
3.94581e-06
-1.35552e-06
3.46454e-06
-1.61283e-06
2.91393e-06
-1.93424e-06
2.29338e-06
-2.33788e-06
1.61256e-06
-2.84278e-06
8.99768e-07
-3.46204e-06
2.12513e-07
-4.18724e-06
-3.55179e-07
-4.95727e-06
-6.81521e-07
-5.60603e-06
-6.63881e-07
-5.79453e-06
-3.28696e-07
-4.96053e-06
-2.38482e-06
-3.8422e-07
1.7249e-06
-8.11026e-07
3.30321e-06
-9.98703e-07
3.70549e-06
-9.34357e-07
3.56021e-06
-6.82978e-07
3.20672e-06
-3.14785e-07
2.80463e-06
1.14595e-07
2.42326e-06
5.66839e-07
2.08711e-06
1.01782e-06
1.80031e-06
1.45346e-06
1.55897e-06
1.86625e-06
1.35673e-06
2.25279e-06
1.18712e-06
2.6122e-06
1.04441e-06
2.94501e-06
9.2375e-07
3.25255e-06
8.21235e-07
3.53654e-06
7.33697e-07
3.79885e-06
6.58599e-07
4.04137e-06
5.93898e-07
4.26593e-06
5.37946e-07
4.47423e-06
4.89399e-07
4.66788e-06
4.47159e-07
4.84834e-06
4.10315e-07
5.01696e-06
3.78113e-07
5.17493e-06
3.49915e-07
5.32338e-06
3.25182e-07
5.46327e-06
3.03455e-07
5.59551e-06
2.84333e-07
5.72088e-06
2.67471e-07
5.84008e-06
2.52562e-07
5.95374e-06
2.39335e-07
6.06239e-06
2.27544e-07
6.16651e-06
2.16968e-07
6.26647e-06
2.07403e-07
6.36261e-06
1.98659e-07
6.45519e-06
1.9056e-07
6.5444e-06
1.82941e-07
6.63038e-06
1.75641e-07
6.71319e-06
1.6851e-07
6.79285e-06
1.61403e-07
6.86932e-06
1.54179e-07
6.94249e-06
1.46702e-07
7.0122e-06
1.38839e-07
7.07823e-06
1.30461e-07
7.14031e-06
1.21441e-07
7.19811e-06
1.11655e-07
7.25126e-06
1.0098e-07
7.2993e-06
8.92962e-08
7.34175e-06
7.64812e-08
7.37806e-06
6.2414e-08
7.40762e-06
4.69707e-08
7.42975e-06
3.00238e-08
7.44372e-06
1.1439e-08
7.44874e-06
-8.92838e-09
7.44391e-06
-3.12372e-08
7.42829e-06
-5.5666e-08
7.4008e-06
-8.24226e-08
7.36028e-06
-1.11754e-07
7.30541e-06
-1.43959e-07
7.23471e-06
-1.79412e-07
7.14651e-06
-2.18587e-07
7.03885e-06
-2.62092e-07
6.90948e-06
-3.10729e-07
6.7557e-06
-3.65556e-07
6.57427e-06
-4.28001e-07
6.36125e-06
-5.00003e-07
6.1118e-06
-5.84228e-07
5.81995e-06
-6.84375e-07
5.47833e-06
-8.05615e-07
5.07802e-06
-9.55211e-07
4.60855e-06
-1.14336e-06
4.05855e-06
-1.38424e-06
3.41778e-06
-1.69711e-06
2.68167e-06
-2.10667e-06
1.86048e-06
-2.64084e-06
9.94463e-07
-3.32123e-06
1.73781e-07
-4.13659e-06
-4.48971e-07
-4.98328e-06
-6.83665e-07
-5.55984e-06
-4.29449e-07
-5.21474e-06
-2.81427e-06
-5.46557e-07
2.27146e-06
-9.1798e-07
3.67464e-06
-8.53834e-07
3.64134e-06
-4.79268e-07
3.18565e-06
6.15201e-08
2.66594e-06
6.68627e-07
2.19753e-06
1.28182e-06
1.81006e-06
1.86884e-06
1.50009e-06
2.4148e-06
1.25435e-06
2.91466e-06
1.05911e-06
3.36854e-06
9.02842e-07
3.7791e-06
7.76571e-07
4.15002e-06
6.73486e-07
4.48528e-06
5.88489e-07
4.78875e-06
5.17757e-07
5.06404e-06
4.58409e-07
5.31439e-06
4.0825e-07
5.5427e-06
3.65591e-07
5.75153e-06
3.29113e-07
5.94315e-06
2.97776e-07
6.11956e-06
2.70751e-07
6.28251e-06
2.47366e-07
6.43355e-06
2.27075e-07
6.57404e-06
2.09424e-07
6.70519e-06
1.94036e-07
6.82805e-06
1.80593e-07
6.94356e-06
1.68825e-07
7.05253e-06
1.58496e-07
7.15569e-06
1.49404e-07
7.25365e-06
1.4137e-07
7.34697e-06
1.34233e-07
7.43608e-06
1.2785e-07
7.5214e-06
1.2209e-07
7.60322e-06
1.16833e-07
7.68181e-06
1.11967e-07
7.75737e-06
1.07388e-07
7.83001e-06
1.02995e-07
7.89983e-06
9.86961e-08
7.96683e-06
9.44e-08
8.03099e-06
9.00203e-08
8.09222e-06
8.54731e-08
8.15038e-06
8.06775e-08
8.20529e-06
7.55544e-08
8.2567e-06
7.00269e-08
8.30434e-06
6.40198e-08
8.34786e-06
5.74591e-08
8.38688e-06
5.0272e-08
8.42098e-06
4.23861e-08
8.44966e-06
3.37288e-08
8.47241e-06
2.42266e-08
8.48863e-06
1.38036e-08
8.49768e-06
2.38099e-09
8.49888e-06
-1.01286e-08
8.49146e-06
-2.38176e-08
8.47459e-06
-3.87929e-08
8.44735e-06
-5.51784e-08
8.40872e-06
-7.31219e-08
8.35756e-06
-9.28046e-08
8.2926e-06
-1.14453e-07
8.21237e-06
-1.38356e-07
8.11517e-06
-1.64888e-07
7.99898e-06
-1.94545e-07
7.86142e-06
-2.27989e-07
7.69953e-06
-2.66116e-07
7.50969e-06
-3.10163e-07
7.28731e-06
-3.61848e-07
7.02654e-06
-4.23602e-07
6.71983e-06
-4.98904e-07
6.35742e-06
-5.92801e-07
5.92676e-06
-7.127e-07
5.41208e-06
-8.69567e-07
4.79464e-06
-1.07967e-06
4.05483e-06
-1.36687e-06
3.17885e-06
-1.76486e-06
2.17418e-06
-2.31656e-06
1.09901e-06
-3.06142e-06
1.03851e-07
-3.98811e-06
-5.4061e-07
-4.91538e-06
-5.25484e-07
-5.22987e-06
-3.33976e-06
-6.87278e-07
2.95874e-06
-6.9729e-07
3.68465e-06
-1.0141e-07
3.04546e-06
7.38275e-07
2.34596e-06
1.61804e-06
1.78617e-06
2.44843e-06
1.36713e-06
3.19613e-06
1.06237e-06
3.85474e-06
8.41476e-07
4.42978e-06
6.79317e-07
4.93087e-06
5.58018e-07
5.36826e-06
4.6545e-07
5.75141e-06
3.93423e-07
6.08852e-06
3.36369e-07
6.38656e-06
2.90456e-07
6.65131e-06
2.53003e-07
6.88763e-06
2.22094e-07
7.09954e-06
1.96335e-07
7.29044e-06
1.74691e-07
7.46318e-06
1.56377e-07
7.62016e-06
1.40791e-07
7.76345e-06
1.27462e-07
7.8948e-06
1.16017e-07
8.01572e-06
1.06155e-07
8.12751e-06
9.76328e-08
8.2313e-06
9.02477e-08
8.32806e-06
8.38324e-08
8.41864e-06
7.82453e-08
8.50377e-06
7.33654e-08
8.58409e-06
6.90885e-08
8.66013e-06
6.53233e-08
8.73238e-06
6.19893e-08
8.80121e-06
5.90143e-08
8.86697e-06
5.63331e-08
8.92992e-06
5.3886e-08
8.99026e-06
5.16178e-08
9.04817e-06
4.9477e-08
9.10375e-06
4.74152e-08
9.15706e-06
4.53864e-08
9.20812e-06
4.33467e-08
9.25688e-06
4.12542e-08
9.30329e-06
3.90683e-08
9.34722e-06
3.675e-08
9.38851e-06
3.42613e-08
9.42697e-06
3.15654e-08
9.46236e-06
2.86265e-08
9.49441e-06
2.54094e-08
9.52281e-06
2.18796e-08
9.54719e-06
1.8003e-08
9.56717e-06
1.37455e-08
9.58233e-06
9.0727e-09
9.59218e-06
3.94932e-09
9.59622e-06
-1.66202e-09
9.5939e-06
-7.80137e-09
9.58459e-06
-1.45123e-08
9.56764e-06
-2.18451e-08
9.54232e-06
-2.9858e-08
9.50782e-06
-3.86213e-08
9.46324e-06
-4.82216e-08
9.40755e-06
-5.87677e-08
9.3396e-06
-7.03994e-08
9.25801e-06
-8.32994e-08
9.16117e-06
-9.77098e-08
9.04714e-06
-1.13957e-07
8.91351e-06
-1.32484e-07
8.75726e-06
-1.5391e-07
8.57451e-06
-1.79099e-07
8.3602e-06
-2.09293e-07
8.10759e-06
-2.46296e-07
7.80758e-06
-2.92794e-07
7.44774e-06
-3.52859e-07
7.011e-06
-4.32825e-07
6.47412e-06
-5.42784e-07
5.80643e-06
-6.99173e-07
4.97073e-06
-9.2916e-07
3.93128e-06
-1.27712e-06
2.67975e-06
-1.80988e-06
1.29622e-06
-2.60458e-06
5.64949e-08
-3.67566e-06
-4.93675e-07
-4.6797e-06
-3.83343e-06
-3.07069e-07
3.2658e-06
7.33309e-07
2.64427e-06
2.14955e-06
1.62922e-06
3.44536e-06
1.05015e-06
4.52587e-06
7.05658e-07
5.40411e-06
4.88896e-07
6.11515e-06
3.51324e-07
6.69418e-06
2.62446e-07
7.17052e-06
2.02974e-07
7.56698e-06
1.61566e-07
7.90078e-06
1.31644e-07
8.1849e-06
1.09305e-07
8.42911e-06
9.21544e-08
8.64089e-06
7.86805e-08
8.826e-06
6.78951e-08
8.98896e-06
5.91302e-08
9.13338e-06
5.19195e-08
9.26214e-06
4.59279e-08
9.37761e-06
4.09086e-08
9.48172e-06
3.66753e-08
9.5761e-06
3.30852e-08
9.66209e-06
3.00263e-08
9.74084e-06
2.74098e-08
9.81331e-06
2.51644e-08
9.88032e-06
2.32315e-08
9.94259e-06
2.1563e-08
1.00007e-05
2.01184e-08
1.00552e-05
1.88635e-08
1.01065e-05
1.77689e-08
1.01551e-05
1.68089e-08
1.02011e-05
1.59612e-08
1.02449e-05
1.52056e-08
1.02867e-05
1.4524e-08
1.03267e-05
1.39e-08
1.0365e-05
1.33182e-08
1.04017e-05
1.27646e-08
1.04369e-05
1.22257e-08
1.04706e-05
1.16889e-08
1.05028e-05
1.11422e-08
1.05335e-05
1.0574e-08
1.05626e-05
9.97338e-09
1.059e-05
9.32957e-09
1.06156e-05
8.6323e-09
1.06393e-05
7.87161e-09
1.06609e-05
7.03781e-09
1.06802e-05
6.12146e-09
1.0697e-05
5.11332e-09
1.0711e-05
4.00432e-09
1.07219e-05
2.78539e-09
1.07295e-05
1.44734e-09
1.07335e-05
-1.79919e-11
1.07335e-05
-1.62321e-09
1.0729e-05
-3.37602e-09
1.07198e-05
-5.28936e-09
1.07053e-05
-7.37644e-09
1.06851e-05
-9.65301e-09
1.06587e-05
-1.21382e-08
1.06253e-05
-1.48558e-08
1.05844e-05
-1.78359e-08
1.05351e-05
-2.11176e-08
1.04765e-05
-2.47521e-08
1.04076e-05
-2.88077e-08
1.03271e-05
-3.33766e-08
1.02332e-05
-3.85855e-08
1.01239e-05
-4.46103e-08
9.99645e-06
-5.16999e-08
9.84737e-06
-6.02126e-08
9.67175e-06
-7.06758e-08
9.46284e-06
-8.38855e-08
9.21107e-06
-1.0108e-07
8.9025e-06
-1.24256e-07
8.5165e-06
-1.56787e-07
8.02202e-06
-2.04692e-07
7.37222e-06
-2.79359e-07
6.49849e-06
-4.03392e-07
5.31117e-06
-6.22567e-07
3.73396e-06
-1.02737e-06
1.83644e-06
-1.77813e-06
1.83293e-07
-3.02656e-06
-3.65014e-06
3.2658e-06
5.91008e-06
7.5393e-06
8.58945e-06
9.29511e-06
9.78401e-06
1.01353e-05
1.03978e-05
1.06008e-05
1.07623e-05
1.0894e-05
1.10033e-05
1.10954e-05
1.11741e-05
1.1242e-05
1.13011e-05
1.1353e-05
1.1399e-05
1.14399e-05
1.14766e-05
1.15096e-05
1.15397e-05
1.15671e-05
1.15922e-05
1.16155e-05
1.1637e-05
1.16572e-05
1.1676e-05
1.16938e-05
1.17106e-05
1.17266e-05
1.17418e-05
1.17563e-05
1.17702e-05
1.17835e-05
1.17963e-05
1.18085e-05
1.18202e-05
1.18313e-05
1.18419e-05
1.18519e-05
1.18612e-05
1.18698e-05
1.18777e-05
1.18847e-05
1.18909e-05
1.1896e-05
1.19e-05
1.19028e-05
1.19042e-05
1.19042e-05
1.19026e-05
1.18992e-05
1.18939e-05
1.18865e-05
1.18769e-05
1.18647e-05
1.18499e-05
1.18321e-05
1.18109e-05
1.17862e-05
1.17574e-05
1.1724e-05
1.16854e-05
1.16408e-05
1.15891e-05
1.15289e-05
1.14582e-05
1.13743e-05
1.12732e-05
1.1149e-05
1.09922e-05
1.07875e-05
1.05082e-05
1.01048e-05
9.4822e-06
8.45483e-06
6.67669e-06
3.65014e-06
)
;

boundaryField
{
    movingWall
    {
        type            calculated;
        value           uniform 0;
    }
    fixedWalls
    {
        type            calculated;
        value           uniform 0;
    }
    frontAndBack
    {
        type            empty;
        value           nonuniform 0();
    }
}


// ************************************************************************* //
