/*--------------------------------*- C++ -*----------------------------------*\
  =========                 |
  \\      /  F ield         | OpenFOAM: The Open Source CFD Toolbox
   \\    /   O peration     | Website:  https://openfoam.org
    \\  /    A nd           | Version:  7
     \\/     M anipulation  |
\*---------------------------------------------------------------------------*/
FoamFile
{
    version     2.0;
    format      ascii;
    class       volVectorField;
    location    "0.5";
    object      U;
}
// * * * * * * * * * * * * * * * * * * * * * * * * * * * * * * * * * * * * * //

dimensions      [0 1 -1 0 0 0 0];

internalField   nonuniform List<vector> 
3200
(
(4.00855e-05 -4.01691e-05 0)
(0.000128828 -5.48356e-05 0)
(0.000196484 -3.47092e-05 0)
(0.000187365 -2.35621e-06 0)
(8.23405e-05 3.15781e-05 0)
(-0.000116728 6.25658e-05 0)
(-0.000400504 8.90161e-05 0)
(-0.000756868 0.000110566 0)
(-0.00117325 0.000127514 0)
(-0.00163773 0.000140428 0)
(-0.00213967 0.000149961 0)
(-0.00267002 0.000156769 0)
(-0.00322138 0.000161462 0)
(-0.0037879 0.000164582 0)
(-0.00436516 0.000166599 0)
(-0.00495001 0.000167903 0)
(-0.00554036 0.000168815 0)
(-0.00613504 0.000169589 0)
(-0.00673356 0.000170422 0)
(-0.00733604 0.000171465 0)
(-0.00794302 0.000172828 0)
(-0.00855538 0.000174591 0)
(-0.00917425 0.000176807 0)
(-0.00980092 0.000179512 0)
(-0.0104368 0.000182726 0)
(-0.0110833 0.000186455 0)
(-0.0117419 0.0001907 0)
(-0.0124141 0.000195447 0)
(-0.0131013 0.000200677 0)
(-0.0138046 0.000206359 0)
(-0.0145253 0.000212454 0)
(-0.0152644 0.00021891 0)
(-0.0160225 0.000225661 0)
(-0.0168002 0.000232624 0)
(-0.0175975 0.000239699 0)
(-0.0184141 0.000246765 0)
(-0.0192495 0.000253678 0)
(-0.0201021 0.000260267 0)
(-0.0209703 0.000266333 0)
(-0.0218512 0.000271648 0)
(-0.0227415 0.000275948 0)
(-0.0236368 0.000278938 0)
(-0.0245319 0.000280289 0)
(-0.0254203 0.000279635 0)
(-0.0262944 0.000276582 0)
(-0.0271455 0.000270706 0)
(-0.0279635 0.000261561 0)
(-0.028737 0.000248689 0)
(-0.0294535 0.00023163 0)
(-0.030099 0.000209937 0)
(-0.0306586 0.000183198 0)
(-0.0311163 0.000151056 0)
(-0.0314556 0.000113241 0)
(-0.0316594 6.95962e-05 0)
(-0.0317108 2.01166e-05 0)
(-0.0315935 -3.50268e-05 0)
(-0.0312922 -9.54265e-05 0)
(-0.0307936 -0.000160426 0)
(-0.0300869 -0.000229086 0)
(-0.0291649 -0.000300165 0)
(-0.0280245 -0.000372116 0)
(-0.0266678 -0.000443094 0)
(-0.0251027 -0.000510995 0)
(-0.0233434 -0.000573505 0)
(-0.021411 -0.000628189 0)
(-0.0193336 -0.000672581 0)
(-0.0171462 -0.000704316 0)
(-0.0148899 -0.000721245 0)
(-0.0126114 -0.000721571 0)
(-0.0103617 -0.000703949 0)
(-0.00819474 -0.00066757 0)
(-0.00616541 -0.000612194 0)
(-0.00432797 -0.000538149 0)
(-0.00273401 -0.000446312 0)
(-0.00143032 -0.000338186 0)
(-0.000456069 -0.000216391 0)
(0.000160917 -8.6226e-05 0)
(0.000414677 4.09238e-05 0)
(0.000354001 0.000136708 0)
(0.000128053 0.000127906 0)
(5.59698e-05 -0.00012996 0)
(0.000145874 -0.000144239 0)
(0.000134964 -2.99908e-05 0)
(-6.25241e-05 0.000136597 0)
(-0.000481768 0.00031538 0)
(-0.00112419 0.000485397 0)
(-0.00197448 0.000636667 0)
(-0.00300885 0.000765307 0)
(-0.00420016 0.000870992 0)
(-0.00552113 0.0009553 0)
(-0.00694636 0.00102077 0)
(-0.00845336 0.00107033 0)
(-0.0100231 0.00110698 0)
(-0.01164 0.00113355 0)
(-0.0132918 0.0011526 0)
(-0.0149696 0.0011664 0)
(-0.016667 0.00117684 0)
(-0.0183798 0.00118552 0)
(-0.020106 0.00119369 0)
(-0.0218451 0.00120238 0)
(-0.0235977 0.00121234 0)
(-0.0253656 0.00122417 0)
(-0.0271512 0.00123827 0)
(-0.0289574 0.00125493 0)
(-0.0307874 0.00127431 0)
(-0.0326446 0.00129648 0)
(-0.0345326 0.00132144 0)
(-0.0364548 0.00134909 0)
(-0.0384143 0.00137929 0)
(-0.0404141 0.00141177 0)
(-0.0424566 0.00144624 0)
(-0.0445437 0.00148228 0)
(-0.0466768 0.00151939 0)
(-0.0488562 0.00155696 0)
(-0.0510812 0.00159424 0)
(-0.0533503 0.00163038 0)
(-0.0556601 0.00166438 0)
(-0.0580062 0.00169506 0)
(-0.060382 0.0017211 0)
(-0.0627791 0.00174101 0)
(-0.065187 0.00175312 0)
(-0.0675927 0.00175556 0)
(-0.0699806 0.00174634 0)
(-0.0723323 0.00172327 0)
(-0.0746264 0.00168404 0)
(-0.0768386 0.00162625 0)
(-0.0789414 0.00154742 0)
(-0.0809042 0.00144511 0)
(-0.0826935 0.00131692 0)
(-0.0842729 0.00116066 0)
(-0.0856041 0.000974398 0)
(-0.0866464 0.000756648 0)
(-0.0873584 0.000506481 0)
(-0.0876983 0.000223704 0)
(-0.0876253 -9.09761e-05 0)
(-0.0871006 -0.000435769 0)
(-0.0860893 -0.000807636 0)
(-0.0845616 -0.00120215 0)
(-0.082495 -0.00161337 0)
(-0.0798759 -0.00203381 0)
(-0.0767016 -0.00245444 0)
(-0.0729821 -0.00286475 0)
(-0.0687414 -0.00325301 0)
(-0.0640192 -0.00360656 0)
(-0.0588714 -0.00391223 0)
(-0.0533702 -0.00415686 0)
(-0.0476039 -0.00432793 0)
(-0.0416754 -0.00441423 0)
(-0.0357002 -0.00440649 0)
(-0.0298036 -0.004298 0)
(-0.024117 -0.00408513 0)
(-0.0187736 -0.0037677 0)
(-0.0139035 -0.00334936 0)
(-0.00962806 -0.00283792 0)
(-0.00605359 -0.00224626 0)
(-0.00326287 -0.00159482 0)
(-0.00130391 -0.000917391 0)
(-0.000170484 -0.000272289 0)
(0.000233681 0.00022967 0)
(0.000136276 0.000351735 0)
(3.70185e-05 -0.000200455 0)
(3.21754e-05 -0.0001343 0)
(-0.000181093 0.000178155 0)
(-0.000679938 0.000599939 0)
(-0.0014977 0.00105243 0)
(-0.00263537 0.00148921 0)
(-0.00407355 0.00188496 0)
(-0.00578123 0.00222809 0)
(-0.00772202 0.00251558 0)
(-0.00985846 0.0027496 0)
(-0.0121548 0.00293522 0)
(-0.0145789 0.003079 0)
(-0.0171027 0.00318805 0)
(-0.019703 0.00326935 0)
(-0.0223612 0.00332944 0)
(-0.025063 0.00337415 0)
(-0.0277983 0.00340857 0)
(-0.03056 0.00343696 0)
(-0.0333442 0.00346286 0)
(-0.0361493 0.00348907 0)
(-0.0389757 0.00351781 0)
(-0.0418251 0.00355076 0)
(-0.0447007 0.00358914 0)
(-0.0476062 0.00363379 0)
(-0.050546 0.00368521 0)
(-0.0535247 0.00374364 0)
(-0.0565472 0.00380904 0)
(-0.059618 0.00388115 0)
(-0.0627414 0.00395947 0)
(-0.0659211 0.00404328 0)
(-0.0691602 0.0041316 0)
(-0.0724608 0.0042232 0)
(-0.0758238 0.00431656 0)
(-0.079249 0.00440988 0)
(-0.0827342 0.00450099 0)
(-0.0862756 0.00458738 0)
(-0.0898671 0.00466615 0)
(-0.0935003 0.00473399 0)
(-0.0971639 0.00478717 0)
(-0.100844 0.00482152 0)
(-0.104522 0.00483243 0)
(-0.108178 0.00481487 0)
(-0.111786 0.00476341 0)
(-0.115317 0.00467227 0)
(-0.118738 0.00453542 0)
(-0.12201 0.00434662 0)
(-0.125093 0.00409962 0)
(-0.127939 0.00378831 0)
(-0.130498 0.00340688 0)
(-0.132717 0.00295018 0)
(-0.134539 0.00241389 0)
(-0.135906 0.00179496 0)
(-0.136758 0.00109192 0)
(-0.137037 0.000305302 0)
(-0.136684 -0.000561971 0)
(-0.135647 -0.00150414 0)
(-0.13388 -0.00251227 0)
(-0.131343 -0.00357393 0)
(-0.128007 -0.00467296 0)
(-0.123859 -0.0057894 0)
(-0.118898 -0.00689955 0)
(-0.113144 -0.00797629 0)
(-0.106635 -0.00898961 0)
(-0.0994311 -0.00990739 0)
(-0.0916154 -0.0106965 0)
(-0.0832933 -0.0113239 0)
(-0.0745922 -0.0117586 0)
(-0.0656597 -0.0119727 0)
(-0.0566608 -0.0119435 0)
(-0.0477737 -0.0116546 0)
(-0.0391848 -0.0110979 0)
(-0.0310824 -0.0102744 0)
(-0.0236496 -0.00919585 0)
(-0.0170559 -0.00788565 0)
(-0.0114474 -0.00638185 0)
(-0.0069357 -0.00474226 0)
(-0.00358222 -0.00305493 0)
(-0.00137835 -0.00145588 0)
(-0.000231159 -0.000164811 0)
(4.76613e-05 0.000417495 0)
(4.17322e-06 -0.000193368 0)
(-0.00014396 6.98119e-05 0)
(-0.000634194 0.000682591 0)
(-0.00151042 0.00145524 0)
(-0.00279096 0.00227279 0)
(-0.00447068 0.00306307 0)
(-0.00652403 0.00378407 0)
(-0.0089132 0.00441498 0)
(-0.0115946 0.00494909 0)
(-0.0145231 0.00538868 0)
(-0.0176556 0.00574147 0)
(-0.0209525 0.00601822 0)
(-0.0243791 0.00623094 0)
(-0.0279063 0.00639179 0)
(-0.0315104 0.00651235 0)
(-0.0351727 0.00660313 0)
(-0.0388798 0.00667337 0)
(-0.042622 0.00673097 0)
(-0.0463936 0.00678251 0)
(-0.0501917 0.00683332 0)
(-0.0540161 0.00688762 0)
(-0.0578683 0.00694864 0)
(-0.0617516 0.00701877 0)
(-0.0656701 0.00709964 0)
(-0.0696288 0.00719225 0)
(-0.073633 0.00729705 0)
(-0.077688 0.00741397 0)
(-0.0817992 0.00754245 0)
(-0.0859711 0.0076815 0)
(-0.0902079 0.00782964 0)
(-0.0945125 0.0079849 0)
(-0.0988866 0.00814482 0)
(-0.10333 0.0083064 0)
(-0.107842 0.00846603 0)
(-0.112418 0.00861949 0)
(-0.117052 0.00876187 0)
(-0.121734 0.00888759 0)
(-0.126453 0.00899029 0)
(-0.131191 0.00906287 0)
(-0.13593 0.00909746 0)
(-0.140645 0.00908544 0)
(-0.145308 0.00901749 0)
(-0.149884 0.00888363 0)
(-0.154337 0.00867335 0)
(-0.158621 0.00837579 0)
(-0.16269 0.00797986 0)
(-0.166488 0.0074746 0)
(-0.169957 0.00684942 0)
(-0.173036 0.00609454 0)
(-0.175656 0.00520142 0)
(-0.177749 0.00416329 0)
(-0.179244 0.00297575 0)
(-0.180069 0.00163739 0)
(-0.180154 0.000150466 0)
(-0.179432 -0.00147839 0)
(-0.177841 -0.00323754 0)
(-0.175326 -0.00510975 0)
(-0.171846 -0.00707163 0)
(-0.167369 -0.00909339 0)
(-0.161881 -0.0111387 0)
(-0.155387 -0.0131649 0)
(-0.147913 -0.0151235 0)
(-0.139509 -0.0169613 0)
(-0.13025 -0.0186215 0)
(-0.120237 -0.0200457 0)
(-0.1096 -0.0211761 0)
(-0.0984923 -0.021958 0)
(-0.0870935 -0.0223426 0)
(-0.0756027 -0.02229 0)
(-0.0642352 -0.0217722 0)
(-0.0532163 -0.0207751 0)
(-0.0427738 -0.0193022 0)
(-0.0331291 -0.0173758 0)
(-0.0244871 -0.0150405 0)
(-0.0170252 -0.0123674 0)
(-0.0108801 -0.00946108 0)
(-0.00613214 -0.00647261 0)
(-0.00278677 -0.00361954 0)
(-0.000791315 -0.00122114 0)
(-6.1186e-05 0.000201319 0)
(-3.31929e-05 -8.25349e-05 0)
(-0.000348486 0.000521004 0)
(-0.00116024 0.00154381 0)
(-0.00246394 0.00275727 0)
(-0.00425348 0.00401691 0)
(-0.0065122 0.00522855 0)
(-0.00920527 0.00633529 0)
(-0.0122868 0.00730775 0)
(-0.0157061 0.00813568 0)
(-0.0194116 0.00882159 0)
(-0.023354 0.00937608 0)
(-0.027488 0.0098144 0)
(-0.0317737 0.010154 0)
(-0.0361774 0.0104129 0)
(-0.0406713 0.0106083 0)
(-0.0452335 0.0107561 0)
(-0.0498474 0.0108704 0)
(-0.0545015 0.0109634 0)
(-0.0591882 0.0110453 0)
(-0.0639035 0.0111243 0)
(-0.0686463 0.0112073 0)
(-0.0734178 0.0112993 0)
(-0.0782211 0.0114041 0)
(-0.0830603 0.0115243 0)
(-0.0879405 0.0116616 0)
(-0.0928673 0.0118166 0)
(-0.0978463 0.0119892 0)
(-0.102883 0.0121785 0)
(-0.107981 0.0123827 0)
(-0.113146 0.0125995 0)
(-0.118379 0.0128255 0)
(-0.123682 0.0130568 0)
(-0.129054 0.0132882 0)
(-0.13449 0.0135141 0)
(-0.139986 0.0137275 0)
(-0.145532 0.0139206 0)
(-0.151116 0.0140844 0)
(-0.156722 0.0142088 0)
(-0.162329 0.0142827 0)
(-0.167913 0.0142938 0)
(-0.173443 0.0142286 0)
(-0.178886 0.0140728 0)
(-0.1842 0.0138112 0)
(-0.189341 0.0134279 0)
(-0.194255 0.0129065 0)
(-0.198888 0.0122307 0)
(-0.203176 0.0113844 0)
(-0.207052 0.0103523 0)
(-0.210445 0.00912045 0)
(-0.21328 0.00767715 0)
(-0.215479 0.00601344 0)
(-0.216962 0.00412408 0)
(-0.217652 0.00200844 0)
(-0.21747 -0.000328501 0)
(-0.216345 -0.00287526 0)
(-0.21421 -0.00561291 0)
(-0.211007 -0.00851425 0)
(-0.206691 -0.0115431 0)
(-0.201231 -0.0146541 0)
(-0.194613 -0.0177923 0)
(-0.186846 -0.0208936 0)
(-0.177958 -0.0238856 0)
(-0.168006 -0.0266891 0)
(-0.157076 -0.0292196 0)
(-0.145279 -0.0313905 0)
(-0.132758 -0.0331159 0)
(-0.119686 -0.0343144 0)
(-0.106261 -0.0349133 0)
(-0.0927052 -0.034853 0)
(-0.0792596 -0.0340911 0)
(-0.0661778 -0.0326069 0)
(-0.0537169 -0.0304055 0)
(-0.0421286 -0.0275211 0)
(-0.0316475 -0.0240217 0)
(-0.0224795 -0.0200139 0)
(-0.0147895 -0.0156513 0)
(-0.00868457 -0.0111473 0)
(-0.00419946 -0.00679274 0)
(-0.00134391 -0.00298578 0)
(-0.00016323 -0.000319393 0)
(-7.13004e-05 0.000139938 0)
(-0.000564249 0.00124435 0)
(-0.00172198 0.00279754 0)
(-0.00348385 0.00454532 0)
(-0.00581305 0.00632178 0)
(-0.00867693 0.00801604 0)
(-0.0120281 0.00955967 0)
(-0.0158107 0.0109168 0)
(-0.0199661 0.0120749 0)
(-0.0244362 0.0130375 0)
(-0.0291661 0.0138186 0)
(-0.0341055 0.0144386 0)
(-0.0392104 0.014921 0)
(-0.0444432 0.0152899 0)
(-0.049773 0.0155688 0)
(-0.0551752 0.0157796 0)
(-0.060631 0.0159417 0)
(-0.0661269 0.016072 0)
(-0.071654 0.0161847 0)
(-0.0772073 0.0162916 0)
(-0.0827848 0.0164022 0)
(-0.0883872 0.0165236 0)
(-0.0940172 0.0166614 0)
(-0.0996788 0.0168192 0)
(-0.105377 0.0169994 0)
(-0.111117 0.0172029 0)
(-0.116905 0.0174295 0)
(-0.122746 0.0176777 0)
(-0.128643 0.017945 0)
(-0.134601 0.0182276 0)
(-0.140621 0.0185209 0)
(-0.146703 0.0188188 0)
(-0.152846 0.0191141 0)
(-0.159043 0.0193983 0)
(-0.165287 0.0196613 0)
(-0.171566 0.0198919 0)
(-0.177866 0.0200774 0)
(-0.184166 0.0202032 0)
(-0.190444 0.0202538 0)
(-0.196669 0.0202118 0)
(-0.202808 0.0200586 0)
(-0.208821 0.0197743 0)
(-0.214663 0.0193381 0)
(-0.220282 0.0187284 0)
(-0.225621 0.0179231 0)
(-0.230619 0.0169004 0)
(-0.235208 0.015639 0)
(-0.239315 0.014119 0)
(-0.242862 0.0123226 0)
(-0.245772 0.0102351 0)
(-0.24796 0.0078458 0)
(-0.249344 0.00514911 0)
(-0.249841 0.00214582 0)
(-0.249372 -0.00115571 0)
(-0.247861 -0.00473842 0)
(-0.245238 -0.00857525 0)
(-0.241446 -0.0126283 0)
(-0.236436 -0.0168477 0)
(-0.230178 -0.0211714 0)
(-0.222656 -0.025525 0)
(-0.213878 -0.0298218 0)
(-0.203875 -0.0339644 0)
(-0.192705 -0.0378457 0)
(-0.180454 -0.0413522 0)
(-0.167239 -0.0443668 0)
(-0.15321 -0.046773 0)
(-0.138547 -0.0484603 0)
(-0.123459 -0.049329 0)
(-0.108185 -0.049297 0)
(-0.0929817 -0.0483049 0)
(-0.0781246 -0.0463229 0)
(-0.0638947 -0.0433557 0)
(-0.0505702 -0.0394485 0)
(-0.0384142 -0.0346917 0)
(-0.0276631 -0.0292269 0)
(-0.0185148 -0.0232547 0)
(-0.0111118 -0.0170456 0)
(-0.00552953 -0.0109532 0)
(-0.00185044 -0.00543491 0)
(-0.000251153 -0.00112048 0)
(-0.000108804 0.000475879 0)
(-0.000782828 0.00225141 0)
(-0.0022981 0.00446323 0)
(-0.00453484 0.00684264 0)
(-0.00742177 0.00921024 0)
(-0.0109068 0.0114443 0)
(-0.0149272 0.0134694 0)
(-0.019415 0.0152459 0)
(-0.0243023 0.0167613 0)
(-0.0295238 0.0180215 0)
(-0.0350189 0.0190451 0)
(-0.0407329 0.0198584 0)
(-0.0466177 0.0204914 0)
(-0.0526328 0.020975 0)
(-0.0587446 0.0213397 0)
(-0.0649263 0.0216134 0)
(-0.0711573 0.0218214 0)
(-0.0774228 0.0219857 0)
(-0.0837126 0.0221248 0)
(-0.0900208 0.0222542 0)
(-0.0963448 0.0223863 0)
(-0.102685 0.0225308 0)
(-0.109043 0.0226947 0)
(-0.115423 0.0228831 0)
(-0.12183 0.023099 0)
(-0.128268 0.0233435 0)
(-0.134744 0.0236163 0)
(-0.141262 0.0239153 0)
(-0.147825 0.024237 0)
(-0.154437 0.0245763 0)
(-0.161098 0.0249266 0)
(-0.167807 0.0252797 0)
(-0.174562 0.0256259 0)
(-0.181354 0.0259535 0)
(-0.188176 0.0262493 0)
(-0.195012 0.0264982 0)
(-0.201846 0.0266831 0)
(-0.208655 0.0267851 0)
(-0.215413 0.0267836 0)
(-0.222089 0.0266561 0)
(-0.228643 0.0263785 0)
(-0.235034 0.0259253 0)
(-0.241214 0.0252698 0)
(-0.247127 0.0243847 0)
(-0.252714 0.0232423 0)
(-0.25791 0.0218154 0)
(-0.262644 0.0200777 0)
(-0.266842 0.0180051 0)
(-0.270425 0.015576 0)
(-0.273311 0.0127732 0)
(-0.275416 0.00958454 0)
(-0.276657 0.00600458 0)
(-0.27695 0.00203581 0)
(-0.276214 -0.0023098 0)
(-0.274373 -0.00700937 0)
(-0.271358 -0.0120277 0)
(-0.267107 -0.0173161 0)
(-0.261572 -0.0228111 0)
(-0.254718 -0.0284344 0)
(-0.246529 -0.0340918 0)
(-0.237007 -0.0396743 0)
(-0.22618 -0.0450589 0)
(-0.214102 -0.0501106 0)
(-0.200856 -0.0546855 0)
(-0.186555 -0.0586346 0)
(-0.171349 -0.0618092 0)
(-0.155418 -0.0640665 0)
(-0.138977 -0.0652771 0)
(-0.122271 -0.0653326 0)
(-0.105572 -0.064153 0)
(-0.089169 -0.0616954 0)
(-0.0733667 -0.057961 0)
(-0.0584686 -0.053002 0)
(-0.0447681 -0.0469282 0)
(-0.032536 -0.0399131 0)
(-0.0220091 -0.0321997 0)
(-0.0133732 -0.0241093 0)
(-0.00675187 -0.0160482 0)
(-0.00230301 -0.00851879 0)
(-0.00032488 -0.00216862 0)
(-0.000145268 0.000924635 0)
(-0.00100017 0.00354609 0)
(-0.00287674 0.00654974 0)
(-0.0055954 0.00966095 0)
(-0.00904842 0.012694 0)
(-0.0131619 0.0155225 0)
(-0.0178552 0.0180684 0)
(-0.0230465 0.0202923 0)
(-0.0286572 0.0221842 0)
(-0.0346139 0.0237546 0)
(-0.04085 0.025028 0)
(-0.0473059 0.0260378 0)
(-0.0539301 0.0268212 0)
(-0.0606791 0.027417 0)
(-0.0675171 0.0278624 0)
(-0.0744156 0.0281924 0)
(-0.0813527 0.0284383 0)
(-0.0883124 0.0286273 0)
(-0.0952836 0.0287827 0)
(-0.10226 0.0289238 0)
(-0.109238 0.0290661 0)
(-0.116217 0.0292216 0)
(-0.1232 0.0293995 0)
(-0.130189 0.0296059 0)
(-0.13719 0.0298446 0)
(-0.144207 0.030117 0)
(-0.151245 0.0304224 0)
(-0.158308 0.0307582 0)
(-0.1654 0.0311196 0)
(-0.172522 0.0315001 0)
(-0.179676 0.0318912 0)
(-0.186859 0.0322822 0)
(-0.194067 0.0326605 0)
(-0.201291 0.0330115 0)
(-0.208521 0.0333182 0)
(-0.215742 0.0335615 0)
(-0.222934 0.03372 0)
(-0.230074 0.0337702 0)
(-0.237134 0.0336863 0)
(-0.24408 0.0334406 0)
(-0.250873 0.0330035 0)
(-0.257468 0.0323439 0)
(-0.263817 0.0314297 0)
(-0.269863 0.0302277 0)
(-0.275546 0.0287051 0)
(-0.280801 0.0268295 0)
(-0.285557 0.0245701 0)
(-0.28974 0.0218985 0)
(-0.293272 0.0187902 0)
(-0.296073 0.0152256 0)
(-0.298059 0.0111913 0)
(-0.299149 0.00668207 0)
(-0.29926 0.00170208 0)
(-0.298312 -0.00373329 0)
(-0.296228 -0.00959578 0)
(-0.29294 -0.0158427 0)
(-0.288384 -0.0224153 0)
(-0.282508 -0.0292376 0)
(-0.275275 -0.0362159 0)
(-0.26666 -0.0432375 0)
(-0.256661 -0.050172 0)
(-0.245295 -0.0568714 0)
(-0.232607 -0.063173 0)
(-0.218671 -0.0689021 0)
(-0.203591 -0.0738769 0)
(-0.187508 -0.0779142 0)
(-0.170599 -0.0808364 0)
(-0.153076 -0.0824807 0)
(-0.135186 -0.0827078 0)
(-0.11721 -0.0814121 0)
(-0.0994526 -0.0785322 0)
(-0.082238 -0.07406 0)
(-0.065897 -0.0680499 0)
(-0.0507566 -0.060626 0)
(-0.0371268 -0.0519878 0)
(-0.0252895 -0.0424159 0)
(-0.0154804 -0.0322758 0)
(-0.00787606 -0.0220193 0)
(-0.00270916 -0.0121856 0)
(-0.000387447 -0.0034342 0)
(-0.000180657 0.00148453 0)
(-0.00121445 0.00512795 0)
(-0.00345136 0.00905908 0)
(-0.00665251 0.0130039 0)
(-0.0106727 0.0167768 0)
(-0.0154145 0.0202522 0)
(-0.0207778 0.0233544 0)
(-0.0266649 0.0260482 0)
(-0.0329854 0.0283291 0)
(-0.0396569 0.0302146 0)
(-0.0466059 0.0317374 0)
(-0.053768 0.0329388 0)
(-0.0610879 0.0338648 0)
(-0.0685196 0.0345622 0)
(-0.0760252 0.0350764 0)
(-0.0835748 0.0354491 0)
(-0.0911454 0.0357182 0)
(-0.0987201 0.0359165 0)
(-0.106287 0.0360721 0)
(-0.11384 0.0362081 0)
(-0.121375 0.0363435 0)
(-0.128891 0.0364927 0)
(-0.13639 0.0366668 0)
(-0.143875 0.0368732 0)
(-0.151351 0.0371163 0)
(-0.158822 0.0373979 0)
(-0.166292 0.037717 0)
(-0.173767 0.03807 0)
(-0.181247 0.0384512 0)
(-0.188737 0.0388524 0)
(-0.196234 0.0392628 0)
(-0.203736 0.0396695 0)
(-0.211239 0.0400569 0)
(-0.218733 0.040407 0)
(-0.226208 0.0406993 0)
(-0.233646 0.0409106 0)
(-0.241029 0.0410151 0)
(-0.248332 0.0409846 0)
(-0.255526 0.0407885 0)
(-0.262577 0.0403939 0)
(-0.269447 0.039766 0)
(-0.276091 0.0388683 0)
(-0.28246 0.0376634 0)
(-0.288499 0.036113 0)
(-0.294151 0.0341793 0)
(-0.299352 0.0318252 0)
(-0.304032 0.0290157 0)
(-0.308122 0.0257189 0)
(-0.311546 0.0219072 0)
(-0.314227 0.0175589 0)
(-0.316086 0.0126596 0)
(-0.317042 0.00720381 0)
(-0.317018 0.0011971 0)
(-0.315934 -0.00534248 0)
(-0.313715 -0.0123823 0)
(-0.31029 -0.0198734 0)
(-0.305595 -0.0277486 0)
(-0.299574 -0.0359213 0)
(-0.29218 -0.0442839 0)
(-0.283384 -0.0527075 0)
(-0.273169 -0.0610415 0)
(-0.261541 -0.0691148 0)
(-0.248531 -0.0767376 0)
(-0.234196 -0.0837048 0)
(-0.218626 -0.0898006 0)
(-0.201949 -0.0948054 0)
(-0.184329 -0.0985039 0)
(-0.165971 -0.100695 0)
(-0.147122 -0.101204 0)
(-0.128066 -0.0998916 0)
(-0.109121 -0.0966721 0)
(-0.0906312 -0.0915208 0)
(-0.0729569 -0.0844865 0)
(-0.056462 -0.0757006 0)
(-0.0415012 -0.0653829 0)
(-0.0284075 -0.0538452 0)
(-0.0174718 -0.0414923 0)
(-0.00892822 -0.0288169 0)
(-0.0030827 -0.016393 0)
(-0.000442703 -0.0048949 0)
(-0.000215061 0.00215343 0)
(-0.00142492 0.00699404 0)
(-0.00401846 0.0119889 0)
(-0.00769836 0.0168696 0)
(-0.0122816 0.0214561 0)
(-0.0176459 0.0256287 0)
(-0.0236702 0.029319 0)
(-0.0302399 0.0325 0)
(-0.0372513 0.0351763 0)
(-0.0446122 0.0373752 0)
(-0.0522416 0.0391392 0)
(-0.0600699 0.0405199 0)
(-0.0680381 0.0415729 0)
(-0.0760973 0.0423542 0)
(-0.0842079 0.0429176 0)
(-0.0923389 0.0433125 0)
(-0.100466 0.0435834 0)
(-0.108573 0.0437691 0)
(-0.116647 0.0439026 0)
(-0.124681 0.044011 0)
(-0.132671 0.0441166 0)
(-0.140617 0.0442365 0)
(-0.148521 0.0443836 0)
(-0.156384 0.0445666 0)
(-0.164213 0.0447907 0)
(-0.17201 0.0450578 0)
(-0.179781 0.0453665 0)
(-0.18753 0.0457126 0)
(-0.195259 0.046089 0)
(-0.20297 0.0464858 0)
(-0.210662 0.0468902 0)
(-0.218332 0.0472867 0)
(-0.225975 0.0476569 0)
(-0.233583 0.0479795 0)
(-0.241143 0.0482302 0)
(-0.24864 0.048382 0)
(-0.256054 0.0484048 0)
(-0.263362 0.0482661 0)
(-0.270535 0.0479304 0)
(-0.27754 0.0473602 0)
(-0.28434 0.0465156 0)
(-0.290893 0.0453554 0)
(-0.297152 0.0438372 0)
(-0.303067 0.0419182 0)
(-0.30858 0.0395559 0)
(-0.313634 0.0367092 0)
(-0.318164 0.0333392 0)
(-0.322104 0.0294107 0)
(-0.325384 0.0248935 0)
(-0.327931 0.0197637 0)
(-0.329672 0.0140054 0)
(-0.330531 0.00761282 0)
(-0.330433 0.000591839 0)
(-0.329301 -0.00703788 0)
(-0.327062 -0.0152408 0)
(-0.323645 -0.0239636 0)
(-0.31898 -0.0331329 0)
(-0.313007 -0.0426535 0)
(-0.305672 -0.0524071 0)
(-0.296932 -0.0622506 0)
(-0.286757 -0.0720162 0)
(-0.275137 -0.0815114 0)
(-0.262082 -0.0905207 0)
(-0.24763 -0.0988092 0)
(-0.231851 -0.106127 0)
(-0.214851 -0.112215 0)
(-0.196778 -0.116819 0)
(-0.177824 -0.119692 0)
(-0.15823 -0.120618 0)
(-0.13828 -0.119418 0)
(-0.118304 -0.115972 0)
(-0.0986649 -0.110228 0)
(-0.0797547 -0.102223 0)
(-0.0619779 -0.0920842 0)
(-0.0457389 -0.0800458 0)
(-0.0314277 -0.0664449 0)
(-0.0193964 -0.0517213 0)
(-0.00994024 -0.0364073 0)
(-0.00343888 -0.0211133 0)
(-0.000494349 -0.00653708 0)
(-0.000248598 0.00292914 0)
(-0.00163138 0.00914017 0)
(-0.00457631 0.0153341 0)
(-0.00872851 0.0212522 0)
(-0.0138668 0.0267243 0)
(-0.0198433 0.031642 0)
(-0.026515 0.0359485 0)
(-0.0337489 0.0396292 0)
(-0.0414273 0.0427013 0)
(-0.0494471 0.045205 0)
(-0.0577197 0.0471951 0)
(-0.0661695 0.0487352 0)
(-0.0747336 0.049892 0)
(-0.0833607 0.0507319 0)
(-0.0920094 0.0513178 0)
(-0.100648 0.0517074 0)
(-0.109251 0.0519521 0)
(-0.117802 0.0520969 0)
(-0.126289 0.0521797 0)
(-0.134705 0.0522321 0)
(-0.143046 0.0522795 0)
(-0.151311 0.0523417 0)
(-0.159503 0.0524334 0)
(-0.167625 0.0525648 0)
(-0.175681 0.0527416 0)
(-0.183677 0.0529659 0)
(-0.191615 0.053236 0)
(-0.199501 0.0535469 0)
(-0.207338 0.0538902 0)
(-0.215127 0.0542543 0)
(-0.222867 0.0546243 0)
(-0.230557 0.0549824 0)
(-0.238191 0.0553071 0)
(-0.245761 0.055574 0)
(-0.253256 0.0557556 0)
(-0.260661 0.0558209 0)
(-0.267957 0.055736 0)
(-0.275123 0.055464 0)
(-0.282132 0.0549654 0)
(-0.288954 0.0541981 0)
(-0.295554 0.0531179 0)
(-0.301893 0.0516793 0)
(-0.307929 0.0498355 0)
(-0.313616 0.0475396 0)
(-0.318902 0.0447452 0)
(-0.323734 0.0414074 0)
(-0.328054 0.037484 0)
(-0.331803 0.0329368 0)
(-0.334916 0.0277327 0)
(-0.337329 0.0218458 0)
(-0.338973 0.0152583 0)
(-0.339778 0.00796322 0)
(-0.339673 -3.4228e-05 0)
(-0.338586 -0.00871428 0)
(-0.336443 -0.0180404 0)
(-0.333172 -0.0279571 0)
(-0.328702 -0.0383874 0)
(-0.322964 -0.0492307 0)
(-0.315896 -0.0603608 0)
(-0.30744 -0.0716239 0)
(-0.297551 -0.0828379 0)
(-0.286198 -0.0937917 0)
(-0.273368 -0.104247 0)
(-0.259075 -0.113938 0)
(-0.24336 -0.122583 0)
(-0.226306 -0.129882 0)
(-0.208038 -0.135534 0)
(-0.188728 -0.139247 0)
(-0.168605 -0.140752 0)
(-0.14795 -0.139823 0)
(-0.127099 -0.136293 0)
(-0.106436 -0.130075 0)
(-0.0863846 -0.121178 0)
(-0.0673921 -0.10972 0)
(-0.0499182 -0.0959375 0)
(-0.0344156 -0.0801881 0)
(-0.0213035 -0.062943 0)
(-0.0109436 -0.0447746 0)
(-0.00379208 -0.0263345 0)
(-0.000545601 -0.00835548 0)
(-0.000281389 0.00380949 0)
(-0.00183395 0.0115615 0)
(-0.00512438 0.019088 0)
(-0.00974084 0.0261431 0)
(-0.0154238 0.0325708 0)
(-0.021999 0.0382781 0)
(-0.0293004 0.0432246 0)
(-0.0371758 0.0474121 0)
(-0.0454925 0.0508744 0)
(-0.0541361 0.0536675 0)
(-0.0630093 0.0558614 0)
(-0.0720309 0.0575336 0)
(-0.0811338 0.0587638 0)
(-0.090264 0.0596297 0)
(-0.0993788 0.0602042 0)
(-0.108445 0.0605539 0)
(-0.117439 0.0607378 0)
(-0.126343 0.060807 0)
(-0.135146 0.0608048 0)
(-0.14384 0.0607671 0)
(-0.152422 0.0607226 0)
(-0.160894 0.0606937 0)
(-0.169257 0.0606971 0)
(-0.177515 0.0607441 0)
(-0.185673 0.0608413 0)
(-0.193735 0.0609907 0)
(-0.201708 0.0611905 0)
(-0.209596 0.0614347 0)
(-0.217402 0.0617138 0)
(-0.225129 0.0620144 0)
(-0.232776 0.0623199 0)
(-0.240342 0.0626097 0)
(-0.247823 0.06286 0)
(-0.255212 0.0630434 0)
(-0.262499 0.063129 0)
(-0.269671 0.0630824 0)
(-0.276711 0.0628663 0)
(-0.283601 0.0624399 0)
(-0.290316 0.0617599 0)
(-0.29683 0.0607804 0)
(-0.303113 0.0594535 0)
(-0.30913 0.0577295 0)
(-0.314844 0.0555583 0)
(-0.320214 0.0528893 0)
(-0.325197 0.0496726 0)
(-0.329745 0.0458602 0)
(-0.333809 0.0414069 0)
(-0.337335 0.0362714 0)
(-0.340269 0.0304182 0)
(-0.342551 0.0238187 0)
(-0.344121 0.0164528 0)
(-0.344915 0.00831145 0)
(-0.344868 -0.000602159 0)
(-0.34391 -0.0102698 0)
(-0.34197 -0.0206561 0)
(-0.338975 -0.0317059 0)
(-0.33485 -0.0433416 0)
(-0.329521 -0.0554606 0)
(-0.322913 -0.0679324 0)
(-0.314956 -0.0805963 0)
(-0.305585 -0.0932596 0)
(-0.294746 -0.105696 0)
(-0.282402 -0.117646 0)
(-0.268535 -0.12882 0)
(-0.253159 -0.138898 0)
(-0.236323 -0.147541 0)
(-0.218122 -0.154401 0)
(-0.198704 -0.15913 0)
(-0.178279 -0.161401 0)
(-0.157119 -0.16093 0)
(-0.135562 -0.157491 0)
(-0.11401 -0.150948 0)
(-0.0929165 -0.141271 0)
(-0.0727756 -0.128555 0)
(-0.0541056 -0.113028 0)
(-0.0374285 -0.0950608 0)
(-0.0232372 -0.0751535 0)
(-0.0119663 -0.0539201 0)
(-0.00415467 -0.0320594 0)
(-0.000599093 -0.0103522 0)
(-0.000313561 0.0047925 0)
(-0.00203301 0.0142533 0)
(-0.00566304 0.0232434 0)
(-0.0107351 0.0315324 0)
(-0.016951 0.0389823 0)
(-0.0241092 0.0455199 0)
(-0.0320195 0.0511252 0)
(-0.04051 0.055821 0)
(-0.0494321 0.0596613 0)
(-0.0586594 0.0627215 0)
(-0.068086 0.0650896 0)
(-0.0776244 0.0668593 0)
(-0.0872035 0.0681248 0)
(-0.096767 0.0689767 0)
(-0.106271 0.0694989 0)
(-0.115682 0.0697676 0)
(-0.124976 0.0698496 0)
(-0.134137 0.0698026 0)
(-0.143153 0.0696755 0)
(-0.152018 0.0695083 0)
(-0.160731 0.0693333 0)
(-0.169293 0.0691756 0)
(-0.177707 0.0690535 0)
(-0.185977 0.0689798 0)
(-0.19411 0.0689616 0)
(-0.202112 0.0690012 0)
(-0.209988 0.0690962 0)
(-0.217744 0.06924 0)
(-0.225384 0.069422 0)
(-0.232913 0.0696272 0)
(-0.24033 0.0698369 0)
(-0.247636 0.0700286 0)
(-0.254827 0.070176 0)
(-0.2619 0.0702489 0)
(-0.268846 0.0702135 0)
(-0.275655 0.0700325 0)
(-0.282313 0.0696652 0)
(-0.288803 0.0690679 0)
(-0.295107 0.0681937 0)
(-0.301203 0.0669935 0)
(-0.307064 0.0654162 0)
(-0.312662 0.063409 0)
(-0.317968 0.0609186 0)
(-0.322945 0.0578915 0)
(-0.327559 0.0542748 0)
(-0.33177 0.0500179 0)
(-0.335537 0.0450726 0)
(-0.338814 0.0393951 0)
(-0.341556 0.0329469 0)
(-0.343711 0.0256966 0)
(-0.345227 0.0176213 0)
(-0.346048 0.00870871 0)
(-0.346112 -0.00104122 0)
(-0.345356 -0.0116136 0)
(-0.343711 -0.0229765 0)
(-0.341103 -0.0350777 0)
(-0.337456 -0.0478423 0)
(-0.332687 -0.061169 0)
(-0.326713 -0.0749272 0)
(-0.319447 -0.0889535 0)
(-0.310808 -0.103049 0)
(-0.300717 -0.116976 0)
(-0.289107 -0.130459 0)
(-0.275931 -0.143183 0)
(-0.261165 -0.154798 0)
(-0.244823 -0.164923 0)
(-0.226963 -0.173157 0)
(-0.207701 -0.179095 0)
(-0.187219 -0.182343 0)
(-0.165774 -0.182545 0)
(-0.143701 -0.179408 0)
(-0.121411 -0.172727 0)
(-0.0993886 -0.162418 0)
(-0.0781747 -0.148535 0)
(-0.0583497 -0.131292 0)
(-0.0405108 -0.111059 0)
(-0.0252325 -0.0883623 0)
(-0.013031 -0.0638594 0)
(-0.00453664 -0.0383034 0)
(-0.000656893 -0.0125352 0)
(-0.000345264 0.00587649 0)
(-0.0022292 0.017211 0)
(-0.00619355 0.0277931 0)
(-0.011713 0.0374098 0)
(-0.0184496 0.0459446 0)
(-0.0261735 0.053348 0)
(-0.0346701 0.0596252 0)
(-0.0437462 0.0648243 0)
(-0.0532369 0.0690235 0)
(-0.0630035 0.072321 0)
(-0.0729311 0.0748259 0)
(-0.0829259 0.0766507 0)
(-0.0929133 0.077906 0)
(-0.102835 0.0786967 0)
(-0.112645 0.0791189 0)
(-0.122312 0.0792588 0)
(-0.131811 0.0791918 0)
(-0.141128 0.0789826 0)
(-0.150251 0.0786855 0)
(-0.159178 0.078345 0)
(-0.167907 0.0779968 0)
(-0.176441 0.0776686 0)
(-0.184785 0.0773808 0)
(-0.192945 0.077147 0)
(-0.200927 0.0769752 0)
(-0.20874 0.0768677 0)
(-0.21639 0.0768219 0)
(-0.223885 0.0768306 0)
(-0.23123 0.0768816 0)
(-0.238429 0.076959 0)
(-0.245486 0.0770422 0)
(-0.252403 0.0771067 0)
(-0.259179 0.0771239 0)
(-0.26581 0.0770613 0)
(-0.272292 0.0768826 0)
(-0.278618 0.0765479 0)
(-0.284778 0.0760139 0)
(-0.290759 0.0752338 0)
(-0.296547 0.0741584 0)
(-0.302124 0.0727358 0)
(-0.307471 0.0709121 0)
(-0.312567 0.0686322 0)
(-0.317386 0.0658401 0)
(-0.321904 0.0624799 0)
(-0.326091 0.0584965 0)
(-0.329917 0.0538365 0)
(-0.333349 0.0484495 0)
(-0.336352 0.042289 0)
(-0.338887 0.0353136 0)
(-0.340914 0.0274888 0)
(-0.342387 0.0187881 0)
(-0.343259 0.00919501 0)
(-0.343474 -0.00129497 0)
(-0.342975 -0.0126721 0)
(-0.341696 -0.0249098 0)
(-0.339564 -0.0379618 0)
(-0.336501 -0.0517589 0)
(-0.332419 -0.0662048 0)
(-0.327226 -0.081173 0)
(-0.320822 -0.0965019 0)
(-0.313106 -0.111991 0)
(-0.303977 -0.127398 0)
(-0.293338 -0.142434 0)
(-0.281106 -0.156764 0)
(-0.267221 -0.170009 0)
(-0.251654 -0.181747 0)
(-0.23442 -0.191527 0)
(-0.215596 -0.198878 0)
(-0.195326 -0.203333 0)
(-0.173843 -0.204454 0)
(-0.151468 -0.201861 0)
(-0.128619 -0.195267 0)
(-0.105803 -0.184514 0)
(-0.0836079 -0.1696 0)
(-0.062678 -0.1507 0)
(-0.0436919 -0.128181 0)
(-0.0273147 -0.102587 0)
(-0.0141544 -0.0746191 0)
(-0.00494554 -0.0450914 0)
(-0.000720566 -0.0149174 0)
(-0.000376694 0.00706017 0)
(-0.0024235 0.0204311 0)
(-0.00671818 0.0327306 0)
(-0.0126776 0.0437651 0)
(-0.0199233 0.0534427 0)
(-0.0281957 0.0617418 0)
(-0.0372542 0.0686975 0)
(-0.0468839 0.0743872 0)
(-0.0569029 0.0789181 0)
(-0.06716 0.0824152 0)
(-0.0775311 0.0850114 0)
(-0.0879166 0.0868409 0)
(-0.0982385 0.088033 0)
(-0.108436 0.088708 0)
(-0.118465 0.0889757 0)
(-0.128293 0.088933 0)
(-0.137897 0.0886644 0)
(-0.147264 0.0882417 0)
(-0.156386 0.0877251 0)
(-0.16526 0.0871634 0)
(-0.173889 0.086596 0)
(-0.182276 0.0860529 0)
(-0.190429 0.0855564 0)
(-0.198355 0.0851214 0)
(-0.206063 0.0847563 0)
(-0.213562 0.0844636 0)
(-0.220862 0.0842404 0)
(-0.22797 0.0840787 0)
(-0.234895 0.0839655 0)
(-0.241642 0.0838834 0)
(-0.248218 0.0838103 0)
(-0.254625 0.08372 0)
(-0.260866 0.083582 0)
(-0.266941 0.0833618 0)
(-0.272848 0.0830209 0)
(-0.278583 0.0825172 0)
(-0.284141 0.0818051 0)
(-0.289513 0.0808358 0)
(-0.294691 0.0795578 0)
(-0.299662 0.0779172 0)
(-0.304414 0.0758581 0)
(-0.308931 0.0733233 0)
(-0.313197 0.0702549 0)
(-0.317194 0.0665951 0)
(-0.320901 0.0622869 0)
(-0.324297 0.0572748 0)
(-0.327358 0.0515062 0)
(-0.330057 0.044932 0)
(-0.332367 0.0375079 0)
(-0.334256 0.0291959 0)
(-0.335686 0.0199654 0)
(-0.336619 0.00979498 0)
(-0.337008 -0.0013255 0)
(-0.336799 -0.013393 0)
(-0.335932 -0.0263883 0)
(-0.334338 -0.0402736 0)
(-0.331938 -0.0549881 0)
(-0.328641 -0.0704447 0)
(-0.324347 -0.0865248 0)
(-0.318945 -0.103074 0)
(-0.312319 -0.119895 0)
(-0.304342 -0.136746 0)
(-0.294891 -0.153331 0)
(-0.283847 -0.169301 0)
(-0.271109 -0.184253 0)
(-0.2566 -0.197726 0)
(-0.24029 -0.209219 0)
(-0.222203 -0.218193 0)
(-0.202441 -0.224101 0)
(-0.181197 -0.22641 0)
(-0.158769 -0.224639 0)
(-0.135571 -0.2184 0)
(-0.112127 -0.207436 0)
(-0.0890644 -0.191668 0)
(-0.0670959 -0.171218 0)
(-0.0469858 -0.146426 0)
(-0.029499 -0.11785 0)
(-0.0153481 -0.0862327 0)
(-0.00538673 -0.0524555 0)
(-0.000791257 -0.0175147 0)
(-0.000408112 0.00834288 0)
(-0.00261737 0.0239112 0)
(-0.00724038 0.0380511 0)
(-0.0136347 0.0505896 0)
(-0.0213791 0.0614624 0)
(-0.0301831 0.0706804 0)
(-0.0397784 0.0783129 0)
(-0.0499276 0.0844723 0)
(-0.0604314 0.0892989 0)
(-0.0711256 0.0929485 0)
(-0.0818775 0.0955818 0)
(-0.0925821 0.0973574 0)
(-0.103158 0.098425 0)
(-0.113545 0.0989229 0)
(-0.123698 0.098975 0)
(-0.133586 0.0986901 0)
(-0.14319 0.0981621 0)
(-0.152497 0.0974705 0)
(-0.161504 0.096681 0)
(-0.17021 0.0958474 0)
(-0.178619 0.0950122 0)
(-0.18674 0.094208 0)
(-0.19458 0.0934587 0)
(-0.202151 0.0927803 0)
(-0.209463 0.0921818 0)
(-0.216527 0.0916658 0)
(-0.223355 0.091229 0)
(-0.229958 0.0908627 0)
(-0.236345 0.0905531 0)
(-0.242525 0.0902815 0)
(-0.248505 0.0900246 0)
(-0.254293 0.0897546 0)
(-0.259892 0.0894393 0)
(-0.265306 0.0890425 0)
(-0.270537 0.0885241 0)
(-0.275585 0.0878401 0)
(-0.280449 0.0869433 0)
(-0.285125 0.0857832 0)
(-0.28961 0.0843066 0)
(-0.293898 0.0824582 0)
(-0.297983 0.0801804 0)
(-0.301855 0.0774148 0)
(-0.305507 0.074102 0)
(-0.308927 0.0701828 0)
(-0.312105 0.0655986 0)
(-0.315027 0.0602923 0)
(-0.317678 0.0542092 0)
(-0.320043 0.0472979 0)
(-0.322102 0.0395111 0)
(-0.323831 0.0308071 0)
(-0.325206 0.0211509 0)
(-0.326194 0.0105155 0)
(-0.326757 -0.00111577 0)
(-0.32685 -0.0137478 0)
(-0.326417 -0.0273708 0)
(-0.325395 -0.0419569 0)
(-0.323706 -0.0574571 0)
(-0.321259 -0.0737963 0)
(-0.31795 -0.0908685 0)
(-0.31366 -0.10853 0)
(-0.308257 -0.126595 0)
(-0.301597 -0.144826 0)
(-0.293528 -0.162929 0)
(-0.283898 -0.180547 0)
(-0.272562 -0.197257 0)
(-0.259396 -0.212568 0)
(-0.244313 -0.225927 0)
(-0.227282 -0.236731 0)
(-0.208347 -0.244345 0)
(-0.187652 -0.248132 0)
(-0.165458 -0.247495 0)
(-0.142159 -0.241919 0)
(-0.118287 -0.231029 0)
(-0.0945046 -0.214639 0)
(-0.0715873 -0.192791 0)
(-0.0503912 -0.165783 0)
(-0.0317913 -0.134171 0)
(-0.0166182 -0.0987367 0)
(-0.00586372 -0.0604316 0)
(-0.000869798 -0.0203457 0)
(-0.000439877 0.00972483 0)
(-0.00281278 0.0276513 0)
(-0.00776506 0.0437524 0)
(-0.0145922 0.0578766 0)
(-0.0228276 0.0699908 0)
(-0.0321474 0.0801428 0)
(-0.0422543 0.0884415 0)
(-0.0528872 0.0950394 0)
(-0.0638287 0.100115 0)
(-0.074902 0.10386 0)
(-0.085966 0.106467 0)
(-0.0969112 0.108121 0)
(-0.107655 0.108995 0)
(-0.118135 0.109247 0)
(-0.128311 0.109016 0)
(-0.138152 0.108424 0)
(-0.147644 0.107575 0)
(-0.156777 0.106555 0)
(-0.165551 0.105437 0)
(-0.173969 0.104278 0)
(-0.182039 0.103125 0)
(-0.189772 0.102013 0)
(-0.197179 0.100967 0)
(-0.204275 0.100003 0)
(-0.211072 0.099132 0)
(-0.217584 0.0983557 0)
(-0.223826 0.0976707 0)
(-0.229811 0.0970676 0)
(-0.23555 0.0965317 0)
(-0.241055 0.0960433 0)
(-0.246336 0.0955778 0)
(-0.251403 0.0951062 0)
(-0.256264 0.094595 0)
(-0.260925 0.0940066 0)
(-0.265391 0.0932994 0)
(-0.269667 0.0924283 0)
(-0.273756 0.0913445 0)
(-0.27766 0.0899966 0)
(-0.281381 0.0883302 0)
(-0.284918 0.0862889 0)
(-0.288272 0.0838142 0)
(-0.291441 0.0808468 0)
(-0.294424 0.0773263 0)
(-0.297218 0.0731926 0)
(-0.29982 0.068386 0)
(-0.302225 0.062848 0)
(-0.304429 0.0565221 0)
(-0.306422 0.0493548 0)
(-0.308196 0.0412959 0)
(-0.309738 0.0323001 0)
(-0.31103 0.0223275 0)
(-0.312051 0.0113455 0)
(-0.312771 -0.000670084 0)
(-0.313154 -0.0137327 0)
(-0.313152 -0.027843 0)
(-0.312707 -0.0429854 0)
(-0.311747 -0.0591244 0)
(-0.310183 -0.0762004 0)
(-0.307911 -0.0941232 0)
(-0.304808 -0.112766 0)
(-0.30073 -0.131958 0)
(-0.295519 -0.151475 0)
(-0.288998 -0.17103 0)
(-0.280983 -0.190268 0)
(-0.271289 -0.208756 0)
(-0.259741 -0.225977 0)
(-0.246193 -0.241335 0)
(-0.230548 -0.254163 0)
(-0.212784 -0.263736 0)
(-0.19298 -0.269305 0)
(-0.171345 -0.27014 0)
(-0.148238 -0.26558 0)
(-0.124181 -0.255101 0)
(-0.0998617 -0.238379 0)
(-0.0761161 -0.215345 0)
(-0.0538937 -0.186229 0)
(-0.034189 -0.151566 0)
(-0.0179671 -0.112167 0)
(-0.00637856 -0.0690579 0)
(-0.000956802 -0.0234301 0)
(-0.00047248 0.0112074 0)
(-0.00301251 0.031654 0)
(-0.00829902 0.0498356 0)
(-0.0155612 0.065623 0)
(-0.0242835 0.0790175 0)
(-0.0341055 0.0901089 0)
(-0.0446989 0.0990521 0)
(-0.0557775 0.106046 0)
(-0.0671058 0.111313 0)
(-0.0784946 0.115085 0)
(-0.0897954 0.11759 0)
(-0.100895 0.119045 0)
(-0.11171 0.119648 0)
(-0.122182 0.119578 0)
(-0.13227 0.118991 0)
(-0.141951 0.118022 0)
(-0.151212 0.116786 0)
(-0.160051 0.115376 0)
(-0.168469 0.113872 0)
(-0.176477 0.112335 0)
(-0.184085 0.110815 0)
(-0.191309 0.109348 0)
(-0.198164 0.107961 0)
(-0.204666 0.106672 0)
(-0.210833 0.105491 0)
(-0.216682 0.10442 0)
(-0.222228 0.103455 0)
(-0.227489 0.102586 0)
(-0.232478 0.101797 0)
(-0.23721 0.101068 0)
(-0.241699 0.100373 0)
(-0.245955 0.0996817 0)
(-0.249991 0.09896 0)
(-0.253817 0.098169 0)
(-0.257441 0.097266 0)
(-0.260872 0.0962049 0)
(-0.264118 0.0949363 0)
(-0.267185 0.0934078 0)
(-0.270081 0.0915644 0)
(-0.27281 0.0893492 0)
(-0.27538 0.0867032 0)
(-0.277796 0.0835665 0)
(-0.280062 0.0798785 0)
(-0.282184 0.0755782 0)
(-0.284167 0.0706054 0)
(-0.286014 0.0649005 0)
(-0.287728 0.0584058 0)
(-0.289311 0.0510655 0)
(-0.290762 0.042827 0)
(-0.292077 0.0336413 0)
(-0.29325 0.023464 0)
(-0.294267 0.0122565 0)
(-0.295109 -1.29264e-05 0)
(-0.29575 -0.0133669 0)
(-0.296151 -0.0278173 0)
(-0.296263 -0.0433617 0)
(-0.29602 -0.0599804 0)
(-0.295341 -0.077631 0)
(-0.294124 -0.0962431 0)
(-0.292245 -0.115711 0)
(-0.289557 -0.135884 0)
(-0.28589 -0.156558 0)
(-0.28105 -0.177464 0)
(-0.274825 -0.198255 0)
(-0.266989 -0.218499 0)
(-0.257319 -0.237665 0)
(-0.245607 -0.255122 0)
(-0.231686 -0.270143 0)
(-0.215454 -0.281917 0)
(-0.196914 -0.289577 0)
(-0.176202 -0.292246 0)
(-0.153623 -0.289093 0)
(-0.129671 -0.279417 0)
(-0.105044 -0.262716 0)
(-0.0806281 -0.238775 0)
(-0.0574665 -0.207719 0)
(-0.036683 -0.170037 0)
(-0.0193938 -0.126555 0)
(-0.00693237 -0.0783725 0)
(-0.00105277 -0.0267886 0)
(-0.000506593 0.0127937 0)
(-0.00322026 0.0359258 0)
(-0.00885134 0.0563068 0)
(-0.0165566 0.07383 0)
(-0.0257662 0.088535 0)
(-0.0360796 0.10056 0)
(-0.0471346 0.110113 0)
(-0.0586188 0.117445 0)
(-0.0702783 0.122831 0)
(-0.0819123 0.126549 0)
(-0.0933662 0.128866 0)
(-0.104525 0.130035 0)
(-0.115307 0.130281 0)
(-0.125657 0.129806 0)
(-0.135539 0.128784 0)
(-0.144936 0.127365 0)
(-0.153841 0.125673 0)
(-0.162257 0.123811 0)
(-0.170194 0.121862 0)
(-0.177664 0.119894 0)
(-0.184687 0.117957 0)
(-0.191279 0.116091 0)
(-0.197462 0.114323 0)
(-0.203256 0.112672 0)
(-0.208682 0.111147 0)
(-0.213759 0.10975 0)
(-0.218507 0.108477 0)
(-0.222945 0.107317 0)
(-0.227091 0.106253 0)
(-0.230962 0.105264 0)
(-0.234573 0.104323 0)
(-0.23794 0.103399 0)
(-0.241077 0.102456 0)
(-0.243998 0.101456 0)
(-0.246714 0.100354 0)
(-0.249239 0.0991049 0)
(-0.251585 0.0976575 0)
(-0.253762 0.0959594 0)
(-0.255782 0.0939554 0)
(-0.257657 0.0915883 0)
(-0.259398 0.0887994 0)
(-0.261017 0.0855284 0)
(-0.262526 0.0817147 0)
(-0.263937 0.0772974 0)
(-0.265261 0.0722155 0)
(-0.26651 0.0664091 0)
(-0.267695 0.0598193 0)
(-0.268826 0.0523888 0)
(-0.269911 0.0440626 0)
(-0.270956 0.0347884 0)
(-0.271962 0.0245176 0)
(-0.272928 0.0132057 0)
(-0.273844 0.000813725 0)
(-0.274694 -0.0126903 0)
(-0.275451 -0.0273296 0)
(-0.276074 -0.0431156 0)
(-0.276511 -0.0600452 0)
(-0.276687 -0.0780954 0)
(-0.276509 -0.0972177 0)
(-0.275858 -0.117331 0)
(-0.274588 -0.138311 0)
(-0.272524 -0.15998 0)
(-0.269459 -0.182094 0)
(-0.265159 -0.204328 0)
(-0.259368 -0.22626 0)
(-0.251812 -0.247358 0)
(-0.242225 -0.266969 0)
(-0.230361 -0.284318 0)
(-0.216036 -0.298511 0)
(-0.199156 -0.308563 0)
(-0.179769 -0.31344 0)
(-0.1581 -0.312122 0)
(-0.134595 -0.303692 0)
(-0.109938 -0.287436 0)
(-0.0850528 -0.262942 0)
(-0.0610731 -0.230185 0)
(-0.0392588 -0.189573 0)
(-0.0208951 -0.141928 0)
(-0.00752573 -0.0884124 0)
(-0.0011582 -0.0304424 0)
(-0.000543122 0.0144888 0)
(-0.003441 0.0404785 0)
(-0.0094341 0.0631786 0)
(-0.017598 0.0825049 0)
(-0.0273015 0.0985405 0)
(-0.0380986 0.111479 0)
(-0.0495903 0.12159 0)
(-0.0614368 0.129188 0)
(-0.0733656 0.134605 0)
(-0.0851657 0.138171 0)
(-0.0966784 0.140202 0)
(-0.10779 0.140985 0)
(-0.118421 0.140778 0)
(-0.128524 0.139809 0)
(-0.13807 0.138269 0)
(-0.147049 0.136323 0)
(-0.155464 0.134106 0)
(-0.163323 0.131728 0)
(-0.170644 0.129279 0)
(-0.177447 0.126827 0)
(-0.183756 0.124429 0)
(-0.189594 0.122122 0)
(-0.194987 0.119937 0)
(-0.19996 0.117891 0)
(-0.204536 0.115993 0)
(-0.20874 0.114245 0)
(-0.212593 0.112641 0)
(-0.216119 0.111169 0)
(-0.219337 0.109813 0)
(-0.222267 0.10855 0)
(-0.224928 0.107351 0)
(-0.227337 0.106186 0)
(-0.229513 0.105017 0)
(-0.23147 0.103806 0)
(-0.233226 0.102507 0)
(-0.234795 0.101075 0)
(-0.236195 0.0994585 0)
(-0.237439 0.0976051 0)
(-0.238545 0.0954598 0)
(-0.239529 0.0929655 0)
(-0.240407 0.0900637 0)
(-0.241196 0.0866947 0)
(-0.241915 0.082798 0)
(-0.24258 0.078313 0)
(-0.243211 0.0731787 0)
(-0.243827 0.0673349 0)
(-0.244445 0.0607222 0)
(-0.245083 0.0532819 0)
(-0.245759 0.0449573 0)
(-0.246485 0.0356932 0)
(-0.247274 0.0254372 0)
(-0.248133 0.0141394 0)
(-0.249064 0.0017542 0)
(-0.250062 -0.0117594 0)
(-0.25111 -0.0264356 0)
(-0.252183 -0.0423 0)
(-0.253238 -0.0593659 0)
(-0.254214 -0.0776307 0)
(-0.25503 -0.0970699 0)
(-0.255576 -0.117629 0)
(-0.255713 -0.139216 0)
(-0.255268 -0.161685 0)
(-0.254032 -0.184825 0)
(-0.251755 -0.208344 0)
(-0.248154 -0.231843 0)
(-0.242917 -0.254806 0)
(-0.235717 -0.276572 0)
(-0.226235 -0.296332 0)
(-0.21419 -0.313124 0)
(-0.199385 -0.325849 0)
(-0.181756 -0.33331 0)
(-0.161426 -0.334278 0)
(-0.138762 -0.327592 0)
(-0.114408 -0.312274 0)
(-0.0893052 -0.287662 0)
(-0.0646683 -0.253527 0)
(-0.0418981 -0.210145 0)
(-0.022467 -0.158302 0)
(-0.00815926 -0.0992125 0)
(-0.00127369 -0.0344131 0)
(-0.0005833 0.016301 0)
(-0.00368137 0.0453306 0)
(-0.0100632 0.0704716 0)
(-0.0187108 0.0916623 0)
(-0.0289218 0.109036 0)
(-0.0401987 0.122851 0)
(-0.0521017 0.13345 0)
(-0.0642619 0.141219 0)
(-0.0763895 0.146559 0)
(-0.088265 0.14986 0)
(-0.0997287 0.151489 0)
(-0.11067 0.151776 0)
(-0.121019 0.151013 0)
(-0.130736 0.149453 0)
(-0.139802 0.147309 0)
(-0.148217 0.144757 0)
(-0.155995 0.141945 0)
(-0.163154 0.13899 0)
(-0.169719 0.135986 0)
(-0.175719 0.133005 0)
(-0.181184 0.130103 0)
(-0.186144 0.127322 0)
(-0.190629 0.124688 0)
(-0.194669 0.12222 0)
(-0.198293 0.119926 0)
(-0.201526 0.117807 0)
(-0.204396 0.115856 0)
(-0.206926 0.11406 0)
(-0.209141 0.112401 0)
(-0.211061 0.110855 0)
(-0.212709 0.109393 0)
(-0.214104 0.107983 0)
(-0.215266 0.106589 0)
(-0.216214 0.105169 0)
(-0.216968 0.10368 0)
(-0.217545 0.102074 0)
(-0.217965 0.100302 0)
(-0.218247 0.0983103 0)
(-0.218412 0.0960452 0)
(-0.218478 0.09345 0)
(-0.218468 0.0904667 0)
(-0.218403 0.0870363 0)
(-0.218306 0.0830989 0)
(-0.218201 0.0785945 0)
(-0.218113 0.0734627 0)
(-0.218065 0.0676432 0)
(-0.218082 0.0610764 0)
(-0.218191 0.0537031 0)
(-0.218414 0.045465 0)
(-0.218775 0.036305 0)
(-0.219294 0.0261671 0)
(-0.219988 0.0149973 0)
(-0.22087 0.00274364 0)
(-0.221945 -0.0106428 0)
(-0.223212 -0.0252065 0)
(-0.224656 -0.0409862 0)
(-0.22625 -0.0580118 0)
(-0.227949 -0.0763009 0)
(-0.229687 -0.0958533 0)
(-0.231368 -0.116644 0)
(-0.232867 -0.138614 0)
(-0.234021 -0.161657 0)
(-0.234622 -0.185604 0)
(-0.23442 -0.210202 0)
(-0.233113 -0.235094 0)
(-0.230357 -0.259791 0)
(-0.225774 -0.283648 0)
(-0.218972 -0.305843 0)
(-0.209574 -0.32536 0)
(-0.197266 -0.341 0)
(-0.181854 -0.351406 0)
(-0.163334 -0.355127 0)
(-0.141958 -0.350724 0)
(-0.118299 -0.33691 0)
(-0.093287 -0.312707 0)
(-0.0681999 -0.277609 0)
(-0.0445801 -0.231701 0)
(-0.0241055 -0.175684 0)
(-0.00883419 -0.110805 0)
(-0.00140004 -0.0387228 0)
(-0.0006288 0.0182424 0)
(-0.00395019 0.0505096 0)
(-0.0107595 0.0782171 0)
(-0.0199278 0.101326 0)
(-0.0306686 0.120029 0)
(-0.0424246 0.134662 0)
(-0.0547109 0.145653 0)
(-0.0671286 0.153474 0)
(-0.079372 0.158606 0)
(-0.0912164 0.161509 0)
(-0.102505 0.162605 0)
(-0.113137 0.162273 0)
(-0.123052 0.160842 0)
(-0.132224 0.158589 0)
(-0.140649 0.15575 0)
(-0.14834 0.152515 0)
(-0.155322 0.149041 0)
(-0.161626 0.145451 0)
(-0.167286 0.141843 0)
(-0.172342 0.138291 0)
(-0.176828 0.134853 0)
(-0.180784 0.131567 0)
(-0.184245 0.128462 0)
(-0.187244 0.125554 0)
(-0.189815 0.12285 0)
(-0.191988 0.120348 0)
(-0.193791 0.118041 0)
(-0.195252 0.115914 0)
(-0.196396 0.113948 0)
(-0.197248 0.112118 0)
(-0.19783 0.110394 0)
(-0.198166 0.108743 0)
(-0.198275 0.107128 0)
(-0.198181 0.105508 0)
(-0.197903 0.103838 0)
(-0.197463 0.102073 0)
(-0.196883 0.100161 0)
(-0.196185 0.0980517 0)
(-0.195392 0.0956906 0)
(-0.194527 0.093022 0)
(-0.193615 0.089989 0)
(-0.192682 0.0865336 0)
(-0.191756 0.0825969 0)
(-0.190865 0.0781197 0)
(-0.190037 0.0730424 0)
(-0.189303 0.0673054 0)
(-0.188694 0.0608493 0)
(-0.188242 0.0536147 0)
(-0.187976 0.0455426 0)
(-0.187929 0.0365743 0)
(-0.188127 0.0266516 0)
(-0.188599 0.0157168 0)
(-0.189366 0.00371298 0)
(-0.190447 -0.00941565 0)
(-0.191852 -0.0237228 0)
(-0.193582 -0.039259 0)
(-0.195625 -0.0560694 0)
(-0.197955 -0.074191 0)
(-0.200521 -0.0936479 0)
(-0.20325 -0.114445 0)
(-0.206033 -0.136559 0)
(-0.208726 -0.159924 0)
(-0.211133 -0.184421 0)
(-0.21301 -0.209848 0)
(-0.21405 -0.2359 0)
(-0.21389 -0.262138 0)
(-0.21211 -0.287951 0)
(-0.208251 -0.312528 0)
(-0.201844 -0.334828 0)
(-0.192452 -0.353569 0)
(-0.179735 -0.367246 0)
(-0.163531 -0.374184 0)
(-0.143946 -0.37264 0)
(-0.121438 -0.360964 0)
(-0.0968868 -0.33779 0)
(-0.0716096 -0.302254 0)
(-0.0472836 -0.254162 0)
(-0.0258079 -0.19407 0)
(-0.00955302 -0.123221 0)
(-0.00153848 -0.0433948 0)
(-0.000681915 0.0203303 0)
(-0.0042593 0.0560547 0)
(-0.0115504 0.0864601 0)
(-0.0212911 0.111532 0)
(-0.0325935 0.131533 0)
(-0.0448302 0.146896 0)
(-0.0574665 0.158153 0)
(-0.0700732 0.165878 0)
(-0.0823315 0.170645 0)
(-0.0940167 0.172991 0)
(-0.104981 0.173407 0)
(-0.115137 0.17232 0)
(-0.124443 0.170098 0)
(-0.13289 0.167048 0)
(-0.140492 0.163423 0)
(-0.14728 0.159429 0)
(-0.153293 0.15523 0)
(-0.158574 0.150954 0)
(-0.163172 0.146701 0)
(-0.167134 0.142546 0)
(-0.170505 0.138545 0)
(-0.173329 0.134737 0)
(-0.175647 0.131147 0)
(-0.1775 0.12779 0)
(-0.178923 0.12467 0)
(-0.17995 0.121783 0)
(-0.180611 0.11912 0)
(-0.180937 0.116665 0)
(-0.180955 0.114397 0)
(-0.180689 0.112289 0)
(-0.180166 0.110311 0)
(-0.179408 0.108428 0)
(-0.178438 0.106604 0)
(-0.177279 0.104797 0)
(-0.175954 0.102963 0)
(-0.174486 0.101055 0)
(-0.172898 0.0990237 0)
(-0.171214 0.0968188 0)
(-0.169459 0.0943869 0)
(-0.167661 0.0916735 0)
(-0.165846 0.0886228 0)
(-0.164044 0.085178 0)
(-0.162285 0.0812817 0)
(-0.160601 0.0768758 0)
(-0.159026 0.0719019 0)
(-0.157595 0.0663016 0)
(-0.156343 0.0600159 0)
(-0.155307 0.0529861 0)
(-0.154524 0.045153 0)
(-0.154031 0.0364572 0)
(-0.153866 0.0268389 0)
(-0.154063 0.0162381 0)
(-0.154655 0.00459396 0)
(-0.155672 -0.00815468 0)
(-0.157136 -0.0220691 0)
(-0.159064 -0.0372099 0)
(-0.16146 -0.0536358 0)
(-0.164316 -0.0714016 0)
(-0.167604 -0.0905541 0)
(-0.171273 -0.111127 0)
(-0.175238 -0.133133 0)
(-0.179377 -0.156551 0)
(-0.183518 -0.181313 0)
(-0.187431 -0.207278 0)
(-0.190821 -0.234206 0)
(-0.193316 -0.261723 0)
(-0.194471 -0.289279 0)
(-0.193774 -0.316101 0)
(-0.190668 -0.341154 0)
(-0.184594 -0.363107 0)
(-0.175054 -0.380328 0)
(-0.161705 -0.390923 0)
(-0.144464 -0.392831 0)
(-0.123629 -0.383989 0)
(-0.0999794 -0.362567 0)
(-0.0748335 -0.327236 0)
(-0.0499873 -0.277422 0)
(-0.0275747 -0.213443 0)
(-0.0103205 -0.13649 0)
(-0.00169082 -0.0484543 0)
(-0.000745823 0.0225891 0)
(-0.00462462 0.0620206 0)
(-0.0124718 0.0952623 0)
(-0.0228547 0.122328 0)
(-0.0347605 0.143569 0)
(-0.0474794 0.159538 0)
(-0.060422 0.170894 0)
(-0.0731301 0.178337 0)
(-0.0852768 0.182547 0)
(-0.0966448 0.184156 0)
(-0.107103 0.183723 0)
(-0.116587 0.181733 0)
(-0.125078 0.178592 0)
(-0.132591 0.174636 0)
(-0.139165 0.170138 0)
(-0.144849 0.165314 0)
(-0.1497 0.160334 0)
(-0.153779 0.15533 0)
(-0.157146 0.150401 0)
(-0.159857 0.145623 0)
(-0.161969 0.141047 0)
(-0.163532 0.136709 0)
(-0.164594 0.132633 0)
(-0.165197 0.128829 0)
(-0.165381 0.125299 0)
(-0.165183 0.122036 0)
(-0.164636 0.119028 0)
(-0.163771 0.116258 0)
(-0.162615 0.1137 0)
(-0.161195 0.111329 0)
(-0.159537 0.109112 0)
(-0.157664 0.107015 0)
(-0.155601 0.105 0)
(-0.15337 0.103024 0)
(-0.150995 0.101045 0)
(-0.1485 0.0990163 0)
(-0.145908 0.0968892 0)
(-0.143247 0.0946137 0)
(-0.140542 0.0921381 0)
(-0.137821 0.0894091 0)
(-0.135114 0.0863724 0)
(-0.132454 0.082973 0)
(-0.129871 0.0791549 0)
(-0.127403 0.0748617 0)
(-0.125084 0.0700366 0)
(-0.122955 0.0646225 0)
(-0.121054 0.0585619 0)
(-0.119423 0.0517967 0)
(-0.118105 0.0442685 0)
(-0.117143 0.0359181 0)
(-0.11658 0.0266852 0)
(-0.11646 0.0165081 0)
(-0.116824 0.00532391 0)
(-0.117713 -0.00693253 0)
(-0.119163 -0.0203281 0)
(-0.121204 -0.0349317 0)
(-0.123857 -0.0508131 0)
(-0.127134 -0.0680422 0)
(-0.13103 -0.0866864 0)
(-0.135517 -0.106806 0)
(-0.140539 -0.128449 0)
(-0.146004 -0.151638 0)
(-0.15177 -0.176359 0)
(-0.157635 -0.202536 0)
(-0.163324 -0.230007 0)
(-0.168477 -0.258478 0)
(-0.17264 -0.287483 0)
(-0.175264 -0.316321 0)
(-0.175722 -0.343999 0)
(-0.173337 -0.369176 0)
(-0.167451 -0.390133 0)
(-0.157515 -0.404779 0)
(-0.143221 -0.410728 0)
(-0.12465 -0.405468 0)
(-0.102422 -0.38662 0)
(-0.0778009 -0.352274 0)
(-0.052672 -0.301337 0)
(-0.0294111 -0.233773 0)
(-0.0111447 -0.150642 0)
(-0.00185983 -0.0539304 0)
(-0.000824999 0.0250529 0)
(-0.00506786 0.0684822 0)
(-0.0135715 0.104707 0)
(-0.0246877 0.133777 0)
(-0.0372481 0.15616 0)
(-0.0504457 0.172561 0)
(-0.0636324 0.183802 0)
(-0.0763248 0.19073 0)
(-0.0881967 0.194156 0)
(-0.0990489 0.194814 0)
(-0.108778 0.193346 0)
(-0.117352 0.190292 0)
(-0.124785 0.1861 0)
(-0.131123 0.181133 0)
(-0.136432 0.175679 0)
(-0.140787 0.169962 0)
(-0.144266 0.164158 0)
(-0.146946 0.158397 0)
(-0.1489 0.152778 0)
(-0.150199 0.147369 0)
(-0.150905 0.142219 0)
(-0.151077 0.137361 0)
(-0.150767 0.132812 0)
(-0.150022 0.128577 0)
(-0.148884 0.124656 0)
(-0.147391 0.121038 0)
(-0.145578 0.117708 0)
(-0.143474 0.114644 0)
(-0.14111 0.111822 0)
(-0.138511 0.109211 0)
(-0.135703 0.10678 0)
(-0.132708 0.104493 0)
(-0.129551 0.10231 0)
(-0.126253 0.100191 0)
(-0.12284 0.0980924 0)
(-0.119333 0.0959682 0)
(-0.115759 0.0937712 0)
(-0.112142 0.0914524 0)
(-0.10851 0.0889615 0)
(-0.104893 0.0862468 0)
(-0.10132 0.0832558 0)
(-0.0978256 0.0799353 0)
(-0.0944434 0.0762313 0)
(-0.0912107 0.0720894 0)
(-0.0881667 0.0674547 0)
(-0.0853524 0.0622719 0)
(-0.0828112 0.0564852 0)
(-0.0805883 0.0500383 0)
(-0.0787306 0.0428738 0)
(-0.0772866 0.0349336 0)
(-0.0763057 0.0261578 0)
(-0.0758384 0.0164846 0)
(-0.075935 0.00585 0)
(-0.0766451 -0.00581331 0)
(-0.0780165 -0.0185759 0)
(-0.0800933 -0.0325124 0)
(-0.0829141 -0.0477012 0)
(-0.0865091 -0.0642245 0)
(-0.0908956 -0.0821666 0)
(-0.0960734 -0.101612 0)
(-0.102017 -0.122639 0)
(-0.108668 -0.145313 0)
(-0.115921 -0.169674 0)
(-0.123611 -0.195714 0)
(-0.1315 -0.223354 0)
(-0.139254 -0.252396 0)
(-0.146431 -0.282479 0)
(-0.152471 -0.313006 0)
(-0.156694 -0.343068 0)
(-0.158324 -0.371367 0)
(-0.156545 -0.396143 0)
(-0.15059 -0.415153 0)
(-0.139889 -0.425703 0)
(-0.124247 -0.424806 0)
(-0.104049 -0.409453 0)
(-0.0804316 -0.377019 0)
(-0.0553205 -0.325725 0)
(-0.0313297 -0.255016 0)
(-0.0120392 -0.165712 0)
(-0.00204971 -0.0598577 0)
(-0.000925878 0.027769 0)
(-0.00561902 0.0755413 0)
(-0.0149131 0.114904 0)
(-0.0268786 0.145957 0)
(-0.0401511 0.16933 0)
(-0.05381 0.185926 0)
(-0.0671472 0.196771 0)
(-0.0796624 0.202897 0)
(-0.0910441 0.205267 0)
(-0.101126 0.204733 0)
(-0.109849 0.202021 0)
(-0.117224 0.197735 0)
(-0.123308 0.19236 0)
(-0.128189 0.186281 0)
(-0.131965 0.1798 0)
(-0.134739 0.173145 0)
(-0.136612 0.16649 0)
(-0.13768 0.159962 0)
(-0.138032 0.153653 0)
(-0.137749 0.147627 0)
(-0.136901 0.141924 0)
(-0.135553 0.136571 0)
(-0.133762 0.131578 0)
(-0.131576 0.126946 0)
(-0.12904 0.122668 0)
(-0.126192 0.11873 0)
(-0.123066 0.115112 0)
(-0.119693 0.11179 0)
(-0.116099 0.108737 0)
(-0.11231 0.105922 0)
(-0.10835 0.103309 0)
(-0.104241 0.100864 0)
(-0.100004 0.0985455 0)
(-0.0956617 0.0963137 0)
(-0.0912361 0.0941253 0)
(-0.0867501 0.0919355 0)
(-0.0822274 0.0896982 0)
(-0.0776935 0.0873658 0)
(-0.0731754 0.0848895 0)
(-0.0687021 0.0822196 0)
(-0.0643046 0.0793056 0)
(-0.0600163 0.0760965 0)
(-0.0558728 0.0725405 0)
(-0.0519123 0.0685855 0)
(-0.0481755 0.064179 0)
(-0.0447054 0.0592679 0)
(-0.0415478 0.0537987 0)
(-0.0387508 0.0477172 0)
(-0.0363648 0.040968 0)
(-0.0344425 0.0334946 0)
(-0.0330386 0.0252387 0)
(-0.0322094 0.0161394 0)
(-0.0320127 0.0061329 0)
(-0.0325067 -0.00484844 0)
(-0.0337499 -0.0168769 0)
(-0.0357991 -0.0300305 0)
(-0.0387084 -0.0443932 0)
(-0.0425263 -0.0600561 0)
(-0.0472928 -0.0771168 0)
(-0.0530343 -0.0956785 0)
(-0.0597573 -0.115847 0)
(-0.0674393 -0.137727 0)
(-0.0760179 -0.161406 0)
(-0.0853748 -0.186946 0)
(-0.0953178 -0.214352 0)
(-0.105559 -0.243533 0)
(-0.11569 -0.274251 0)
(-0.125165 -0.306042 0)
(-0.133281 -0.338129 0)
(-0.139189 -0.369309 0)
(-0.141929 -0.397855 0)
(-0.140518 -0.421428 0)
(-0.134092 -0.437073 0)
(-0.122119 -0.441323 0)
(-0.104661 -0.430473 0)
(-0.0826302 -0.401039 0)
(-0.0579176 -0.35035 0)
(-0.0333529 -0.277113 0)
(-0.0130251 -0.181742 0)
(-0.00226697 -0.0662807 0)
(-0.00105795 0.0308035 0)
(-0.00632018 0.0833356 0)
(-0.0165817 0.125995 0)
(-0.0295396 0.158964 0)
(-0.0435808 0.183094 0)
(-0.0576546 0.19956 0)
(-0.0709971 0.20965 0)
(-0.0831073 0.214621 0)
(-0.0937098 0.215614 0)
(-0.102694 0.213613 0)
(-0.110061 0.209437 0)
(-0.115884 0.203746 0)
(-0.120276 0.197061 0)
(-0.123371 0.189786 0)
(-0.125306 0.182225 0)
(-0.126218 0.174607 0)
(-0.126232 0.167098 0)
(-0.125463 0.159816 0)
(-0.124014 0.152845 0)
(-0.121976 0.146236 0)
(-0.119428 0.140023 0)
(-0.116437 0.134222 0)
(-0.113063 0.128834 0)
(-0.109356 0.123856 0)
(-0.105359 0.119272 0)
(-0.10111 0.115064 0)
(-0.0966407 0.111208 0)
(-0.0919796 0.107677 0)
(-0.0871516 0.104439 0)
(-0.0821794 0.101463 0)
(-0.0770837 0.098711 0)
(-0.0718845 0.0961472 0)
(-0.066601 0.0937318 0)
(-0.0612529 0.0914239 0)
(-0.0558599 0.0891811 0)
(-0.0504431 0.0869598 0)
(-0.0450247 0.084715 0)
(-0.0396286 0.0824008 0)
(-0.0342808 0.0799704 0)
(-0.0290093 0.0773763 0)
(-0.0238445 0.0745704 0)
(-0.0188196 0.0715039 0)
(-0.0139702 0.0681278 0)
(-0.00933479 0.0643926 0)
(-0.00495484 0.0602484 0)
(-0.00087462 0.055645 0)
(0.00285862 0.0505314 0)
(0.0061947 0.0448563 0)
(0.00908052 0.0385667 0)
(0.0114601 0.0316088 0)
(0.0132747 0.0239263 0)
(0.014463 0.0154606 0)
(0.014961 0.00614952 0)
(0.0147029 -0.00407354 0)
(0.0136212 -0.0152806 0)
(0.0116475 -0.0275505 0)
(0.00871407 -0.04097 0)
(0.00475504 -0.0556354 0)
(-0.000290479 -0.0716533 0)
(-0.00647472 -0.0891411 0)
(-0.0138357 -0.108226 0)
(-0.022389 -0.129044 0)
(-0.0321172 -0.151728 0)
(-0.0429544 -0.176403 0)
(-0.0547662 -0.203156 0)
(-0.0673254 -0.232008 0)
(-0.0802815 -0.262856 0)
(-0.0931293 -0.295396 0)
(-0.10518 -0.329023 0)
(-0.115548 -0.362697 0)
(-0.123161 -0.394795 0)
(-0.12683 -0.422976 0)
(-0.125383 -0.444098 0)
(-0.117894 -0.454247 0)
(-0.104003 -0.448978 0)
(-0.0842737 -0.423801 0)
(-0.0604472 -0.374909 0)
(-0.035517 -0.299985 0)
(-0.0141359 -0.198787 0)
(-0.00252176 -0.0732586 0)
(-0.00123565 0.034249 0)
(-0.0072316 0.0920512 0)
(-0.0186927 0.13816 0)
(-0.0328122 0.1729 0)
(-0.0476622 0.197447 0)
(-0.0620495 0.213344 0)
(-0.0751695 0.222217 0)
(-0.0865489 0.225601 0)
(-0.0959808 0.224844 0)
(-0.10344 0.221075 0)
(-0.109014 0.215204 0)
(-0.112855 0.207943 0)
(-0.115146 0.199841 0)
(-0.116075 0.191307 0)
(-0.115826 0.182643 0)
(-0.114567 0.174068 0)
(-0.112451 0.165733 0)
(-0.109611 0.157743 0)
(-0.106162 0.150166 0)
(-0.102201 0.14304 0)
(-0.097814 0.136385 0)
(-0.0930693 0.130206 0)
(-0.0880262 0.124497 0)
(-0.0827335 0.119242 0)
(-0.077232 0.114422 0)
(-0.0715558 0.110012 0)
(-0.0657334 0.105982 0)
(-0.059789 0.102302 0)
(-0.0537436 0.0989377 0)
(-0.0476157 0.0958544 0)
(-0.0414222 0.093015 0)
(-0.035179 0.0903814 0)
(-0.028902 0.0879142 0)
(-0.0226071 0.0855729 0)
(-0.0163111 0.0833158 0)
(-0.010032 0.0811006 0)
(-0.00378958 0.0788841 0)
(0.0023946 0.0766222 0)
(0.00849665 0.0742704 0)
(0.0144902 0.0717836 0)
(0.0203462 0.0691162 0)
(0.0260327 0.0662224 0)
(0.0315146 0.063056 0)
(0.036754 0.0595706 0)
(0.0417093 0.0557193 0)
(0.0463359 0.0514551 0)
(0.0505859 0.0467301 0)
(0.0544077 0.0414962 0)
(0.0577465 0.0357037 0)
(0.060544 0.0293017 0)
(0.0627383 0.0222374 0)
(0.064264 0.0144549 0)
(0.0650525 0.00589504 0)
(0.0650315 -0.00350618 0)
(0.0641259 -0.0138187 0)
(0.0622577 -0.02512 0)
(0.0593471 -0.0374968 0)
(0.055313 -0.051047 0)
(0.0500756 -0.0658817 0)
(0.0435588 -0.0821272 0)
(0.0356946 -0.0999258 0)
(0.0264302 -0.119436 0)
(0.015737 -0.14083 0)
(0.00362526 -0.164285 0)
(-0.00983642 -0.189967 0)
(-0.0244947 -0.218001 0)
(-0.0400773 -0.248427 0)
(-0.0561522 -0.281121 0)
(-0.0720836 -0.315684 0)
(-0.0869936 -0.351301 0)
(-0.0997469 -0.386545 0)
(-0.108981 -0.419183 0)
(-0.113221 -0.445995 0)
(-0.111102 -0.462704 0)
(-0.101739 -0.464127 0)
(-0.0851907 -0.444635 0)
(-0.0628846 -0.399008 0)
(-0.0378755 -0.323522 0)
(-0.0154229 -0.216924 0)
(-0.00283037 -0.0808742 0)
(-0.00148173 0.0382375 0)
(-0.0084414 0.101939 0)
(-0.0214024 0.151626 0)
(-0.0368703 0.18787 0)
(-0.052523 0.212332 0)
(-0.0670246 0.227067 0)
(-0.0795643 0.234139 0)
(-0.0897449 0.235419 0)
(-0.097475 0.232492 0)
(-0.102854 0.226635 0)
(-0.106088 0.218843 0)
(-0.107429 0.20987 0)
(-0.10714 0.200275 0)
(-0.105475 0.190461 0)
(-0.102662 0.180713 0)
(-0.0989066 0.171229 0)
(-0.0943823 0.162139 0)
(-0.0892377 0.153525 0)
(-0.0835969 0.145434 0)
(-0.0775622 0.137888 0)
(-0.0712176 0.130891 0)
(-0.0646314 0.124434 0)
(-0.0578587 0.118499 0)
(-0.0509437 0.113062 0)
(-0.0439217 0.108095 0)
(-0.0368209 0.103566 0)
(-0.0296639 0.0994421 0)
(-0.0224688 0.0956877 0)
(-0.0152506 0.0922667 0)
(-0.00802215 0.0891417 0)
(-0.000794824 0.0862748 0)
(0.00642056 0.0836274 0)
(0.0136131 0.0811602 0)
(0.0207714 0.0788333 0)
(0.0278827 0.0766064 0)
(0.0349328 0.0744386 0)
(0.0419055 0.0722886 0)
(0.0487824 0.0701147 0)
(0.0555424 0.067875 0)
(0.0621614 0.065527 0)
(0.0686126 0.0630281 0)
(0.0748658 0.0603357 0)
(0.0808875 0.0574068 0)
(0.0866405 0.0541983 0)
(0.0920843 0.0506668 0)
(0.0971746 0.0467689 0)
(0.101863 0.0424603 0)
(0.106098 0.0376964 0)
(0.109824 0.0324314 0)
(0.112981 0.0266182 0)
(0.115505 0.0202077 0)
(0.117327 0.0131481 0)
(0.118376 0.00538397 0)
(0.118574 -0.0031447 0)
(0.11784 -0.0125042 0)
(0.116088 -0.0227684 0)
(0.113229 -0.0340215 0)
(0.109168 -0.0463595 0)
(0.10381 -0.0598939 0)
(0.0970572 -0.0747541 0)
(0.0888148 -0.0910906 0)
(0.0789948 -0.109078 0)
(0.0675243 -0.128913 0)
(0.0543571 -0.150817 0)
(0.0394923 -0.175022 0)
(0.0229993 -0.20175 0)
(0.00505439 -0.231177 0)
(-0.0140125 -0.263364 0)
(-0.0336602 -0.298152 0)
(-0.0530754 -0.335 0)
(-0.0711209 -0.372771 0)
(-0.0863218 -0.409468 0)
(-0.0969314 -0.441949 0)
(-0.101128 -0.465718 0)
(-0.097401 -0.474915 0)
(-0.0851234 -0.462692 0)
(-0.0651791 -0.422118 0)
(-0.0405018 -0.347571 0)
(-0.0169659 -0.236261 0)
(-0.00321955 -0.0892474 0)
(-0.00183347 0.0429608 0)
(-0.0100813 0.113337 0)
(-0.0249226 0.166659 0)
(-0.0419181 0.203945 0)
(-0.058265 0.227598 0)
(-0.0725134 0.240379 0)
(-0.0839158 0.24492 0)
(-0.0922269 0.243492 0)
(-0.0975377 0.237937 0)
(-0.100124 0.229674 0)
(-0.100344 0.219766 0)
(-0.0985693 0.208986 0)
(-0.0951568 0.197879 0)
(-0.0904255 0.186824 0)
(-0.0846515 0.176071 0)
(-0.0780678 0.165785 0)
(-0.0708669 0.156063 0)
(-0.0632061 0.146957 0)
(-0.0552114 0.13849 0)
(-0.0469834 0.13066 0)
(-0.0386008 0.123454 0)
(-0.0301251 0.116848 0)
(-0.021603 0.11081 0)
(-0.0130702 0.105306 0)
(-0.00455281 0.1003 0)
(0.00392976 0.0957548 0)
(0.0123637 0.0916307 0)
(0.0207392 0.0878893 0)
(0.0290491 0.0844918 0)
(0.0372883 0.0813992 0)
(0.0454521 0.0785729 0)
(0.0535363 0.075974 0)
(0.061536 0.0735638 0)
(0.0694453 0.0713037 0)
(0.0772566 0.0691547 0)
(0.0849603 0.067078 0)
(0.0925445 0.0650346 0)
(0.0999945 0.0629855 0)
(0.107293 0.0608915 0)
(0.114418 0.0587134 0)
(0.121347 0.0564119 0)
(0.128051 0.0539477 0)
(0.134499 0.0512815 0)
(0.140655 0.048374 0)
(0.14648 0.0451855 0)
(0.151931 0.0416765 0)
(0.156961 0.0378068 0)
(0.161518 0.0335358 0)
(0.165546 0.0288219 0)
(0.168984 0.0236224 0)
(0.171767 0.0178926 0)
(0.173826 0.0115854 0)
(0.175085 0.00465023 0)
(0.175465 -0.00296807 0)
(0.17488 -0.0113306 0)
(0.173237 -0.0205061 0)
(0.17044 -0.0305735 0)
(0.166384 -0.0416243 0)
(0.16096 -0.0537661 0)
(0.154054 -0.0671263 0)
(0.145547 -0.0818567 0)
(0.13532 -0.0981377 0)
(0.12326 -0.116183 0)
(0.109266 -0.136241 0)
(0.0932669 -0.158594 0)
(0.0752446 -0.183545 0)
(0.055266 -0.211393 0)
(0.033534 -0.242378 0)
(0.0104536 -0.276588 0)
(-0.0132864 -0.3138 0)
(-0.0366256 -0.353254 0)
(-0.0580634 -0.393325 0)
(-0.0756547 -0.431144 0)
(-0.0871419 -0.462206 0)
(-0.0903153 -0.480142 0)
(-0.0836629 -0.476884 0)
(-0.0672172 -0.443507 0)
(-0.0434875 -0.371892 0)
(-0.0188885 -0.25694 0)
(-0.00373467 -0.0985575 0)
(-0.0023544 0.0487038 0)
(-0.0123523 0.126701 0)
(-0.0295362 0.183556 0)
(-0.0481701 0.221115 0)
(-0.0648989 0.242914 0)
(-0.0782466 0.252701 0)
(-0.0876547 0.253823 0)
(-0.0931454 0.249013 0)
(-0.0950818 0.240365 0)
(-0.0939762 0.229421 0)
(-0.0903713 0.217272 0)
(-0.0847787 0.204672 0)
(-0.0776493 0.192123 0)
(-0.069365 0.17995 0)
(-0.0602395 0.168352 0)
(-0.0505249 0.157443 0)
(-0.0404209 0.147277 0)
(-0.0300827 0.13787 0)
(-0.019629 0.129212 0)
(-0.00914969 0.121279 0)
(0.0012892 0.114034 0)
(0.01164 0.107438 0)
(0.0218694 0.101445 0)
(0.0319557 0.0960132 0)
(0.0418855 0.0910963 0)
(0.0516518 0.0866509 0)
(0.0612525 0.0826338 0)
(0.0706883 0.0790033 0)
(0.0799622 0.0757185 0)
(0.089078 0.0727396 0)
(0.0980396 0.0700275 0)
(0.10685 0.0675441 0)
(0.115512 0.0652516 0)
(0.124026 0.0631131 0)
(0.13239 0.0610916 0)
(0.1406 0.0591509 0)
(0.148648 0.0572545 0)
(0.156524 0.0553667 0)
(0.164215 0.0534513 0)
(0.171704 0.0514728 0)
(0.178968 0.0493956 0)
(0.185985 0.0471841 0)
(0.192723 0.0448029 0)
(0.199151 0.0422168 0)
(0.20523 0.0393903 0)
(0.21092 0.036288 0)
(0.216174 0.0328741 0)
(0.220941 0.0291126 0)
(0.225166 0.0249664 0)
(0.228789 0.0203976 0)
(0.231745 0.0153664 0)
(0.233962 0.00983101 0)
(0.235366 0.00374631 0)
(0.235873 -0.00293694 0)
(0.235395 -0.0102736 0)
(0.233837 -0.0183258 0)
(0.231097 -0.0271654 0)
(0.227062 -0.0368767 0)
(0.221614 -0.0475599 0)
(0.214625 -0.0593357 0)
(0.205956 -0.0723505 0)
(0.195465 -0.0867828 0)
(0.183001 -0.10285 0)
(0.168416 -0.120813 0)
(0.151574 -0.140987 0)
(0.132366 -0.163731 0)
(0.110745 -0.189444 0)
(0.0867693 -0.218523 0)
(0.0606716 -0.251295 0)
(0.0329555 -0.287875 0)
(0.00451459 -0.327939 0)
(-0.0232399 -0.370377 0)
(-0.0482852 -0.412806 0)
(-0.0680112 -0.451004 0)
(-0.0794915 -0.478382 0)
(-0.0801387 -0.485798 0)
(-0.0687484 -0.462139 0)
(-0.0469256 -0.396093 0)
(-0.0213807 -0.279147 0)
(-0.00445469 -0.10908 0)
(-0.00315664 0.0559031 0)
(-0.0155656 0.142634 0)
(-0.0356045 0.202598 0)
(-0.0557873 0.239171 0)
(-0.0722024 0.257639 0)
(-0.0835497 0.263099 0)
(-0.089671 0.259773 0)
(-0.0910212 0.250879 0)
(-0.0883452 0.238735 0)
(-0.082452 0.224939 0)
(-0.0740963 0.210551 0)
(-0.0639295 0.196252 0)
(-0.0524878 0.182458 0)
(-0.0401983 0.169409 0)
(-0.027393 0.157229 0)
(-0.0143245 0.145966 0)
(-0.00118148 0.135621 0)
(0.0118984 0.126167 0)
(0.0248169 0.117559 0)
(0.0375068 0.109744 0)
(0.0499239 0.102667 0)
(0.0620422 0.0962696 0)
(0.0738486 0.0904959 0)
(0.0853402 0.085292 0)
(0.096521 0.0806061 0)
(0.1074 0.0763895 0)
(0.117989 0.0725957 0)
(0.128301 0.0691809 0)
(0.138352 0.0661033 0)
(0.148157 0.0633228 0)
(0.157727 0.0608013 0)
(0.167075 0.0585018 0)
(0.176212 0.0563885 0)
(0.185144 0.0544264 0)
(0.193876 0.0525816 0)
(0.202409 0.0508205 0)
(0.210742 0.0491101 0)
(0.218869 0.047418 0)
(0.226779 0.045712 0)
(0.234461 0.0439602 0)
(0.241896 0.042131 0)
(0.249062 0.0401931 0)
(0.255934 0.0381153 0)
(0.26248 0.0358667 0)
(0.268666 0.0334162 0)
(0.274452 0.0307331 0)
(0.279794 0.0277861 0)
(0.284643 0.0245438 0)
(0.288944 0.0209744 0)
(0.292638 0.0170448 0)
(0.295661 0.0127207 0)
(0.297943 0.0079658 0)
(0.299409 0.00274118 0)
(0.299974 -0.00299596 0)
(0.29955 -0.00929337 0)
(0.298041 -0.0162055 0)
(0.295339 -0.0237957 0)
(0.291331 -0.0321388 0)
(0.28589 -0.041325 0)
(0.278879 -0.0514642 0)
(0.270148 -0.0626918 0)
(0.259531 -0.075176 0)
(0.246853 -0.0891265 0)
(0.231923 -0.104804 0)
(0.214547 -0.122531 0)
(0.194536 -0.142701 0)
(0.171729 -0.165775 0)
(0.146029 -0.192277 0)
(0.117473 -0.222736 0)
(0.0863255 -0.257594 0)
(0.0532187 -0.296995 0)
(0.0193367 -0.340447 0)
(-0.0133943 -0.386283 0)
(-0.04218 -0.430913 0)
(-0.0634573 -0.467967 0)
(-0.0734363 -0.487599 0)
(-0.0692381 -0.476509 0)
(-0.0508547 -0.419486 0)
(-0.0247288 -0.303088 0)
(-0.00551895 -0.121252 0)
(-0.0044426 0.0652495 0)
(-0.0202021 0.161908 0)
(-0.0435377 0.223921 0)
(-0.0647055 0.257498 0)
(-0.0794234 0.270598 0)
(-0.0869677 0.270102 0)
(-0.0879108 0.261224 0)
(-0.0833538 0.247629 0)
(-0.074536 0.231754 0)
(-0.0626052 0.215143 0)
(-0.0485252 0.19873 0)
(-0.0330623 0.183051 0)
(-0.016803 0.168385 0)
(-0.000183271 0.154853 0)
(0.0164808 0.142478 0)
(0.0329662 0.131233 0)
(0.0491206 0.121057 0)
(0.0648447 0.111875 0)
(0.0800781 0.103607 0)
(0.0947893 0.0961754 0)
(0.108967 0.0895022 0)
(0.122615 0.0835161 0)
(0.135748 0.0781504 0)
(0.148386 0.0733436 0)
(0.160554 0.0690393 0)
(0.172281 0.0651855 0)
(0.183594 0.0617342 0)
(0.194522 0.058641 0)
(0.205094 0.0558646 0)
(0.215333 0.0533663 0)
(0.225264 0.0511096 0)
(0.234908 0.0490597 0)
(0.244283 0.0471836 0)
(0.253402 0.0454495 0)
(0.262277 0.0438266 0)
(0.270915 0.0422849 0)
(0.279319 0.0407954 0)
(0.287487 0.0393294 0)
(0.295415 0.0378589 0)
(0.303093 0.0363563 0)
(0.310507 0.0347943 0)
(0.317638 0.0331461 0)
(0.324463 0.0313848 0)
(0.330955 0.0294843 0)
(0.337081 0.0274181 0)
(0.342803 0.0251601 0)
(0.34808 0.022684 0)
(0.352864 0.0199635 0)
(0.357105 0.0169715 0)
(0.360743 0.0136804 0)
(0.363717 0.0100616 0)
(0.365958 0.00608467 0)
(0.367392 0.00171689 0)
(0.367937 -0.00307757 0)
(0.367504 -0.00833887 0)
(0.365998 -0.014113 0)
(0.363312 -0.0204537 0)
(0.359331 -0.0274252 0)
(0.353925 -0.0351052 0)
(0.346954 -0.0435897 0)
(0.338258 -0.0529987 0)
(0.327661 -0.0634833 0)
(0.314966 -0.0752356 0)
(0.299953 -0.0885006 0)
(0.282381 -0.10359 0)
(0.261991 -0.120899 0)
(0.238519 -0.140918 0)
(0.21172 -0.164242 0)
(0.181421 -0.191555 0)
(0.147609 -0.223569 0)
(0.110573 -0.26088 0)
(0.0711195 -0.303669 0)
(0.0308543 -0.351169 0)
(-0.00751596 -0.400807 0)
(-0.0400236 -0.447021 0)
(-0.0617006 -0.479921 0)
(-0.0675878 -0.484403 0)
(-0.05511 -0.440836 0)
(-0.0293348 -0.328909 0)
(-0.0071715 -0.135777 0)
(-0.0065779 0.0778647 0)
(-0.0269791 0.185427 0)
(-0.0536381 0.247221 0)
(-0.0742097 0.274688 0)
(-0.0846696 0.279741 0)
(-0.0855845 0.271465 0)
(-0.0787151 0.256049 0)
(-0.0660338 0.237423 0)
(-0.0493447 0.217932 0)
(-0.0301154 0.198894 0)
(-0.00945893 0.180988 0)
(0.0118167 0.16452 0)
(0.0331456 0.149575 0)
(0.0541449 0.136126 0)
(0.0745659 0.124083 0)
(0.0942567 0.113331 0)
(0.113133 0.103748 0)
(0.13116 0.0952147 0)
(0.148332 0.0876195 0)
(0.164668 0.0808604 0)
(0.1802 0.0748456 0)
(0.19497 0.0694929 0)
(0.209024 0.0647291 0)
(0.22241 0.0604889 0)
(0.235178 0.056714 0)
(0.247376 0.0533522 0)
(0.25905 0.0503561 0)
(0.270243 0.0476832 0)
(0.280995 0.0452942 0)
(0.291345 0.0431532 0)
(0.301325 0.0412269 0)
(0.310963 0.039484 0)
(0.320287 0.0378952 0)
(0.329315 0.0364323 0)
(0.338066 0.0350689 0)
(0.34655 0.033779 0)
(0.354776 0.0325378 0)
(0.362747 0.0313213 0)
(0.370462 0.0301057 0)
(0.377913 0.0288681 0)
(0.385091 0.0275857 0)
(0.39198 0.0262363 0)
(0.39856 0.0247981 0)
(0.404805 0.0232492 0)
(0.410687 0.0215682 0)
(0.41617 0.0197338 0)
(0.421215 0.0177247 0)
(0.425779 0.0155193 0)
(0.42981 0.0130961 0)
(0.433256 0.0104327 0)
(0.436055 0.00750604 0)
(0.438142 0.00429167 0)
(0.439446 0.00076335 0)
(0.439889 -0.00310772 0)
(0.439383 -0.00735393 0)
(0.437836 -0.0120125 0)
(0.435145 -0.0171271 0)
(0.431195 -0.0227502 0)
(0.425859 -0.0289461 0)
(0.418997 -0.0357946 0)
(0.410448 -0.0433967 0)
(0.40003 -0.0518814 0)
(0.387537 -0.0614154 0)
(0.37273 -0.0722152 0)
(0.355335 -0.0845636 0)
(0.335041 -0.0988291 0)
(0.311501 -0.11549 0)
(0.284337 -0.135158 0)
(0.253179 -0.158594 0)
(0.217723 -0.186697 0)
(0.177854 -0.220431 0)
(0.133864 -0.26062 0)
(0.0867884 -0.307495 0)
(0.0388691 -0.359842 0)
(-0.00596338 -0.41359 0)
(-0.0418685 -0.459816 0)
(-0.0616145 -0.482584 0)
(-0.0589572 -0.457902 0)
(-0.035666 -0.356456 0)
(-0.00981799 -0.153773 0)
(-0.0101868 0.0955677 0)
(-0.0368249 0.213979 0)
(-0.0655588 0.271126 0)
(-0.0819246 0.287889 0)
(-0.0836936 0.281683 0)
(-0.073834 0.263952 0)
(-0.0557915 0.24152 0)
(-0.0325298 0.218158 0)
(-0.00634689 0.195777 0)
(0.0211164 0.175226 0)
(0.0487555 0.156786 0)
(0.0758616 0.140446 0)
(0.102004 0.126062 0)
(0.126941 0.113441 0)
(0.150559 0.102377 0)
(0.172823 0.092676 0)
(0.193752 0.0841637 0)
(0.213399 0.0766856 0)
(0.231831 0.0701076 0)
(0.249128 0.0643143 0)
(0.265373 0.0592062 0)
(0.280649 0.0546977 0)
(0.295036 0.0507147 0)
(0.308613 0.0471931 0)
(0.321451 0.044077 0)
(0.333619 0.0413171 0)
(0.34518 0.0388701 0)
(0.35619 0.0366973 0)
(0.366702 0.0347639 0)
(0.376761 0.0330385 0)
(0.386411 0.0314921 0)
(0.395686 0.0300983 0)
(0.404617 0.0288323 0)
(0.413231 0.0276708 0)
(0.421549 0.0265917 0)
(0.429586 0.0255742 0)
(0.437355 0.024598 0)
(0.44486 0.0236438 0)
(0.452104 0.0226927 0)
(0.459084 0.0217264 0)
(0.465791 0.020727 0)
(0.472213 0.0196771 0)
(0.478332 0.0185593 0)
(0.484126 0.0173569 0)
(0.489568 0.0160531 0)
(0.494626 0.0146315 0)
(0.499265 0.0130755 0)
(0.503443 0.0113687 0)
(0.507113 0.00949441 0)
(0.510226 0.00743565 0)
(0.512725 0.00517477 0)
(0.514548 0.00269318 0)
(0.515627 -2.91158e-05 0)
(0.51589 -0.00301404 0)
(0.515255 -0.00628632 0)
(0.513634 -0.00987446 0)
(0.510929 -0.0138121 0)
(0.507032 -0.0181398 0)
(0.501822 -0.0229077 0)
(0.495163 -0.0281785 0)
(0.486898 -0.0340323 0)
(0.476851 -0.0405728 0)
(0.464814 -0.0479354 0)
(0.450542 -0.056299 0)
(0.433749 -0.065902 0)
(0.414092 -0.0770632 0)
(0.391165 -0.0902096 0)
(0.364495 -0.105911 0)
(0.333543 -0.124921 0)
(0.297736 -0.148207 0)
(0.256543 -0.176957 0)
(0.209653 -0.212498 0)
(0.157296 -0.256005 0)
(0.100802 -0.307811 0)
(0.0433918 -0.36599 0)
(-0.00896758 -0.423884 0)
(-0.0471122 -0.466492 0)
(-0.060236 -0.466713 0)
(-0.0439063 -0.384662 0)
(-0.0140233 -0.176892 0)
(-0.0161277 0.121299 0)
(-0.0503216 0.247434 0)
(-0.0766395 0.291883 0)
(-0.0815071 0.291806 0)
(-0.0675941 0.271246 0)
(-0.0415788 0.243331 0)
(-0.00879138 0.214593 0)
(0.0270575 0.187905 0)
(0.0635472 0.164265 0)
(0.0992181 0.143799 0)
(0.13326 0.126266 0)
(0.165277 0.1113 0)
(0.19512 0.098526 0)
(0.222792 0.0876007 0)
(0.248378 0.0782284 0)
(0.272005 0.0701608 0)
(0.293822 0.0631925 0)
(0.31398 0.0571541 0)
(0.332629 0.0519057 0)
(0.349911 0.0473319 0)
(0.365959 0.0433366 0)
(0.380897 0.0398398 0)
(0.394835 0.0367738 0)
(0.407876 0.0340815 0)
(0.420112 0.0317139 0)
(0.431627 0.0296291 0)
(0.442496 0.0277903 0)
(0.452785 0.0261655 0)
(0.462555 0.0247263 0)
(0.471858 0.0234473 0)
(0.480741 0.0223055 0)
(0.489242 0.0212801 0)
(0.497398 0.0203516 0)
(0.505236 0.0195023 0)
(0.51278 0.0187153 0)
(0.520049 0.0179747 0)
(0.527054 0.0172653 0)
(0.533804 0.0165726 0)
(0.540304 0.0158827 0)
(0.54655 0.0151821 0)
(0.552538 0.0144575 0)
(0.558257 0.0136962 0)
(0.563691 0.0128857 0)
(0.568821 0.0120136 0)
(0.573623 0.011068 0)
(0.578069 0.0100369 0)
(0.582126 0.00890853 0)
(0.585756 0.00767107 0)
(0.588917 0.00631267 0)
(0.591564 0.00482122 0)
(0.593645 0.00318422 0)
(0.595104 0.00138853 0)
(0.59588 -0.000579996 0)
(0.595906 -0.00273688 0)
(0.595108 -0.00509965 0)
(0.593405 -0.00768858 0)
(0.590709 -0.0105277 0)
(0.58692 -0.0136462 0)
(0.581928 -0.0170802 0)
(0.575607 -0.0208756 0)
(0.567813 -0.0250912 0)
(0.55838 -0.0298038 0)
(0.547111 -0.0351149 0)
(0.533771 -0.0411606 0)
(0.518077 -0.0481248 0)
(0.499682 -0.0562586 0)
(0.478158 -0.0659075 0)
(0.452976 -0.0775488 0)
(0.423487 -0.0918421 0)
(0.388913 -0.109693 0)
(0.348359 -0.132321 0)
(0.300908 -0.161302 0)
(0.245848 -0.198499 0)
(0.183184 -0.245684 0)
(0.114581 -0.303455 0)
(0.0448485 -0.36875 0)
(-0.0162461 -0.430098 0)
(-0.0534813 -0.460518 0)
(-0.0526992 -0.410318 0)
(-0.0201446 -0.207485 0)
(-0.0247337 0.160111 0)
(-0.0652161 0.282415 0)
(-0.0772658 0.300445 0)
(-0.0576917 0.277 0)
(-0.0188439 0.241052 0)
(0.0285654 0.204791 0)
(0.0782208 0.172694 0)
(0.126662 0.145756 0)
(0.172169 0.123621 0)
(0.214052 0.105547 0)
(0.25218 0.0907708 0)
(0.286701 0.0786297 0)
(0.31789 0.0685861 0)
(0.346064 0.0602166 0)
(0.371544 0.0531917 0)
(0.39463 0.0472554 0)
(0.415597 0.0422085 0)
(0.434691 0.0378943 0)
(0.45213 0.0341891 0)
(0.468107 0.030994 0)
(0.482792 0.028229 0)
(0.496334 0.0258292 0)
(0.508865 0.0237411 0)
(0.520501 0.0219201 0)
(0.531344 0.020329 0)
(0.541485 0.0189359 0)
(0.551002 0.017714 0)
(0.559966 0.0166396 0)
(0.568438 0.0156923 0)
(0.576472 0.014854 0)
(0.584113 0.0141084 0)
(0.591401 0.013441 0)
(0.598372 0.0128384 0)
(0.605051 0.0122883 0)
(0.611463 0.0117792 0)
(0.617626 0.0113005 0)
(0.623552 0.0108418 0)
(0.629249 0.0103936 0)
(0.634721 0.00994644 0)
(0.639969 0.00949149 0)
(0.644986 0.00902004 0)
(0.649765 0.0085237 0)
(0.654292 0.00799428 0)
(0.658549 0.0074238 0)
(0.662517 0.00680443 0)
(0.66617 0.00612848 0)
(0.66948 0.00538834 0)
(0.672414 0.00457646 0)
(0.674935 0.00368526 0)
(0.677003 0.00270703 0)
(0.678573 0.00163383 0)
(0.679597 0.000457303 0)
(0.680021 -0.000831463 0)
(0.679788 -0.00224236 0)
(0.678833 -0.00378651 0)
(0.677087 -0.00547686 0)
(0.674473 -0.0073288 0)
(0.670905 -0.00936117 0)
(0.666287 -0.0115974 0)
(0.66051 -0.0140675 0)
(0.653448 -0.0168101 0)
(0.644954 -0.0198761 0)
(0.634855 -0.0233335 0)
(0.622939 -0.0272742 0)
(0.608948 -0.031824 0)
(0.592557 -0.0371576 0)
(0.573356 -0.0435201 0)
(0.550818 -0.0512598 0)
(0.524263 -0.0608757 0)
(0.492807 -0.0730889 0)
(0.455325 -0.0889414 0)
(0.410421 -0.109927 0)
(0.356497 -0.138121 0)
(0.292034 -0.176209 0)
(0.216374 -0.227057 0)
(0.131481 -0.291983 0)
(0.0449677 -0.366014 0)
(-0.026279 -0.428236 0)
(-0.055886 -0.425609 0)
(-0.0267497 -0.249041 0)
(-0.0315867 0.218095 0)
(-0.0678135 0.305726 0)
(-0.0393411 0.277777 0)
(0.0231338 0.228833 0)
(0.0944427 0.182771 0)
(0.163867 0.144999 0)
(0.227339 0.115743 0)
(0.283617 0.093507 0)
(0.33284 0.0765869 0)
(0.375713 0.0635845 0)
(0.413077 0.0534591 0)
(0.445739 0.0454598 0)
(0.474412 0.0390505 0)
(0.499699 0.0338474 0)
(0.522111 0.0295738 0)
(0.542071 0.0260276 0)
(0.559929 0.0230588 0)
(0.575982 0.0205547 0)
(0.590477 0.0184288 0)
(0.603623 0.0166144 0)
(0.615597 0.0150586 0)
(0.626551 0.0137195 0)
(0.636614 0.012563 0)
(0.645899 0.0115615 0)
(0.654502 0.010692 0)
(0.662506 0.00993536 0)
(0.669984 0.00927525 0)
(0.676999 0.00869783 0)
(0.683605 0.00819108 0)
(0.689849 0.00774446 0)
(0.695772 0.00734866 0)
(0.701408 0.00699534 0)
(0.706786 0.00667692 0)
(0.711929 0.00638649 0)
(0.716857 0.00611762 0)
(0.721585 0.00586434 0)
(0.726122 0.005621 0)
(0.730477 0.00538225 0)
(0.734651 0.005143 0)
(0.738645 0.00489833 0)
(0.742454 0.00464353 0)
(0.746069 0.00437402 0)
(0.749481 0.00408538 0)
(0.752676 0.0037733 0)
(0.755635 0.00343358 0)
(0.758338 0.00306209 0)
(0.760762 0.00265479 0)
(0.76288 0.00220765 0)
(0.764662 0.00171668 0)
(0.766077 0.00117779 0)
(0.767086 0.00058683 0)
(0.767653 -6.06143e-05 0)
(0.767732 -0.000769201 0)
(0.767279 -0.00154415 0)
(0.766243 -0.00239133 0)
(0.764567 -0.0033176 0)
(0.76219 -0.0043312 0)
(0.759045 -0.0054422 0)
(0.755055 -0.00666331 0)
(0.750134 -0.00801078 0)
(0.74418 -0.0095058 0)
(0.737077 -0.0111764 0)
(0.728683 -0.0130603 0)
(0.718826 -0.0152087 0)
(0.707295 -0.0176928 0)
(0.693817 -0.020612 0)
(0.678042 -0.0241084 0)
(0.659509 -0.0283877 0)
(0.637599 -0.0337535 0)
(0.611471 -0.0406615 0)
(0.57997 -0.0498086 0)
(0.541513 -0.0622769 0)
(0.493958 -0.0797611 0)
(0.434532 -0.104894 0)
(0.360072 -0.141576 0)
(0.268234 -0.194728 0)
(0.160347 -0.267685 0)
(0.0473174 -0.353602 0)
(-0.03495 -0.411796 0)
(-0.0249602 -0.300751 0)
(-0.0010203 0.269272 0)
(0.00160524 0.278565 0)
(0.109996 0.200764 0)
(0.226204 0.140551 0)
(0.322511 0.0995867 0)
(0.400328 0.0718419 0)
(0.463327 0.053169 0)
(0.514442 0.0405075 0)
(0.556236 0.0317233 0)
(0.590806 0.0254509 0)
(0.619753 0.0208405 0)
(0.644268 0.0173596 0)
(0.665246 0.0146678 0)
(0.683364 0.0125431 0)
(0.699144 0.010837 0)
(0.712991 0.0094473 0)
(0.725225 0.00830189 0)
(0.736103 0.00734863 0)
(0.745831 0.00654887 0)
(0.75458 0.00587342 0)
(0.762491 0.00529978 0)
(0.769682 0.00481036 0)
(0.776251 0.00439117 0)
(0.782282 0.00403093 0)
(0.787846 0.00372043 0)
(0.793005 0.00345205 0)
(0.79781 0.00321941 0)
(0.802306 0.00301709 0)
(0.80653 0.00284046 0)
(0.810517 0.00268547 0)
(0.814293 0.00254856 0)
(0.817881 0.00242658 0)
(0.821302 0.00231666 0)
(0.82457 0.0022162 0)
(0.827699 0.0021228 0)
(0.830698 0.00203422 0)
(0.833573 0.00194836 0)
(0.836328 0.00186323 0)
(0.838964 0.00177695 0)
(0.84148 0.0016877 0)
(0.843872 0.00159373 0)
(0.846135 0.00149338 0)
(0.848259 0.00138501 0)
(0.850235 0.00126705 0)
(0.85205 0.00113799 0)
(0.853688 0.000996323 0)
(0.855135 0.000840594 0)
(0.85637 0.000669363 0)
(0.857374 0.000481196 0)
(0.858123 0.000274642 0)
(0.858593 4.82143e-05 0)
(0.858757 -0.00019959 0)
(0.858586 -0.000470502 0)
(0.858048 -0.000766373 0)
(0.85711 -0.00108931 0)
(0.855732 -0.00144181 0)
(0.853876 -0.00182687 0)
(0.851494 -0.00224824 0)
(0.848536 -0.00271064 0)
(0.844943 -0.00322018 0)
(0.840648 -0.00378486 0)
(0.835573 -0.00441537 0)
(0.82962 -0.0051261 0)
(0.822675 -0.00593683 0)
(0.81459 -0.00687502 0)
(0.805178 -0.00797953 0)
(0.794193 -0.00930632 0)
(0.781307 -0.0109377 0)
(0.766067 -0.0129977 0)
(0.747839 -0.0156781 0)
(0.725715 -0.0192863 0)
(0.69836 -0.0243325 0)
(0.663774 -0.0317002 0)
(0.618925 -0.0429829 0)
(0.559281 -0.0611243 0)
(0.478561 -0.0914614 0)
(0.368428 -0.142703 0)
(0.221101 -0.224901 0)
(0.0658786 -0.328426 0)
(0.0268503 -0.317738 0)
(0.291502 0.144 0)
(0.379797 0.125836 0)
(0.534508 0.0766649 0)
(0.649275 0.0455721 0)
(0.719732 0.0278115 0)
(0.765903 0.0174952 0)
(0.798533 0.011469 0)
(0.822547 0.00790421 0)
(0.840813 0.00572475 0)
(0.855157 0.00433005 0)
(0.866725 0.00339328 0)
(0.876253 0.00273464 0)
(0.884234 0.00225256 0)
(0.89101 0.00188775 0)
(0.89683 0.00160427 0)
(0.901878 0.00137938 0)
(0.906294 0.00119807 0)
(0.910188 0.00105004 0)
(0.913644 0.000927956 0)
(0.916734 0.000826476 0)
(0.919513 0.000741573 0)
(0.922029 0.000670167 0)
(0.924318 0.000609849 0)
(0.926415 0.000558708 0)
(0.928345 0.000515204 0)
(0.930132 0.000478074 0)
(0.931795 0.000446275 0)
(0.933351 0.000418927 0)
(0.934813 0.000395279 0)
(0.936194 0.000374684 0)
(0.937503 0.000356574 0)
(0.938747 0.000340443 0)
(0.939935 0.000325838 0)
(0.941071 0.000312345 0)
(0.942159 0.000299581 0)
(0.943202 0.000287192 0)
(0.944201 0.000274843 0)
(0.945158 0.000262218 0)
(0.946071 0.000249017 0)
(0.94694 0.000234952 0)
(0.947762 0.000219748 0)
(0.948535 0.000203139 0)
(0.949255 0.000184872 0)
(0.949916 0.000164702 0)
(0.950514 0.000142391 0)
(0.951041 0.000117709 0)
(0.951493 9.04333e-05 0)
(0.951859 6.03442e-05 0)
(0.952133 2.7225e-05 0)
(0.952304 -9.14655e-06 0)
(0.952364 -4.90013e-05 0)
(0.952301 -9.25116e-05 0)
(0.952103 -0.000139993 0)
(0.95176 -0.000191728 0)
(0.951256 -0.000248041 0)
(0.950579 -0.000309329 0)
(0.949711 -0.000376085 0)
(0.948636 -0.000448929 0)
(0.947333 -0.00052866 0)
(0.945781 -0.000616324 0)
(0.943953 -0.000713306 0)
(0.941818 -0.000821468 0)
(0.939341 -0.000943343 0)
(0.936475 -0.00108242 0)
(0.933163 -0.00124359 0)
(0.929331 -0.00143379 0)
(0.924883 -0.00166311 0)
(0.919685 -0.00194659 0)
(0.913557 -0.00230729 0)
(0.906237 -0.00278198 0)
(0.89734 -0.00343216 0)
(0.886279 -0.00436692 0)
(0.872108 -0.00579381 0)
(0.85322 -0.00813749 0)
(0.826741 -0.0123171 0)
(0.787326 -0.0203741 0)
(0.723297 -0.0367593 0)
(0.607854 -0.0701376 0)
(0.431038 -0.127989 0)
(0.314625 -0.152338 0)
)
;

boundaryField
{
    movingWall
    {
        type            fixedValue;
        value           uniform (1 0 0);
    }
    fixedWalls
    {
        type            noSlip;
    }
    frontAndBack
    {
        type            empty;
    }
}


// ************************************************************************* //
