0.003125 	0.9999 	2.81997e-18 	3 	1.16304e-17 	0
0.009375 	0.9999 	6.28941e-18 	3 	-1.51452e-16 	0
0.015625 	0.9999 	7.67719e-18 	3 	-4.00117e-16 	0
0.021875 	0.9999 	9.06497e-18 	3 	1.34752e-16 	0
0.028125 	0.9999 	9.06497e-18 	3 	2.3272e-16 	0
0.034375 	0.9999 	9.06497e-18 	3 	3.21649e-16 	0
0.040625 	0.9999 	9.06497e-18 	3 	2.51408e-16 	0
0.046875 	0.9999 	1.21875e-17 	3 	1.59207e-16 	0
0.053125 	0.9999 	1.35753e-17 	3 	2.66003e-16 	0
0.059375 	0.9999 	1.18405e-17 	3 	3.79186e-16 	0
0.065625 	0.9999 	1.18405e-17 	3 	-4.49848e-17 	0
0.071875 	0.9999 	1.18405e-17 	3 	-4.61621e-16 	0
0.078125 	0.9999 	1.18405e-17 	3 	-2.81975e-16 	0
0.084375 	0.9999 	1.18405e-17 	3 	6.85168e-17 	0
0.090625 	0.9999 	1.18405e-17 	3 	2.91019e-16 	0
0.096875 	0.9999 	1.32283e-17 	3 	4.70889e-16 	0
0.103125 	0.9999 	1.80855e-17 	3 	4.76301e-16 	0
0.109375 	0.9999 	2.01672e-17 	3 	6.48148e-16 	0
0.115625 	0.9999 	1.87794e-17 	3 	9.10404e-16 	0
0.121875 	0.9999 	1.531e-17 	3 	9.44676e-16 	0
0.128125 	0.9999 	6.9833e-18 	3 	6.83354e-16 	0
0.134375 	0.9999 	2.12608e-18 	3 	-3.05063e-16 	0
0.140625 	0.9999 	7.38298e-19 	3 	-4.89224e-16 	0
0.146875 	0.9999 	-2.03726e-18 	3 	-3.32067e-16 	0
0.153125 	0.9999 	-3.42504e-18 	3 	-3.1147e-16 	0
0.159375 	0.9999 	-3.42504e-18 	3 	-2.38896e-16 	0
0.165625 	0.9999 	-3.42504e-18 	3 	-1.80179e-16 	0
0.171875 	0.9999 	-3.42504e-18 	3 	-9.93176e-17 	0
0.178125 	0.9999 	-4.81282e-18 	3 	-8.79579e-17 	0
0.184375 	0.9999 	-6.2006e-18 	3 	-3.23707e-16 	0
0.190625 	0.9999 	-6.2006e-18 	3 	-9.58745e-16 	0
0.196875 	0.9999 	-6.2006e-18 	3 	-1.34289e-15 	0
0.203125 	0.9999 	-6.2006e-18 	3 	-1.58432e-15 	0
0.209375 	0.9999 	-6.2006e-18 	3 	-1.0437e-15 	0
0.215625 	0.9999 	-2.73115e-18 	3 	1.26391e-16 	0
0.221875 	0.9999 	3.8608e-18 	3 	3.32941e-16 	0
0.228125 	0.9999 	8.37108e-18 	3 	3.32179e-16 	0
0.234375 	0.9999 	6.63636e-18 	3 	-3.07065e-16 	0
0.240625 	0.9999 	3.51386e-18 	3 	-4.31048e-16 	0
0.246875 	0.9999 	3.51386e-18 	3 	-1.18866e-15 	0
0.253125 	0.9999 	3.51386e-18 	3 	-1.16217e-15 	0
0.259375 	0.9999 	3.51386e-18 	3 	-1.3535e-15 	0
0.265625 	0.9999 	3.51386e-18 	3 	-1.56338e-15 	0
0.271875 	0.9999 	5.24858e-18 	3 	-1.42321e-15 	0
0.278125 	0.9999 	6.9833e-18 	3 	-1.07912e-15 	0
0.284375 	0.9999 	6.9833e-18 	3 	9.81251e-17 	0
0.290625 	0.9999 	6.9833e-18 	3 	3.82756e-16 	0
0.296875 	0.9999 	6.9833e-18 	3 	5.52449e-16 	0
0.303125 	0.9999 	1.04527e-17 	3 	8.14128e-16 	0
0.309375 	0.9999 	1.39222e-17 	3 	5.70235e-16 	0
0.315625 	0.9999 	1.39222e-17 	3 	1.52879e-16 	0
0.321875 	0.9999 	1.39222e-17 	3 	-3.45258e-16 	0
0.328125 	0.9999 	1.39222e-17 	3 	-2.15438e-16 	0
0.334375 	0.9999 	1.39222e-17 	3 	-1.39275e-15 	0
0.340625 	0.9999 	1.39222e-17 	3 	-1.63495e-15 	0
0.346875 	0.9999 	1.39222e-17 	3 	-4.97221e-16 	0
0.353125 	0.9999 	1.39222e-17 	3 	3.65202e-16 	0
0.359375 	0.9999 	1.531e-17 	3 	7.73209e-16 	0
0.365625 	0.9999 	1.66978e-17 	3 	9.89603e-16 	0
0.371875 	0.9999 	1.66978e-17 	3 	9.72448e-16 	0
0.378125 	0.9999 	1.66978e-17 	3 	1.82612e-15 	0
0.384375 	0.9999 	1.66978e-17 	3 	3.28827e-15 	0
0.390625 	0.9999 	1.66978e-17 	3 	9.91378e-16 	0
0.396875 	0.9999 	1.531e-17 	3 	2.11619e-16 	0
0.403125 	0.9999 	1.39222e-17 	3 	-5.65735e-16 	0
0.409375 	0.9999 	1.39222e-17 	3 	-9.88646e-16 	0
0.415625 	0.9999 	1.531e-17 	3 	-6.40376e-16 	0
0.421875 	0.9999 	1.66978e-17 	3 	-2.58049e-16 	0
0.428125 	0.9999 	1.66978e-17 	3 	-7.19171e-16 	0
0.434375 	0.9999 	1.66978e-17 	3 	-1.03304e-15 	0
0.440625 	0.9999 	1.66978e-17 	3 	-1.60282e-15 	0
0.446875 	0.9999 	1.66978e-17 	3 	-1.70205e-15 	0
0.453125 	0.9999 	1.66978e-17 	3 	-1.66211e-15 	0
0.459375 	0.9999 	1.66978e-17 	3 	-1.66206e-15 	0
0.465625 	0.9999 	1.80855e-17 	3 	-1.91405e-15 	0
0.471875 	0.9999 	1.94733e-17 	3 	-1.50232e-15 	0
0.478125 	0.9999 	1.94733e-17 	3 	-2.44781e-16 	0
0.484375 	0.9999 	1.94733e-17 	3 	3.1696e-16 	0
0.490625 	0.9999 	1.94733e-17 	3 	2.19193e-16 	0
0.496875 	0.9999 	1.94733e-17 	3 	-4.44213e-16 	0
0.503125 	0.9999 	1.94733e-17 	3 	-4.77078e-16 	0
0.509375 	0.9999 	1.94733e-17 	3 	-6.05806e-16 	0
0.515625 	0.9999 	2.08611e-17 	3 	-1.68275e-16 	0
0.521875 	0.9999 	2.22489e-17 	3 	6.18329e-16 	0
0.528125 	0.9999 	2.22489e-17 	3 	3.81176e-16 	0
0.534375 	0.9999 	2.22489e-17 	3 	3.84731e-16 	0
0.540625 	0.9999 	2.22489e-17 	3 	1.4435e-16 	0
0.546875 	0.9999 	2.22489e-17 	3 	3.26666e-16 	0
0.553125 	0.9999 	2.22489e-17 	3 	1.1286e-15 	0
0.559375 	0.9999 	2.57183e-17 	3 	-4.78154e-16 	0
0.565625 	0.9999 	2.91878e-17 	3 	-8.56036e-16 	0
0.571875 	0.9999 	2.91878e-17 	3 	-6.59287e-16 	0
0.578125 	0.9999 	3.05755e-17 	3 	-2.88521e-16 	0
0.584375 	0.9999 	3.19633e-17 	3 	1.0087e-15 	0
0.590625 	0.9999 	3.33511e-17 	3 	2.25609e-15 	0
0.596875 	0.9999 	3.47389e-17 	1.69242 	0.000756924 	0
0.603125 	0.9999 	3.47389e-17 	0.792605 	-0.000739908 	0
0.609375 	0.9999 	3.47389e-17 	0.753533 	-5.82589e-05 	0
0.615625 	0.9999 	3.47389e-17 	0.757079 	9.35611e-05 	0
0.621875 	0.9999 	3.47389e-17 	0.758616 	0.000397325 	0
0.628125 	0.9999 	3.47389e-17 	0.76108 	0.00102742 	0
0.634375 	0.9999 	3.47389e-17 	0.765645 	0.00219024 	0
0.640625 	0.9999 	3.47389e-17 	0.774171 	0.0040399 	0
0.646875 	0.9999 	3.47389e-17 	0.78684 	0.00628947 	0
0.653125 	0.9999 	3.47389e-17 	0.803812 	0.00792547 	0
0.659375 	0.9999 	3.47389e-17 	0.822822 	0.00819694 	0
0.665625 	0.9999 	3.47389e-17 	0.841403 	0.00741181 	0
0.671875 	0.9999 	3.33511e-17 	0.857871 	0.00585478 	0
0.678125 	0.9999 	3.19633e-17 	0.871015 	0.0043319 	0
0.684375 	0.9999 	3.05755e-17 	0.881658 	0.00352745 	0
0.690625 	0.9999 	2.91878e-17 	0.890884 	0.00299794 	0
0.696875 	0.9999 	2.91878e-17 	0.898967 	0.0024399 	0
0.703125 	0.9999 	2.91878e-17 	0.906449 	0.00204191 	0
0.709375 	0.9999 	2.91878e-17 	0.91309 	0.00160256 	0
0.715625 	0.9999 	2.91878e-17 	0.918722 	0.00135274 	0
0.721875 	0.9999 	2.91878e-17 	0.923899 	0.000968044 	0
0.728125 	0.9999 	2.91878e-17 	0.928894 	0.000772833 	0
0.734375 	0.9999 	2.91878e-17 	0.933516 	0.000878522 	0
0.740625 	0.9999 	2.91878e-17 	0.938282 	0.00105026 	0
0.746875 	0.9999 	2.91878e-17 	0.943375 	0.00127987 	0
0.753125 	0.9999 	2.91878e-17 	0.948752 	0.00173382 	0
0.759375 	0.9999 	2.91878e-17 	0.955104 	0.00257321 	0
0.765625 	0.9999 	2.91878e-17 	0.963319 	0.00382174 	0
0.771875 	0.9999 	2.91878e-17 	0.97414 	0.00524522 	0
0.778125 	0.9999 	2.91878e-17 	0.987777 	0.00652712 	0
0.784375 	0.9999 	2.91878e-17 	1.00393 	0.00743191 	0
0.790625 	0.9999 	2.91878e-17 	1.02179 	0.00785356 	0
0.796875 	0.9999 	2.91878e-17 	1.04036 	0.00787924 	0
0.803125 	0.9999 	2.91878e-17 	1.05878 	0.0074894 	0
0.809375 	0.9999 	2.91878e-17 	1.0758 	0.00671663 	0
0.815625 	0.9999 	2.91878e-17 	1.09045 	0.00494267 	0
0.821875 	0.9999 	2.78e-17 	1.10292 	0.00283498 	0
0.828125 	0.9999 	2.64122e-17 	1.11323 	0.00177037 	0
0.834375 	0.9999 	2.64122e-17 	1.12122 	0.00153919 	0
0.840625 	0.9999 	2.64122e-17 	1.12859 	0.00154837 	0
0.846875 	0.9999 	2.64122e-17 	1.13565 	0.00159089 	0
0.853125 	0.9999 	2.64122e-17 	1.14234 	0.00152028 	0
0.859375 	0.9999 	2.64122e-17 	1.1486 	0.00127284 	0
0.865625 	0.9999 	2.64122e-17 	1.15452 	0.000904351 	0
0.871875 	0.9999 	2.64122e-17 	1.16033 	0.000483096 	0
0.878125 	0.9999 	2.64122e-17 	1.16586 	3.35562e-05 	0
0.884375 	0.9999 	2.64122e-17 	1.17204 	-0.000160765 	0
0.890625 	0.9999 	2.64122e-17 	1.17895 	-8.2964e-05 	0
0.896875 	0.9999 	2.64122e-17 	1.18631 	0.000154358 	0
0.903125 	0.9999 	2.64122e-17 	1.19471 	0.000548821 	0
0.909375 	0.9999 	2.64122e-17 	1.2048 	0.00118342 	0
0.915625 	0.9999 	2.64122e-17 	1.21688 	0.00210399 	0
0.921875 	0.9999 	2.64122e-17 	1.23077 	0.00334034 	0
0.928125 	0.9999 	2.64122e-17 	1.24616 	0.00454877 	0
0.934375 	0.9999 	2.64122e-17 	1.26291 	0.00557402 	0
0.940625 	0.9999 	2.64122e-17 	1.28037 	0.00638055 	0
0.946875 	0.9999 	2.64122e-17 	1.29755 	0.00648298 	0
0.953125 	0.9999 	2.64122e-17 	1.3136 	0.00545813 	0
0.959375 	0.9999 	2.64122e-17 	1.32723 	0.00373161 	0
0.965625 	0.9999 	2.64122e-17 	1.33812 	0.00230385 	0
0.971875 	0.9999 	2.64122e-17 	1.3484 	0.00133617 	0
0.978125 	0.9999 	2.64122e-17 	1.3594 	0.000331576 	0
0.984375 	0.9999 	2.64122e-17 	1.37183 	-0.000838188 	0
0.990625 	0.9999 	2.29428e-17 	1.38353 	-0.00147908 	0
0.996875 	0.9999 	1.94733e-17 	1.39325 	-0.00177058 	0
1.00313 	0.9999 	1.80855e-17 	1.40249 	-0.00175422 	0
1.00938 	0.9999 	1.46161e-17 	1.41135 	-0.00130942 	0
1.01562 	0.9999 	1.42691e-17 	1.41967 	-0.000629605 	0
1.02188 	0.9999 	1.25344e-17 	1.42738 	0.000150804 	0
1.02812 	0.9999 	7.67719e-18 	1.43455 	0.000737058 	0
1.03438 	0.9999 	2.81997e-18 	1.44138 	0.000913822 	0
1.04062 	0.9999 	7.38298e-19 	1.44751 	0.000564958 	0
1.04687 	0.9999 	3.91354e-19 	1.45241 	-0.000711488 	0
1.05312 	0.9999 	-4.46587e-18 	1.45793 	-0.00198535 	0
1.05937 	0.9999 	-5.85365e-18 	1.46564 	-0.00240334 	0
1.06562 	0.9999 	-2.73115e-18 	1.47404 	-0.0024066 	0
1.07187 	0.9999 	-1.34337e-18 	1.4838 	-0.00215554 	0
1.07812 	0.9999 	-1.34337e-18 	1.49544 	-0.00114844 	0
1.08437 	0.9999 	-9.96425e-19 	1.50812 	0.00073026 	0
1.09062 	0.9999 	-6.4948e-19 	1.51973 	0.00210965 	0
1.09687 	0.9999 	-2.3842e-18 	1.52969 	0.00261306 	0
1.10312 	0.9999 	-4.11893e-18 	1.53927 	0.00260595 	0
1.10937 	0.9999 	-5.85365e-18 	1.54836 	0.00189051 	0
1.11562 	0.9999 	-7.93532e-18 	1.55814 	0.000901749 	0
1.12187 	0.9999 	-5.15976e-18 	1.56868 	-5.11459e-05 	0
1.12812 	0.9999 	-2.03726e-18 	1.58189 	-0.000862883 	0
1.13437 	0.9999 	-6.4948e-19 	1.59866 	-0.000629875 	0
1.14062 	0.9999 	1.08524e-18 	1.61288 	0.000328299 	0
1.14687 	0.9999 	1.43219e-18 	1.62349 	0.000759431 	0
1.15312 	0.9999 	-3.02536e-19 	1.63392 	0.00101645 	0
1.15937 	0.9999 	-2.03726e-18 	1.64357 	0.00111945 	0
1.16562 	0.9999 	-3.42504e-18 	1.652 	0.000859434 	0
1.17187 	0.9999 	-6.54754e-18 	1.65972 	0.000252075 	0
1.17812 	0.9999 	-8.28226e-18 	1.66756 	-0.000853164 	0
1.18437 	0.9999 	-6.54754e-18 	1.6749 	-0.00196321 	0
1.19062 	0.9999 	-4.81282e-18 	1.68177 	-0.00269142 	0
1.19687 	0.9999 	-4.81282e-18 	1.68888 	-0.0031641 	0
1.20312 	0.9999 	-3.07809e-18 	1.69675 	-0.00344115 	0
1.20937 	0.9999 	-1.69031e-18 	1.70526 	-0.00354046 	0
1.21562 	0.9999 	-3.77198e-18 	1.71375 	-0.0033418 	0
1.22187 	0.9999 	-4.11893e-18 	1.72178 	-0.00294164 	0
1.22812 	0.9999 	-2.73115e-18 	1.72897 	-0.00268876 	0
1.23437 	0.9999 	-9.96425e-19 	1.73499 	-0.00258857 	0
1.24062 	0.9999 	2.12608e-18 	1.73901 	-0.00243113 	0
1.24687 	0.9999 	5.24858e-18 	1.74231 	-0.0025979 	0
1.25312 	0.9999 	6.9833e-18 	1.74959 	-0.00277394 	0
1.25937 	0.9999 	8.71803e-18 	1.7579 	-0.00257497 	0
1.26562 	0.9999 	1.25344e-17 	1.76706 	-0.00201284 	0
1.27188 	0.9999 	1.46161e-17 	1.77595 	-0.00170947 	0
1.27812 	0.9999 	1.46161e-17 	1.78439 	-0.00174827 	0
1.28438 	0.9999 	1.4963e-17 	1.79154 	-0.00182823 	0
1.29063 	0.9999 	1.531e-17 	1.79665 	-0.00232301 	0
1.29688 	0.9999 	1.531e-17 	1.80295 	-0.00293061 	0
1.30313 	0.9999 	1.531e-17 	1.81158 	-0.00324921 	0
1.30938 	0.9999 	1.87794e-17 	1.82071 	-0.00344195 	0
1.31563 	0.9999 	2.22489e-17 	1.83194 	-0.00312218 	0
1.32188 	0.9999 	2.22489e-17 	1.84437 	-0.0017857 	0
1.32813 	0.9999 	2.57183e-17 	1.8547 	-0.000985917 	0
1.33438 	0.9999 	2.78e-17 	1.86473 	-0.000857552 	0
1.34063 	0.9999 	2.64122e-17 	1.87373 	-0.000895322 	0
1.34688 	0.9999 	2.95347e-17 	1.8809 	-0.00138879 	0
1.35313 	0.9999 	3.57797e-17 	1.88648 	-0.0027457 	0
1.35938 	0.9999 	3.89022e-17 	1.89206 	-0.0041446 	0
1.36563 	0.9999 	4.029e-17 	1.90037 	-0.0050732 	0
1.37188 	0.9999 	4.16778e-17 	1.91097 	-0.00560898 	0
1.37813 	0.9999 	4.029e-17 	1.92161 	-0.00578605 	0
1.38438 	0.9999 	3.89022e-17 	1.93259 	-0.00502311 	0
1.39063 	0.9999 	3.68205e-17 	1.94302 	-0.00436334 	0
1.39688 	0.9999 	3.61267e-17 	1.95313 	-0.00378606 	0
1.40313 	0.9999 	3.75144e-17 	1.96128 	-0.0030649 	0
1.40938 	0.9999 	3.75144e-17 	1.96555 	-0.00263092 	0
1.41563 	0.9999 	3.75144e-17 	1.96557 	-0.0029924 	0
1.42188 	0.9999 	3.75144e-17 	1.96359 	-0.00449725 	0
1.42813 	0.9999 	3.61267e-17 	1.96526 	-0.00596211 	0
1.43438 	0.9999 	3.47389e-17 	1.97292 	-0.00676654 	0
1.44063 	0.9999 	3.33511e-17 	1.98165 	-0.00717243 	0
1.44688 	0.9999 	3.33511e-17 	1.99067 	-0.00743351 	0
1.45313 	0.9999 	3.47389e-17 	2.00131 	-0.00665024 	0
1.45938 	0.9999 	3.61267e-17 	2.01039 	-0.00511306 	0
1.46563 	0.9999 	3.75144e-17 	2.01802 	-0.0043625 	0
1.47188 	0.9999 	3.4045e-17 	2.0234 	-0.00352762 	0
1.47812 	0.9999 	2.88408e-17 	2.02337 	-0.00333462 	0
1.48437 	0.9999 	2.71061e-17 	2.02249 	-0.00421777 	0
1.49062 	0.9999 	2.84939e-17 	2.02646 	-0.00490016 	0
1.49687 	0.9999 	2.98817e-17 	2.0337 	-0.00501603 	0
1.50312 	0.9999 	2.98817e-17 	2.04157 	-0.00507096 	0
1.50937 	0.9999 	2.64122e-17 	2.05074 	-0.00502835 	0
1.51562 	0.9999 	2.25958e-17 	2.05955 	-0.00448878 	0
1.52187 	0.9999 	2.08611e-17 	2.06718 	-0.00410601 	0
1.52812 	0.9999 	1.94733e-17 	2.07463 	-0.00342132 	0
1.53437 	0.9999 	1.63508e-17 	2.07926 	-0.00284631 	0
1.54062 	0.9999 	1.01058e-17 	2.08112 	-0.00294366 	0
1.54687 	0.9999 	5.24858e-18 	2.08764 	-0.00339145 	0
1.55312 	0.9999 	3.51386e-18 	2.09627 	-0.00372978 	0
1.55937 	0.9999 	3.8608e-18 	2.10512 	-0.00386126 	0
1.56562 	0.9999 	4.20775e-18 	2.11427 	-0.00387464 	0
1.57187 	0.9999 	2.81997e-18 	2.12356 	-0.003741 	0
1.57812 	0.9999 	-3.02536e-19 	2.13265 	-0.00354692 	0
1.58437 	0.9999 	1.08524e-18 	2.14041 	-0.00345035 	0
1.59062 	0.9999 	5.59552e-18 	2.14433 	-0.00367138 	0
1.59687 	0.9999 	5.59552e-18 	2.14317 	-0.00423853 	0
1.60312 	0.9999 	5.59552e-18 	2.14124 	-0.00512163 	0
1.60937 	0.9999 	8.37108e-18 	2.14604 	-0.00608118 	0
1.61562 	0.9999 	9.75886e-18 	2.15498 	-0.00689874 	0
1.62187 	0.9999 	9.75886e-18 	2.16366 	-0.00722881 	0
1.62812 	0.9999 	8.02414e-18 	2.17224 	-0.00672573 	0
1.63437 	0.9999 	6.28941e-18 	2.18067 	-0.00589965 	0
1.64062 	0.9999 	6.28941e-18 	2.1885 	-0.00511925 	0
1.64687 	0.9999 	7.67719e-18 	2.19335 	-0.0042286 	0
1.65312 	0.9999 	9.06497e-18 	2.19279 	-0.0037737 	0
1.65937 	0.9999 	9.06497e-18 	2.18901 	-0.00452465 	0
1.66562 	0.9999 	1.04527e-17 	2.18818 	-0.00601297 	0
1.67187 	0.9999 	1.35753e-17 	2.19363 	-0.00686977 	0
1.67812 	0.9999 	1.531e-17 	2.20044 	-0.00727198 	0
1.68437 	0.9999 	1.84325e-17 	2.20709 	-0.0072066 	0
1.69062 	0.9999 	1.98203e-17 	2.21446 	-0.00576454 	0
1.69687 	0.9999 	1.80855e-17 	2.2204 	-0.00516346 	0
1.70312 	0.9999 	1.80855e-17 	2.22525 	-0.00475422 	0
1.70937 	0.9999 	1.80855e-17 	2.22503 	-0.00498884 	0
1.71562 	0.9999 	1.63508e-17 	2.22399 	-0.00532275 	0
1.72187 	0.9999 	1.4963e-17 	2.22726 	-0.00573962 	0
1.72812 	0.9999 	1.531e-17 	2.23259 	-0.00597209 	0
1.73437 	0.9999 	1.66978e-17 	2.23869 	-0.00622826 	0
1.74062 	0.9999 	1.80855e-17 	2.24543 	-0.00637145 	0
1.74687 	0.9999 	1.80855e-17 	2.25196 	-0.00624853 	0
1.75312 	0.9999 	1.80855e-17 	2.25835 	-0.00603837 	0
1.75937 	0.9999 	1.98203e-17 	2.26345 	-0.00569589 	0
1.76562 	0.9999 	2.1555e-17 	2.26629 	-0.00549773 	0
1.77187 	0.9999 	2.01672e-17 	2.26869 	-0.00594208 	0
1.77812 	0.9999 	1.87794e-17 	2.27292 	-0.00651333 	0
1.78437 	0.9999 	1.87794e-17 	2.2792 	-0.00670336 	0
1.79062 	0.9999 	2.19019e-17 	2.28663 	-0.00633623 	0
1.79687 	0.9999 	2.36366e-17 	2.29429 	-0.00586783 	0
1.80312 	0.9999 	2.36366e-17 	2.3024 	-0.00544615 	0
1.80937 	0.9999 	2.19019e-17 	2.31072 	-0.00514007 	0
1.81562 	0.9999 	1.87794e-17 	2.31879 	-0.00494265 	0
1.82187 	0.9999 	1.87794e-17 	2.32582 	-0.00485182 	0
1.82812 	0.9999 	1.87794e-17 	2.32989 	-0.00503978 	0
1.83437 	0.9999 	2.05141e-17 	2.32721 	-0.00586646 	0
1.84062 	0.9999 	2.22489e-17 	2.31924 	-0.0071633 	0
1.84687 	0.9999 	2.22489e-17 	2.3196 	-0.00793884 	0
1.85312 	0.9999 	2.22489e-17 	2.32632 	-0.00828099 	0
1.85937 	0.9999 	2.36366e-17 	2.3335 	-0.0083331 	0
1.86562 	0.9999 	2.50244e-17 	2.34134 	-0.00767571 	0
1.87187 	0.9999 	2.46775e-17 	2.34968 	-0.00682583 	0
1.87812 	0.9999 	2.43305e-17 	2.35749 	-0.0065329 	0
1.88437 	0.9999 	2.29428e-17 	2.36486 	-0.00619025 	0
1.89062 	0.9999 	2.19019e-17 	2.36958 	-0.00598562 	0
1.89687 	0.9999 	2.22489e-17 	2.36766 	-0.00619653 	0
1.90312 	0.9999 	2.36366e-17 	2.36086 	-0.00690795 	0
1.90937 	0.9999 	2.50244e-17 	2.36219 	-0.00748008 	0
1.91562 	0.9999 	2.50244e-17 	2.36729 	-0.0077509 	0
1.92187 	0.9999 	2.50244e-17 	2.37214 	-0.00783757 	0
1.92812 	0.9999 	2.50244e-17 	2.3781 	-0.0075504 	0
1.93437 	0.9999 	2.50244e-17 	2.38465 	-0.0067906 	0
1.94062 	0.9999 	2.50244e-17 	2.38987 	-0.00649999 	0
1.94687 	0.9999 	2.50244e-17 	2.39511 	-0.00635711 	0
1.95312 	0.9999 	2.50244e-17 	2.39784 	-0.00626638 	0
1.95937 	0.9999 	2.50244e-17 	2.39716 	-0.00608671 	0
1.96562 	0.9999 	2.98817e-17 	2.39699 	-0.00579371 	0
1.97187 	0.9999 	3.47389e-17 	2.39995 	-0.00547563 	0
1.97812 	0.9999 	3.47389e-17 	2.4045 	-0.00511667 	0
1.98437 	0.9999 	3.47389e-17 	2.40983 	-0.00486886 	0
1.99062 	0.9999 	3.12694e-17 	2.41566 	-0.00482692 	0
1.99687 	0.9999 	3.12694e-17 	2.42168 	-0.00490406 	0
2.00312 	0.9999 	3.47389e-17 	2.42777 	-0.00491846 	0
2.00937 	0.9999 	3.47389e-17 	2.43387 	-0.00479918 	0
2.01562 	0.9999 	3.12694e-17 	2.43971 	-0.00474109 	0
2.02187 	0.9999 	2.78e-17 	2.4436 	-0.00518778 	0
2.02812 	0.9999 	2.91878e-17 	2.44434 	-0.00554665 	0
2.03437 	0.9999 	3.05755e-17 	2.44341 	-0.00588473 	0
2.04062 	0.9999 	3.05755e-17 	2.44288 	-0.00648586 	0
2.04687 	0.9999 	2.91878e-17 	2.445 	-0.00692604 	0
2.05312 	0.9999 	2.78e-17 	2.44947 	-0.00733984 	0
2.05937 	0.9999 	2.78e-17 	2.45495 	-0.00772117 	0
2.06562 	0.9999 	2.64122e-17 	2.46039 	-0.00775968 	0
2.07187 	0.9999 	2.50244e-17 	2.46558 	-0.00759829 	0
2.07812 	0.9999 	2.50244e-17 	2.47008 	-0.00730726 	0
2.08437 	0.9999 	2.50244e-17 	2.47369 	-0.00691946 	0
2.09062 	0.9999 	2.50244e-17 	2.47681 	-0.00653705 	0
2.09687 	0.9999 	2.50244e-17 	2.48042 	-0.00628272 	0
2.10312 	0.9999 	2.32897e-17 	2.48475 	-0.006171 	0
2.10937 	0.9999 	2.1555e-17 	2.48907 	-0.00620219 	0
2.11562 	0.9999 	2.1555e-17 	2.49194 	-0.00648429 	0
2.12187 	0.9999 	2.1208e-17 	2.49005 	-0.00716881 	0
2.12812 	0.9999 	2.08611e-17 	2.4819 	-0.00813539 	0
2.13437 	0.9999 	2.08611e-17 	2.48051 	-0.00872681 	0
2.14062 	0.9999 	2.08611e-17 	2.48518 	-0.0089182 	0
2.14687 	0.9999 	2.05141e-17 	2.48945 	-0.00881564 	0
2.15312 	0.9999 	2.01672e-17 	2.49414 	-0.00839553 	0
2.15937 	0.9999 	2.01672e-17 	2.50129 	-0.00761415 	0
2.16562 	0.9999 	1.87794e-17 	2.5069 	-0.00696868 	0
2.17187 	0.9999 	1.42691e-17 	2.51142 	-0.00691395 	0
2.17812 	0.9999 	1.11466e-17 	2.51628 	-0.0070146 	0
2.18437 	0.9999 	1.11466e-17 	2.51909 	-0.00708334 	0
2.19062 	0.9999 	1.11466e-17 	2.51771 	-0.00690833 	0
2.19687 	0.9999 	1.11466e-17 	2.51477 	-0.00674789 	0
2.20312 	0.9999 	1.11466e-17 	2.51617 	-0.00693693 	0
2.20937 	0.9999 	1.11466e-17 	2.52033 	-0.00716013 	0
2.21562 	0.9999 	1.11466e-17 	2.52494 	-0.00720097 	0
2.22187 	0.9999 	1.11466e-17 	2.52975 	-0.00703888 	0
2.22812 	0.9999 	1.11466e-17 	2.53485 	-0.00680857 	0
2.23437 	0.9999 	1.11466e-17 	2.5402 	-0.00661565 	0
2.24062 	0.9999 	1.11466e-17 	2.54568 	-0.0064913 	0
2.24687 	0.9999 	1.11466e-17 	2.55068 	-0.00651022 	0
2.25312 	0.9999 	1.11466e-17 	2.5541 	-0.00666249 	0
2.25937 	0.9999 	1.11466e-17 	2.55498 	-0.00682352 	0
2.26562 	0.9999 	1.11466e-17 	2.55378 	-0.00688175 	0
2.27187 	0.9999 	1.11466e-17 	2.55302 	-0.00705248 	0
2.27812 	0.9999 	1.11466e-17 	2.55466 	-0.00726238 	0
2.28437 	0.9999 	1.25344e-17 	2.55836 	-0.00754904 	0
2.29062 	0.9999 	1.39222e-17 	2.56297 	-0.00751183 	0
2.29687 	0.9999 	1.39222e-17 	2.56809 	-0.00723689 	0
2.30312 	0.9999 	1.39222e-17 	2.57338 	-0.00688174 	0
2.30937 	0.9999 	1.39222e-17 	2.57829 	-0.00642705 	0
2.31562 	0.9999 	1.39222e-17 	2.58236 	-0.00634596 	0
2.32187 	0.9999 	1.39222e-17 	2.58483 	-0.00638179 	0
2.32812 	0.9999 	1.39222e-17 	2.58514 	-0.00642517 	0
2.33437 	0.9999 	1.39222e-17 	2.58445 	-0.00665095 	0
2.34062 	0.9999 	1.39222e-17 	2.58452 	-0.00725173 	0
2.34687 	0.9999 	1.25344e-17 	2.58593 	-0.00711354 	0
2.35312 	0.9999 	1.11466e-17 	2.58866 	-0.00738248 	0
2.35937 	0.9999 	1.11466e-17 	2.59257 	-0.00765813 	0
2.36562 	0.9999 	1.11466e-17 	2.59683 	-0.00741305 	0
2.37187 	0.9999 	1.11466e-17 	2.60116 	-0.00756327 	0
2.37812 	0.9999 	1.11466e-17 	2.60527 	-0.00757571 	0
2.38437 	0.9999 	1.11466e-17 	2.60908 	-0.00741503 	0
2.39062 	0.9999 	1.11466e-17 	2.61154 	-0.00688676 	0
2.39687 	0.9999 	1.11466e-17 	2.61378 	-0.00728157 	0
2.40312 	0.9999 	1.11466e-17 	2.61072 	-0.00296225 	0
2.40937 	0.9999 	1.11466e-17 	2.59865 	0.00863786 	0
2.41562 	0.9999 	1.11466e-17 	2.5246 	0.0652592 	0
2.42187 	0.9999 	1.11466e-17 	2.37188 	0.148241 	0
2.42812 	0.9999 	1.11466e-17 	2.18476 	0.278928 	0
2.43437 	0.9999 	1.11466e-17 	2.05987 	0.216184 	0
2.44062 	0.9999 	1.11466e-17 	1.93377 	0.2302 	0
2.44687 	0.9999 	1.11466e-17 	1.84153 	0.155949 	0
2.45312 	0.9999 	1.11466e-17 	1.78208 	0.0744066 	0
2.45937 	0.9999 	1.11466e-17 	1.78664 	0.0142033 	0
2.46562 	0.9999 	1.11466e-17 	1.81816 	-0.00829826 	0
2.47187 	0.9999 	1.11466e-17 	1.8428 	-0.00395176 	0
2.47812 	0.9999 	1.11466e-17 	1.84107 	-0.00188461 	0
2.48437 	0.9999 	1.11466e-17 	1.82976 	-0.00203612 	0
2.49062 	0.9999 	9.41192e-18 	1.82577 	-0.00335018 	0
2.49687 	0.9999 	7.67719e-18 	1.82818 	-0.00285443 	0
2.50312 	0.9999 	7.67719e-18 	1.82965 	-0.00134244 	0
2.50937 	0.9999 	9.06497e-18 	1.83416 	8.9266e-05 	0
2.51562 	0.9999 	1.21875e-17 	1.83846 	-0.000459458 	0
2.52187 	0.9999 	1.70447e-17 	1.8426 	-0.00121443 	0
2.52812 	0.9999 	2.01672e-17 	1.8453 	-0.00107176 	0
2.53437 	0.9999 	2.01672e-17 	1.84788 	-0.000903174 	0
2.54062 	0.9999 	2.01672e-17 	1.85073 	-0.000923799 	0
2.54687 	0.9999 	2.01672e-17 	1.85322 	-0.00102169 	0
2.55312 	0.9999 	2.1555e-17 	1.85451 	-0.00109984 	0
2.55937 	0.9999 	2.1208e-17 	1.85573 	-0.00146185 	0
2.56562 	0.9999 	2.1208e-17 	1.85758 	-0.00183622 	0
2.57187 	0.9999 	2.29428e-17 	1.8593 	-0.00219852 	0
2.57812 	0.9999 	2.1208e-17 	1.86242 	-0.00260797 	0
2.58437 	0.9999 	1.77386e-17 	1.86826 	-0.00241874 	0
2.59062 	0.9999 	1.73916e-17 	1.87508 	-0.000850435 	0
2.59687 	0.9999 	1.73916e-17 	1.87836 	0.000277824 	0
2.60312 	0.9999 	1.60039e-17 	1.87972 	0.000161692 	0
2.60937 	0.9999 	1.46161e-17 	1.88085 	-0.000841872 	0
2.61562 	0.9999 	1.63508e-17 	1.8822 	-0.00207392 	0
2.62187 	0.9999 	1.94733e-17 	1.88456 	-0.00231712 	0
2.62812 	0.9999 	2.08611e-17 	1.88747 	-0.00229921 	0
2.63437 	0.9999 	2.36366e-17 	1.89062 	-0.00232174 	0
2.64062 	0.9999 	2.32897e-17 	1.89362 	-0.00192917 	0
2.64687 	0.9999 	2.1555e-17 	1.89619 	-0.00109791 	0
2.65312 	0.9999 	2.1555e-17 	1.89665 	-0.000306173 	0
2.65937 	0.9999 	2.1555e-17 	1.89497 	0.00019025 	0
2.66562 	0.9999 	2.1555e-17 	1.89642 	0.000452515 	0
2.67187 	0.9999 	2.46775e-17 	1.89883 	0.000643591 	0
2.67812 	0.9999 	2.78e-17 	1.90152 	0.000965813 	0
2.68437 	0.9999 	2.78e-17 	1.90338 	0.00106182 	0
2.69062 	0.9999 	2.60653e-17 	1.90444 	0.00102351 	0
2.69687 	0.9999 	2.43305e-17 	1.90363 	0.000777061 	0
2.70312 	0.9999 	2.25958e-17 	1.89999 	-0.000660126 	0
2.70937 	0.9999 	2.08611e-17 	1.8969 	-0.0022941 	0
2.71562 	0.9999 	2.08611e-17 	1.89632 	-0.00297201 	0
2.72187 	0.9999 	2.08611e-17 	1.89631 	-0.00335753 	0
2.72812 	0.9999 	1.94733e-17 	1.89849 	-0.00349889 	0
2.73437 	0.9999 	1.80855e-17 	1.90425 	-0.00329494 	0
2.74062 	0.9999 	1.80855e-17 	1.91202 	-0.00214431 	0
2.74687 	0.9999 	1.94733e-17 	1.91731 	-0.000410729 	0
2.75312 	0.9999 	2.08611e-17 	1.91826 	8.61848e-05 	0
2.75937 	0.9999 	1.94733e-17 	1.91863 	0.000102667 	0
2.76562 	0.9999 	1.98203e-17 	1.91853 	-0.000223334 	0
2.77187 	0.9999 	1.84325e-17 	1.91744 	-0.00133338 	0
2.77812 	0.9999 	1.531e-17 	1.9162 	-0.00253164 	0
2.78437 	0.9999 	1.531e-17 	1.91593 	-0.00342704 	0
2.79062 	0.9999 	1.531e-17 	1.91691 	-0.0042436 	0
2.79687 	0.9999 	1.531e-17 	1.92022 	-0.00484505 	0
2.80312 	0.9999 	1.39222e-17 	1.92407 	-0.00502094 	0
2.80937 	0.9999 	1.11466e-17 	1.92927 	-0.004317 	0
2.81562 	0.9999 	9.75886e-18 	1.93648 	-0.00210591 	0
2.82187 	0.9999 	9.75886e-18 	1.94297 	0.000861865 	0
2.82812 	0.9999 	9.75886e-18 	1.94727 	0.00252739 	0
2.83437 	0.9999 	9.75886e-18 	1.95115 	0.00335642 	0
2.84062 	0.9999 	9.75886e-18 	1.95278 	0.00401649 	0
2.84687 	0.9999 	8.37108e-18 	1.94961 	0.00402006 	0
2.85312 	0.9999 	8.37108e-18 	1.94208 	0.00187691 	0
2.85937 	0.9999 	9.75886e-18 	1.93521 	-0.00195509 	0
2.86562 	0.9999 	9.75886e-18 	1.93341 	-0.00443334 	0
2.87187 	0.9999 	6.63636e-18 	1.93392 	-0.00508682 	0
2.87812 	0.9999 	3.51386e-18 	1.93569 	-0.0053918 	0
2.88437 	0.9999 	2.12608e-18 	1.94164 	-0.00519485 	0
2.89062 	0.9999 	-1.34337e-18 	1.95123 	-0.0030025 	0
2.89687 	0.9999 	-3.42504e-18 	1.96047 	0.00106999 	0
2.90312 	0.9999 	-3.42504e-18 	1.96496 	0.00343818 	0
2.90937 	0.9999 	-6.54754e-18 	1.9674 	0.00407013 	0
2.91562 	0.9999 	-7.93532e-18 	1.9681 	0.00435645 	0
2.92187 	0.9999 	-7.58837e-18 	1.96452 	0.0025955 	0
2.92812 	0.9999 	-8.97615e-18 	1.96028 	-0.00134438 	0
2.93437 	0.9999 	-8.97615e-18 	1.9605 	-0.00482145 	0
2.94062 	0.9999 	-8.97615e-18 	1.96288 	-0.0069983 	0
2.94687 	0.9999 	-8.97615e-18 	1.96628 	-0.00816741 	0
2.95312 	0.9999 	-1.07109e-17 	1.9708 	-0.00875487 	0
2.95937 	0.9999 	-1.24456e-17 	1.97686 	-0.00867889 	0
2.96562 	0.9999 	-1.24456e-17 	1.98314 	-0.00679401 	0
2.97187 	0.9999 	-1.20987e-17 	1.98835 	-0.00363818 	0
2.97812 	0.9999 	-1.17517e-17 	1.99221 	-0.000322465 	0
2.98437 	0.9999 	-1.31395e-17 	1.9956 	0.00202206 	0
2.99062 	0.9999 	-1.45273e-17 	1.99827 	0.00453282 	0
2.99687 	0.9999 	-1.42025e-17 	2.00219 	0.00485632 	0
