0.609375 	0.20001 	-5.75973e-17 	0.123502 	0.72261
0.615625 	0.20001 	-5.58625e-17 	0.0304472 	0.504394
0.621875 	0.20001 	-5.34339e-17 	0.00847665 	0.521139
0.628125 	0.20001 	-5.16992e-17 	0.00728816 	0.539735
0.634375 	0.20001 	-5.10053e-17 	0.0115032 	0.640979
0.640625 	0.20001 	-5.13523e-17 	0.024831 	0.829994
0.646875 	0.20001 	-5.3087e-17 	0.0413135 	0.885413
0.653125 	0.20001 	-5.48217e-17 	0.0472644 	0.871514
0.659375 	0.20001 	-5.48217e-17 	0.0534105 	0.881216
0.665625 	0.20001 	-5.48217e-17 	0.0823389 	0.996156
0.671875 	0.20001 	-5.34339e-17 	0.123416 	1.11082
0.678125 	0.20001 	-5.20461e-17 	0.144491 	1.12563
0.684375 	0.20001 	-5.13523e-17 	0.159501 	1.1302
0.690625 	0.20001 	-5.06584e-17 	0.172177 	1.13261
0.696875 	0.20001 	-4.92706e-17 	0.195867 	1.15097
0.703125 	0.20001 	-4.78828e-17 	0.234412 	1.18674
0.709375 	0.20001 	-4.78828e-17 	0.271986 	1.22338
0.715625 	0.20001 	-4.6842e-17 	0.312652 	1.27642
0.721875 	0.20001 	-4.58011e-17 	0.364813 	1.35791
0.728125 	0.20001 	-4.30256e-17 	0.420953 	1.43329
0.734375 	0.20001 	-4.025e-17 	0.457685 	1.44784
0.740625 	0.20001 	-4.025e-17 	0.487729 	1.44585
0.746875 	0.20001 	-3.74745e-17 	0.511046 	1.4322
0.753125 	0.20001 	-3.46989e-17 	0.529727 	1.41384
0.759375 	0.20001 	-3.46989e-17 	0.552227 	1.41399
0.765625 	0.20001 	-3.46989e-17 	0.582655 	1.43684
0.771875 	0.20001 	-3.33111e-17 	0.626812 	1.48886
0.778125 	0.20001 	-2.91478e-17 	0.652015 	1.51303
0.784375 	0.20001 	-2.67192e-17 	0.674887 	1.518
0.790625 	0.20001 	-2.70661e-17 	0.703744 	1.51264
0.796875 	0.20001 	-2.70661e-17 	0.710306 	1.48506
0.803125 	0.20001 	-2.60253e-17 	0.70946 	1.46803
0.809375 	0.20001 	-2.49845e-17 	0.722661 	1.47528
0.815625 	0.20001 	-2.70661e-17 	0.755918 	1.5061
0.821875 	0.20001 	-2.91478e-17 	0.796175 	1.53143
0.828125 	0.20001 	-2.91478e-17 	0.832143 	1.5351
0.834375 	0.20001 	-2.91478e-17 	0.867656 	1.53571
0.840625 	0.20001 	-2.94947e-17 	0.892854 	1.53411
0.846875 	0.20001 	-2.98417e-17 	0.901761 	1.53348
0.853125 	0.20001 	-3.19234e-17 	0.901735 	1.53576
0.859375 	0.20001 	-3.4352e-17 	0.899719 	1.54129
0.865625 	0.20001 	-3.19234e-17 	0.909736 	1.55245
0.871875 	0.20001 	-3.08825e-17 	0.941996 	1.56539
0.878125 	0.20001 	-3.08825e-17 	0.99262 	1.57637
0.884375 	0.20001 	-2.94947e-17 	1.01927 	1.58157
0.890625 	0.20001 	-2.8107e-17 	1.0222 	1.58222
0.896875 	0.20001 	-2.63722e-17 	1.02238 	1.58332
0.903125 	0.20001 	-2.53314e-17 	1.01726 	1.58371
0.909375 	0.20001 	-2.46375e-17 	1.01173 	1.58288
0.915625 	0.20001 	-2.1862e-17 	1.01948 	1.58593
0.921875 	0.20001 	-1.87395e-17 	1.03163 	1.58642
0.928125 	0.20001 	-1.70047e-17 	1.05302 	1.58849
0.934375 	0.20001 	-1.59639e-17 	1.0908 	1.60131
0.940625 	0.20001 	-1.80456e-17 	1.11698 	1.61598
0.946875 	0.20001 	-1.80456e-17 	1.12436 	1.6222
0.953125 	0.20001 	-1.66578e-17 	1.12786 	1.62442
0.959375 	0.20001 	-1.66578e-17 	1.12706 	1.6229
0.965625 	0.20001 	-1.527e-17 	1.131 	1.62056
0.971875 	0.20001 	-1.45761e-17 	1.13623 	1.6169
0.978125 	0.20001 	-1.38822e-17 	1.14455 	1.61586
0.984375 	0.20001 	-1.11067e-17 	1.16002 	1.61951
0.990625 	0.20001 	-9.71889e-18 	1.18918 	1.63332
0.996875 	0.20001 	-1.14536e-17 	1.21477 	1.64554
1.00313 	0.20001 	-1.31883e-17 	1.21854 	1.64684
1.00938 	0.20001 	-1.31883e-17 	1.21731 	1.64563
1.01563 	0.20001 	-1.31883e-17 	1.21222 	1.64113
1.02188 	0.20001 	-1.31883e-17 	1.20357 	1.63342
1.02813 	0.20001 	-1.45761e-17 	1.20081 	1.62823
1.03438 	0.20001 	-1.59639e-17 	1.20121 	1.62518
1.04063 	0.20001 	-1.59639e-17 	1.20486 	1.62385
1.04688 	0.20001 	-1.59639e-17 	1.21776 	1.62472
1.05313 	0.20001 	-1.59639e-17 	1.24297 	1.6301
1.05938 	0.20001 	-1.59639e-17 	1.25454 	1.63237
1.06563 	0.20001 	-1.59639e-17 	1.25493 	1.63191
1.07188 	0.20001 	-1.59639e-17 	1.25261 	1.63024
1.07812 	0.20001 	-1.59639e-17 	1.2475 	1.6279
1.08438 	0.20001 	-1.59639e-17 	1.24767 	1.62775
1.09063 	0.20001 	-1.59639e-17 	1.2504 	1.62785
1.09688 	0.20001 	-1.59639e-17 	1.25765 	1.62886
1.10313 	0.20001 	-1.45761e-17 	1.27144 	1.63269
1.10938 	0.20001 	-1.31883e-17 	1.28193 	1.63631
1.11563 	0.20001 	-1.31883e-17 	1.28654 	1.63811
1.12188 	0.20001 	-1.31883e-17 	1.28918 	1.63934
1.12813 	0.20001 	-1.66578e-17 	1.29048 	1.63983
1.13438 	0.20001 	-2.01272e-17 	1.29141 	1.63978
1.14063 	0.20001 	-2.1515e-17 	1.29401 	1.63985
1.14688 	0.20001 	-2.46375e-17 	1.29941 	1.64068
1.15313 	0.20001 	-2.63722e-17 	1.3024 	1.64145
1.15938 	0.20001 	-2.63722e-17 	1.30355 	1.64221
1.16563 	0.20001 	-2.63722e-17 	1.30437 	1.64336
1.17188 	0.20001 	-2.776e-17 	1.30288 	1.64405
1.17813 	0.20001 	-2.91478e-17 	1.30404 	1.6457
1.18438 	0.20001 	-2.74131e-17 	1.30739 	1.6476
1.19063 	0.20001 	-2.56783e-17 	1.31037 	1.64764
1.19688 	0.20001 	-2.56783e-17 	1.31417 	1.64741
1.20313 	0.20001 	-2.56783e-17 	1.31894 	1.64716
1.20938 	0.20001 	-2.56783e-17 	1.32394 	1.64663
1.21563 	0.20001 	-2.22089e-17 	1.32867 	1.6455
1.22188 	0.20001 	-1.73517e-17 	1.32951 	1.64351
1.22813 	0.20001 	-1.45761e-17 	1.3289 	1.64234
1.23438 	0.20001 	-1.31883e-17 	1.32861 	1.64212
1.24063 	0.20001 	-1.31883e-17 	1.32831 	1.64215
1.24688 	0.20001 	-1.45761e-17 	1.32813 	1.64229
1.25313 	0.20001 	-2.08211e-17 	1.32855 	1.64249
1.25938 	0.20001 	-2.56783e-17 	1.32993 	1.64256
1.26563 	0.20001 	-2.56783e-17 	1.33103 	1.64225
1.27188 	0.20001 	-2.35967e-17 	1.33164 	1.64117
1.27813 	0.20001 	-2.1515e-17 	1.33233 	1.63913
1.28438 	0.20001 	-2.35967e-17 	1.33285 	1.6361
1.29063 	0.20001 	-2.60253e-17 	1.33334 	1.63306
1.29688 	0.20001 	-2.63722e-17 	1.33449 	1.63119
1.30313 	0.20001 	-2.49845e-17 	1.33627 	1.63016
1.30938 	0.20001 	-2.35967e-17 	1.33832 	1.6299
1.31563 	0.20001 	-2.1862e-17 	1.82843 	1.85234
1.32188 	0.20001 	-2.01272e-17 	5.1132 	2.61068
1.32813 	0.20001 	-2.01272e-17 	6.22494 	2.76907
1.33438 	0.20001 	-2.32497e-17 	6.3029 	2.78387
1.34063 	0.20001 	-2.776e-17 	6.35201 	2.79023
1.34688 	0.20001 	-2.91478e-17 	6.36847 	2.78887
1.35313 	0.20001 	-3.05356e-17 	6.37411 	2.7838
1.35938 	0.20001 	-2.88009e-17 	6.38189 	2.77541
1.36563 	0.20001 	-2.70661e-17 	6.39537 	2.76468
1.37188 	0.20001 	-2.98417e-17 	6.40811 	2.75318
1.37813 	0.20001 	-3.12295e-17 	6.40885 	2.74267
1.38438 	0.20001 	-3.12295e-17 	6.39569 	2.7348
1.39062 	0.20001 	-3.12295e-17 	6.37772 	2.72962
1.39688 	0.20001 	-3.12295e-17 	6.36593 	2.72728
1.40313 	0.20001 	-3.12295e-17 	6.36423 	2.72697
1.40938 	0.20001 	-3.12295e-17 	6.37033 	2.72787
1.41562 	0.20001 	-3.12295e-17 	6.37692 	2.72871
1.42188 	0.20001 	-3.12295e-17 	6.37672 	2.7282
1.42813 	0.20001 	-3.12295e-17 	6.36584 	2.72532
1.43438 	0.20001 	-3.12295e-17 	6.34516 	2.72039
1.44063 	0.20001 	-3.12295e-17 	6.32082 	2.7149
1.44687 	0.20001 	-3.26172e-17 	6.29842 	2.71001
1.45312 	0.20001 	-3.4005e-17 	6.28103 	2.70606
1.45938 	0.20001 	-3.4005e-17 	6.26887 	2.70278
1.46562 	0.20001 	-3.26172e-17 	6.25925 	2.69949
1.47188 	0.20001 	-3.12295e-17 	6.24651 	2.69517
1.47813 	0.20001 	-3.12295e-17 	6.22525 	2.68889
1.48438 	0.20001 	-3.12295e-17 	6.19574 	2.68062
1.49063 	0.20001 	-3.12295e-17 	6.16257 	2.67129
1.49687 	0.20001 	-3.12295e-17 	6.13081 	2.66228
1.50313 	0.20001 	-3.12295e-17 	6.10434 	2.65484
1.50938 	0.20001 	-3.12295e-17 	6.08427 	2.64965
1.51563 	0.20001 	-3.12295e-17 	6.06639 	2.64635
1.52188 	0.20001 	-2.776e-17 	6.0446 	2.64401
1.52812 	0.20001 	-2.25558e-17 	6.01834 	2.64214
1.53437 	0.20001 	-2.08211e-17 	5.99338 	2.64097
1.54062 	0.20001 	-1.94333e-17 	5.97556 	2.64082
1.54688 	0.20001 	-1.80456e-17 	5.96781 	2.64178
1.55312 	0.20001 	-1.80456e-17 	5.9663 	2.6433
1.55937 	0.20001 	-1.80456e-17 	5.95638 	2.64305
1.56563 	0.20001 	-1.80456e-17 	5.932 	2.63992
1.57187 	0.20001 	-1.94333e-17 	5.89792 	2.63395
1.57812 	0.20001 	-1.94333e-17 	5.86186 	2.62666
1.58438 	0.20001 	-1.80456e-17 	5.82868 	2.61897
1.59062 	0.20001 	-1.80456e-17 	5.80289 	2.61177
1.59687 	0.20001 	-1.80456e-17 	5.78835 	2.60603
1.60312 	0.20001 	-1.80456e-17 	5.78175 	2.60155
1.60938 	0.20001 	-1.66578e-17 	5.77014 	2.59652
1.61562 	0.20001 	-1.18006e-17 	5.74441 	2.59018
1.62187 	0.20001 	-8.33111e-18 	5.70654 	2.58328
1.62812 	0.20001 	-6.59639e-18 	5.66594 	2.57704
1.63437 	0.20001 	-4.86167e-18 	5.62946 	2.57217
1.64062 	0.20001 	-4.86167e-18 	5.60346 	2.56916
1.64687 	0.20001 	-4.86167e-18 	5.59168 	2.56822
1.65312 	0.20001 	-6.24945e-18 	5.59117 	2.56885
1.65937 	0.20001 	-7.63722e-18 	5.59647 	2.57088
1.66562 	0.20001 	-6.24945e-18 	5.60547 	2.57371
1.67187 	0.20001 	-4.86167e-18 	5.61774 	2.57687
1.67812 	0.20001 	-3.47389e-18 	5.6298 	2.57961
1.68437 	0.20001 	-3.82083e-18 	5.63275 	2.58054
1.69062 	0.20001 	-5.55556e-18 	5.61753 	2.57892
1.69687 	0.20001 	-6.94333e-18 	5.58159 	2.57397
1.70312 	0.20001 	-8.33111e-18 	5.51611 	2.56444
1.70937 	0.20001 	-8.33111e-18 	5.45203 	2.55459
1.71562 	0.20001 	-8.33111e-18 	5.40511 	2.54638
1.72187 	0.20001 	-8.33111e-18 	5.37038 	2.53904
1.72812 	0.20001 	-8.33111e-18 	5.34504 	2.53264
1.73437 	0.20001 	-9.71889e-18 	5.32986 	2.52764
1.74062 	0.20001 	-1.11067e-17 	5.32226 	2.52408
1.74687 	0.20001 	-9.37195e-18 	5.31714 	2.52147
1.75312 	0.20001 	-7.63722e-18 	5.3131 	2.5195
1.75937 	0.20001 	-1.07597e-17 	5.30715 	2.51767
1.76562 	0.20001 	-1.38822e-17 	5.29639 	2.51568
1.77187 	0.20001 	-1.24944e-17 	5.27928 	2.5133
1.77812 	0.20001 	-1.11067e-17 	5.2562 	2.51055
1.78437 	0.20001 	-9.71889e-18 	5.23094 	2.50773
1.79062 	0.20001 	-8.33111e-18 	5.20636 	2.50513
1.79688 	0.20001 	-1.18006e-17 	5.18421 	2.50295
1.80312 	0.20001 	-1.18006e-17 	5.16537 	2.50137
1.80937 	0.20001 	-8.33111e-18 	5.15199 	2.50054
1.81562 	0.20001 	-8.33111e-18 	5.13987 	2.49975
1.82187 	0.20001 	-7.98417e-18 	5.11941 	2.49755
1.82812 	0.20001 	-7.98417e-18 	5.09053 	2.49377
1.83437 	0.20001 	-8.33111e-18 	5.05571 	2.48875
1.84062 	0.20001 	-8.33111e-18 	5.01706 	2.48281
1.84687 	0.20001 	-8.33111e-18 	4.98629 	2.47761
1.85312 	0.20001 	-6.94333e-18 	4.96414 	2.47326
1.85937 	0.20001 	-5.55556e-18 	4.9485 	2.46955
1.86562 	0.20001 	-5.55556e-18 	4.94166 	2.46704
1.87187 	0.20001 	-3.82083e-18 	4.9405 	2.46547
1.87812 	0.20001 	-3.82083e-18 	4.93919 	2.46398
1.88437 	0.20001 	-5.55556e-18 	4.93393 	2.46201
1.89062 	0.20001 	-5.55556e-18 	4.92375 	2.45949
1.89687 	0.20001 	-3.82083e-18 	4.9109 	2.45671
1.90312 	0.20001 	-3.82083e-18 	4.89559 	2.45364
1.90937 	0.20001 	-5.55556e-18 	4.87623 	2.45009
1.91562 	0.20001 	-6.94333e-18 	4.85085 	2.44591
1.92187 	0.20001 	-8.33111e-18 	4.81303 	2.44021
1.92812 	0.20001 	-9.71889e-18 	4.75811 	2.43242
1.93437 	0.20001 	-1.11067e-17 	4.70424 	2.42524
1.94062 	0.20001 	-1.11067e-17 	4.66112 	2.41972
1.94687 	0.20001 	-1.24944e-17 	4.63235 	2.41627
1.95312 	0.20001 	-1.21475e-17 	4.61374 	2.41439
1.95937 	0.20001 	-1.21475e-17 	4.6065 	2.41407
1.96562 	0.20001 	-1.24944e-17 	4.60949 	2.41536
1.97187 	0.20001 	-9.71889e-18 	4.61431 	2.41705
1.97812 	0.20001 	-9.71889e-18 	4.61135 	2.41713
1.98437 	0.20001 	-9.37195e-18 	4.59594 	2.41539
1.99062 	0.20001 	-7.63722e-18 	4.5706 	2.41189
1.99687 	0.20001 	-9.025e-18 	4.52284 	2.40469
2.00312 	0.20001 	-9.025e-18 	4.46102 	2.39521
2.00937 	0.20001 	-7.63722e-18 	4.42039 	2.38848
2.01562 	0.20001 	-9.37195e-18 	4.40037 	2.38449
2.02187 	0.20001 	-1.31883e-17 	4.38851 	2.38161
2.02812 	0.20001 	-1.18006e-17 	4.39009 	2.38092
2.03437 	0.20001 	-1.18006e-17 	4.40593 	2.38196
2.04063 	0.20001 	-1.527e-17 	4.42577 	2.38379
2.04688 	0.20001 	-1.18006e-17 	4.43718 	2.38438
2.05312 	0.20001 	-9.71889e-18 	4.42966 	2.38206
2.05937 	0.20001 	-1.11067e-17 	4.40673 	2.37744
2.06562 	0.20001 	-1.11067e-17 	4.3645 	2.37026
2.07187 	0.20001 	-1.59639e-17 	4.29136 	2.35856
2.07812 	0.20001 	-1.94333e-17 	4.23349 	2.34927
2.08437 	0.20001 	-1.94333e-17 	4.20693 	2.34477
2.09062 	0.20001 	-2.08211e-17 	4.19338 	2.34252
2.09687 	0.20001 	-2.08211e-17 	4.19352 	2.34263
2.10312 	0.20001 	-2.22089e-17 	4.20685 	2.34505
2.10937 	0.20001 	-2.49845e-17 	4.22103 	2.3478
2.11562 	0.20001 	-2.63722e-17 	4.22504 	2.34874
2.12187 	0.20001 	-2.49845e-17 	4.21555 	2.34769
2.12812 	0.20001 	-2.35967e-17 	4.19627 	2.34525
2.13437 	0.20001 	-2.35967e-17 	4.16571 	2.34089
2.14062 	0.20001 	-2.35967e-17 	4.11502 	2.33333
2.14687 	0.20001 	-2.49845e-17 	4.07323 	2.32733
2.15312 	0.20001 	-2.63722e-17 	4.04927 	2.32399
2.15937 	0.20001 	-2.63722e-17 	4.03403 	2.32183
2.16562 	0.20001 	-2.63722e-17 	4.02213 	2.31997
2.17187 	0.20001 	-2.63722e-17 	4.01317 	2.31827
2.17812 	0.20001 	-2.63722e-17 	4.00257 	2.316
2.18437 	0.20001 	-2.63722e-17 	3.98986 	2.31309
2.19062 	0.20001 	-2.8107e-17 	3.97555 	2.30971
2.19687 	0.20001 	-2.98417e-17 	3.95764 	2.30559
2.20312 	0.20001 	-2.98417e-17 	3.93698 	2.30094
2.20937 	0.20001 	-2.98417e-17 	3.9198 	2.29699
2.21562 	0.20001 	-2.98417e-17 	3.90554 	2.29368
2.22187 	0.20001 	-2.98417e-17 	3.89202 	2.29069
2.22812 	0.20001 	-2.84539e-17 	3.88082 	2.28829
2.23437 	0.20001 	-2.70661e-17 	3.86923 	2.28604
2.24062 	0.20001 	-2.70661e-17 	3.85365 	2.28332
2.24687 	0.20001 	-2.70661e-17 	3.83669 	2.28051
2.25312 	0.20001 	-2.70661e-17 	3.81834 	2.2776
2.25937 	0.20001 	-2.70661e-17 	3.80114 	2.27506
2.26562 	0.20001 	-2.70661e-17 	3.78762 	2.27328
2.27187 	0.20001 	-2.56783e-17 	3.77699 	2.27209
2.27813 	0.20001 	-2.42906e-17 	3.77223 	2.27189
2.28437 	0.20001 	-2.42906e-17 	3.77319 	2.27271
2.29063 	0.20001 	-2.42906e-17 	3.77476 	2.27369
2.29688 	0.20001 	-2.42906e-17 	3.76915 	2.27341
2.30312 	0.20001 	-2.29028e-17 	3.75611 	2.27198
2.30938 	0.20001 	-2.1515e-17 	3.73662 	2.26944
2.31562 	0.20001 	-2.1515e-17 	3.70055 	2.26401
2.32188 	0.20001 	-2.1515e-17 	3.65135 	2.2563
2.32812 	0.20001 	-2.1515e-17 	3.61588 	2.25072
2.33437 	0.20001 	-2.1515e-17 	3.59641 	2.24759
2.34063 	0.20001 	-2.1515e-17 	3.58507 	2.24572
2.34687 	0.20001 	-2.1515e-17 	3.57732 	2.24428
2.35313 	0.20001 	-2.1515e-17 	3.57717 	2.24408
2.35938 	0.20001 	-2.29028e-17 	3.58109 	2.24438
2.36562 	0.20001 	-2.42906e-17 	3.57534 	2.24263
2.37188 	0.20001 	-2.42906e-17 	3.56268 	2.23922
2.37812 	0.20001 	-2.29028e-17 	3.54347 	2.23462
2.38438 	0.20001 	-2.1515e-17 	3.52067 	2.22947
2.39062 	0.20001 	-2.1515e-17 	3.50443 	2.2257
2.39688 	0.20001 	-2.49845e-17 	3.49264 	2.223
2.40313 	0.20001 	-2.84539e-17 	3.48328 	2.22101
2.40938 	0.20001 	-2.84539e-17 	3.47921 	2.22021
2.41563 	0.20001 	-2.84539e-17 	3.47908 	2.2202
2.42188 	0.20001 	-2.84539e-17 	3.47254 	2.21914
2.42813 	0.20001 	-2.84539e-17 	3.4598 	2.21721
2.43438 	0.20001 	-2.84539e-17 	3.44103 	2.21433
2.44063 	0.20001 	-2.98417e-17 	3.40508 	2.20841
2.44688 	0.20001 	-3.12295e-17 	3.35874 	2.20075
2.45312 	0.20001 	-2.776e-17 	3.32342 	2.195
2.45937 	0.20001 	-2.42906e-17 	3.30396 	2.19214
2.46563 	0.20001 	-2.42906e-17 	3.29282 	2.19091
2.47187 	0.20001 	-2.42906e-17 	3.28497 	2.1903
2.47812 	0.20001 	-2.42906e-17 	3.28146 	2.19032
2.48438 	0.20001 	-2.42906e-17 	3.2854 	2.19194
2.49062 	0.20001 	-2.42906e-17 	3.29372 	2.19429
2.49688 	0.20001 	-2.29028e-17 	3.29836 	2.19544
2.50312 	0.20001 	-2.1515e-17 	3.2967 	2.19516
2.50938 	0.20001 	-2.1515e-17 	3.28843 	2.19342
2.51562 	0.20001 	-2.1515e-17 	3.27387 	2.19026
2.52187 	0.20001 	-2.1515e-17 	3.24474 	2.18418
2.52813 	0.20001 	-2.1515e-17 	3.19339 	2.17381
2.53437 	0.20001 	-2.1515e-17 	3.14122 	2.163
2.54063 	0.20001 	-2.01272e-17 	3.1051 	2.15466
2.54688 	0.20001 	-1.87395e-17 	3.08588 	2.14938
2.55313 	0.20001 	-1.87395e-17 	3.07663 	2.14621
2.55938 	0.20001 	-1.87395e-17 	3.07185 	2.14408
2.56563 	0.20001 	-1.73517e-17 	3.07817 	2.14413
2.57188 	0.20001 	-1.59639e-17 	3.09683 	2.14623
2.57813 	0.20001 	-1.45761e-17 	3.12347 	2.15032
2.58438 	0.20001 	-1.31883e-17 	3.14889 	2.1541
2.59063 	0.20001 	-1.31883e-17 	3.15819 	2.15498
2.59688 	0.20001 	-1.31883e-17 	3.14948 	2.15235
2.60313 	0.20001 	-1.31883e-17 	3.13104 	2.14798
2.60938 	0.20001 	-1.31883e-17 	3.09746 	2.141
2.61563 	0.20001 	-1.31883e-17 	3.03656 	2.12876
2.62188 	0.20001 	-1.31883e-17 	2.96811 	2.1152
2.62813 	0.20001 	-1.18006e-17 	2.9211 	2.1057
2.63438 	0.20001 	-1.18006e-17 	2.89648 	2.10056
2.64063 	0.20001 	-1.31883e-17 	2.88612 	2.0986
2.64688 	0.20001 	-1.66578e-17 	2.8822 	2.09815
2.65313 	0.20001 	-2.01272e-17 	2.89005 	2.10035
2.65938 	0.20001 	-2.1515e-17 	2.91195 	2.10572
2.66563 	0.20001 	-2.42906e-17 	2.93884 	2.11206
2.67188 	0.20001 	-2.56783e-17 	2.96261 	2.11757
2.67813 	0.20001 	-2.88009e-17 	2.97485 	2.12045
2.68438 	0.20001 	-3.19234e-17 	2.97182 	2.12012
2.69063 	0.20001 	-3.19234e-17 	2.95991 	2.11809
2.69688 	0.20001 	-3.19234e-17 	2.93624 	2.11345
2.70313 	0.20001 	-3.19234e-17 	2.8933 	2.10468
2.70938 	0.20001 	-3.19234e-17 	2.84105 	2.09404
2.71563 	0.20001 	-3.53928e-17 	2.80535 	2.08667
2.72188 	0.20001 	-3.88622e-17 	2.78679 	2.0826
2.72813 	0.20001 	-3.88622e-17 	2.77715 	2.08034
2.73438 	0.20001 	-3.88622e-17 	2.77057 	2.07875
2.74063 	0.20001 	-4.025e-17 	2.76777 	2.07794
2.74688 	0.20001 	-4.16378e-17 	2.77071 	2.07836
2.75313 	0.20001 	-4.16378e-17 	2.77072 	2.07816
2.75938 	0.20001 	-4.16378e-17 	2.76438 	2.07647
2.76563 	0.20001 	-3.50459e-17 	2.75636 	2.07445
2.77188 	0.20001 	-3.01886e-17 	2.74424 	2.07159
2.77813 	0.20001 	-3.19234e-17 	2.73065 	2.0684
2.78438 	0.20001 	-3.19234e-17 	2.72231 	2.06637
2.79063 	0.20001 	-3.01886e-17 	2.71568 	2.06479
2.79688 	0.20001 	-2.84539e-17 	2.71134 	2.0638
2.80313 	0.20001 	-2.84539e-17 	2.71185 	2.06391
2.80938 	0.20001 	-2.84539e-17 	2.71472 	2.06451
2.81563 	0.20001 	-2.84539e-17 	2.71103 	2.0636
2.82188 	0.20001 	-2.84539e-17 	2.70279 	2.06169
2.82813 	0.20001 	-2.84539e-17 	2.6911 	2.05915
2.83438 	0.20001 	-2.35967e-17 	2.67051 	2.05482
2.84063 	0.20001 	-1.87395e-17 	2.63386 	2.0471
2.84688 	0.20001 	-1.87395e-17 	2.59598 	2.0392
2.85313 	0.20001 	-1.73517e-17 	2.57613 	2.03519
2.85938 	0.20001 	-1.59639e-17 	2.56754 	2.03376
2.86563 	0.20001 	-1.59639e-17 	2.56183 	2.03308
2.87188 	0.20001 	-1.59639e-17 	2.55867 	2.03297
2.87813 	0.20001 	-1.73517e-17 	2.55839 	2.03366
2.88438 	0.20001 	-1.87395e-17 	2.55577 	2.03402
2.89063 	0.20001 	-1.73517e-17 	2.55113 	2.03404
2.89688 	0.20001 	-1.59639e-17 	2.54615 	2.03392
2.90313 	0.20001 	-1.42292e-17 	2.54066 	2.03354
2.90937 	0.20001 	-1.38822e-17 	2.53372 	2.03268
2.91562 	0.20001 	-1.66578e-17 	2.52177 	2.03048
2.92187 	0.20001 	-1.80456e-17 	2.50632 	2.0273
2.92812 	0.20001 	-1.80456e-17 	2.48945 	2.02368
2.93437 	0.20001 	-1.80456e-17 	2.47012 	2.01938
2.94062 	0.20001 	-1.80456e-17 	2.44616 	2.01391
2.94687 	0.20001 	-1.80456e-17 	2.42231 	2.00822
2.95312 	0.20001 	-1.45761e-17 	2.40213 	2.00296
2.95937 	0.20001 	-1.11067e-17 	2.38758 	1.99879
2.96562 	0.20001 	-1.11067e-17 	2.37893 	1.99608
2.97187 	0.20001 	-1.45761e-17 	2.37311 	1.99408
2.97812 	0.20001 	-1.80456e-17 	2.36997 	1.99279
2.98437 	0.20001 	-1.31883e-17 	2.37323 	1.9931
2.99062 	0.20001 	-8.33111e-18 	2.38305 	1.99473
2.99687 	0.20001 	-1.18006e-17 	2.38005 	1.99322
