/*--------------------------------*- C++ -*----------------------------------*\
  =========                 |
  \\      /  F ield         | OpenFOAM: The Open Source CFD Toolbox
   \\    /   O peration     | Website:  https://openfoam.org
    \\  /    A nd           | Version:  7
     \\/     M anipulation  |
\*---------------------------------------------------------------------------*/
FoamFile
{
    version     2.0;
    format      ascii;
    class       surfaceScalarField;
    location    "0.5";
    object      phi;
}
// * * * * * * * * * * * * * * * * * * * * * * * * * * * * * * * * * * * * * //

dimensions      [0 3 -1 0 0 0 0];

internalField   nonuniform List<scalar> 
6280
(
1.67746e-09
-1.6771e-09
3.0581e-09
-1.38064e-09
2.5131e-09
5.44995e-10
-4.41404e-10
2.95451e-09
-5.79935e-09
5.35795e-09
-1.33444e-08
7.54509e-09
-2.27732e-08
9.42875e-09
-3.37568e-08
1.09837e-08
-4.59715e-08
1.22147e-08
-5.91126e-08
1.31411e-08
-7.29018e-08
1.37893e-08
-8.70904e-08
1.41886e-08
-1.0146e-07
1.43694e-08
-1.15821e-07
1.43616e-08
-1.30015e-07
1.4194e-08
-1.43909e-07
1.38936e-08
-1.57394e-07
1.34853e-08
-1.70386e-07
1.29919e-08
-1.8282e-07
1.24338e-08
-1.94649e-07
1.1829e-08
-2.05842e-07
1.1193e-08
-2.16381e-07
1.05395e-08
-2.26261e-07
9.87961e-09
-2.35484e-07
9.2228e-09
-2.4406e-07
8.57656e-09
-2.52007e-07
7.94676e-09
-2.59345e-07
7.33776e-09
-2.66097e-07
6.75259e-09
-2.72291e-07
6.19307e-09
-2.77951e-07
5.65998e-09
-2.83104e-07
5.1532e-09
-2.87775e-07
4.67178e-09
-2.9199e-07
4.21407e-09
-2.95767e-07
3.77785e-09
-2.99128e-07
3.36035e-09
-3.02086e-07
2.95838e-09
-3.04654e-07
2.56837e-09
-3.06841e-07
2.18643e-09
-3.08649e-07
1.80841e-09
-3.10079e-07
1.42994e-09
-3.11126e-07
1.0465e-09
-3.11779e-07
6.53447e-10
-3.12025e-07
2.46101e-10
-3.11845e-07
-1.80214e-10
-3.11215e-07
-6.30094e-10
-3.10107e-07
-1.10799e-09
-3.08489e-07
-1.61809e-09
-3.06325e-07
-2.16427e-09
-3.03575e-07
-2.74988e-09
-3.00197e-07
-3.37769e-09
-2.96147e-07
-4.04971e-09
-2.9138e-07
-4.76696e-09
-2.85851e-07
-5.52939e-09
-2.79515e-07
-6.33558e-09
-2.72333e-07
-7.1826e-09
-2.64267e-07
-8.06572e-09
-2.55289e-07
-8.97823e-09
-2.45378e-07
-9.91124e-09
-2.34524e-07
-1.08534e-08
-2.22733e-07
-1.1791e-08
-2.10026e-07
-1.27074e-08
-1.96443e-07
-1.35833e-08
-1.82046e-07
-1.43969e-08
-1.66922e-07
-1.51235e-08
-1.51186e-07
-1.5736e-08
-1.34981e-07
-1.62051e-08
-1.18481e-07
-1.64997e-08
-1.01894e-07
-1.65875e-08
-8.54585e-08
-1.64354e-08
-6.94479e-08
-1.60105e-08
-5.41669e-08
-1.5281e-08
-3.99493e-08
-1.42176e-08
-2.71537e-08
-1.27956e-08
-1.61548e-08
-1.09989e-08
-7.32733e-09
-8.82748e-09
-1.0139e-09
-6.31344e-09
2.54156e-09
-3.55546e-09
3.32787e-09
-7.86305e-10
1.87461e-09
1.45327e-09
1.87461e-09
1.40157e-09
-3.07867e-09
5.75823e-10
-5.54886e-10
-4.80171e-09
5.92253e-09
-1.56385e-08
1.37912e-08
-3.20603e-08
2.17797e-08
-5.37281e-08
2.9213e-08
-8.005e-08
3.57506e-08
-1.10316e-07
4.12495e-08
-1.43779e-07
4.56783e-08
-1.79707e-07
4.90682e-08
-2.17404e-07
5.14863e-08
-2.56234e-07
5.30191e-08
-2.95627e-07
5.37625e-08
-3.35082e-07
5.3816e-08
-3.74165e-07
5.32778e-08
-4.12514e-07
5.22423e-08
-4.49827e-07
5.07983e-08
-4.85863e-07
4.90277e-08
-5.20434e-07
4.70046e-08
-5.534e-07
4.47955e-08
-5.84665e-07
4.24583e-08
-6.1417e-07
4.00436e-08
-6.41884e-07
3.7594e-08
-6.67806e-07
3.51451e-08
-6.91956e-07
3.27259e-08
-7.14368e-07
3.03592e-08
-7.35092e-07
2.8062e-08
-7.54186e-07
2.58467e-08
-7.71714e-07
2.37209e-08
-7.87743e-07
2.16883e-08
-8.02338e-07
1.97491e-08
-8.15567e-07
1.79005e-08
-8.2749e-07
1.61369e-08
-8.38163e-07
1.44504e-08
-8.47634e-07
1.28314e-08
-8.55943e-07
1.12681e-08
-8.63123e-07
9.74774e-09
-8.69192e-07
8.25601e-09
-8.74162e-07
6.77776e-09
-8.78029e-07
5.29705e-09
-8.8078e-07
3.79732e-09
-8.82388e-07
2.26166e-09
-8.82815e-07
6.72991e-10
-8.82009e-07
-9.85655e-10
-8.79908e-07
-2.7309e-09
-8.76438e-07
-4.5787e-09
-8.71512e-07
-6.54399e-09
-8.65036e-07
-8.64033e-09
-8.56906e-07
-1.08794e-08
-8.47013e-07
-1.32705e-08
-8.35243e-07
-1.58199e-08
-8.2148e-07
-1.85306e-08
-8.05608e-07
-2.14009e-08
-7.87519e-07
-2.44245e-08
-7.67113e-07
-2.75891e-08
-7.44302e-07
-3.08761e-08
-7.19021e-07
-3.42595e-08
-6.91227e-07
-3.77053e-08
-6.60909e-07
-4.11711e-08
-6.28095e-07
-4.46051e-08
-5.92857e-07
-4.79461e-08
-5.55317e-07
-5.11234e-08
-5.15657e-07
-5.40568e-08
-4.74123e-07
-5.66569e-08
-4.31033e-07
-5.88264e-08
-3.86777e-07
-6.0461e-08
-3.41826e-07
-6.14509e-08
-2.9673e-07
-6.16836e-08
-2.52119e-07
-6.10464e-08
-2.08699e-07
-5.94303e-08
-1.67245e-07
-5.67349e-08
-1.28588e-07
-5.2875e-08
-9.35921e-08
-4.77913e-08
-6.31246e-08
-4.14665e-08
-3.79992e-08
-3.39529e-08
-1.88883e-08
-2.54244e-08
-6.17534e-09
-1.62684e-08
2.75548e-10
-7.23721e-09
1.47166e-09
2.57154e-10
3.34628e-09
-4.93293e-10
-2.58538e-09
-5.85784e-09
4.80966e-09
-1.81452e-08
1.82098e-08
-3.82252e-08
3.38713e-08
-6.61883e-08
4.97428e-08
-1.01594e-07
6.46189e-08
-1.43672e-07
7.78284e-08
-1.9147e-07
8.90471e-08
-2.43958e-07
9.81663e-08
-3.00099e-07
1.0521e-07
-3.58895e-07
1.10282e-07
-4.19414e-07
1.13538e-07
-4.80809e-07
1.15158e-07
-5.42328e-07
1.15335e-07
-6.03315e-07
1.14265e-07
-6.63213e-07
1.1214e-07
-7.21556e-07
1.09141e-07
-7.77967e-07
1.05439e-07
-8.3215e-07
1.01187e-07
-8.83879e-07
9.65253e-08
-9.32998e-07
9.1577e-08
-9.79403e-07
8.6449e-08
-1.02304e-06
8.12328e-08
-1.0639e-06
7.60047e-08
-1.102e-06
7.08275e-08
-1.13739e-06
6.57505e-08
-1.17014e-06
6.08116e-08
-1.20034e-06
5.60378e-08
-1.22806e-06
5.14465e-08
-1.25342e-06
4.70467e-08
-1.27651e-06
4.28397e-08
-1.29743e-06
3.88202e-08
-1.31627e-06
3.49773e-08
-1.33311e-06
3.12948e-08
-1.34804e-06
2.77524e-08
-1.36109e-06
2.43262e-08
-1.37233e-06
2.0989e-08
-1.38179e-06
1.77109e-08
-1.38947e-06
1.44603e-08
-1.39538e-06
1.12035e-08
-1.39949e-06
7.9059e-09
-1.40176e-06
4.53191e-09
-1.40213e-06
1.04582e-09
-1.40053e-06
-2.58782e-09
-1.39686e-06
-6.40364e-09
-1.391e-06
-1.04347e-08
-1.38283e-06
-1.47118e-08
-1.37221e-06
-1.92628e-08
-1.35898e-06
-2.41111e-08
-1.34297e-06
-2.92753e-08
-1.32403e-06
-3.47675e-08
-1.30196e-06
-4.05921e-08
-1.27662e-06
-4.67446e-08
-1.24783e-06
-5.32097e-08
-1.21546e-06
-5.99601e-08
-1.17938e-06
-6.69548e-08
-1.13951e-06
-7.41376e-08
-1.09578e-06
-8.14356e-08
-1.04819e-06
-8.87581e-08
-9.96799e-07
-9.59954e-08
-9.41727e-07
-1.03018e-07
-8.83172e-07
-1.09679e-07
-8.21421e-07
-1.15808e-07
-7.56857e-07
-1.21221e-07
-6.89967e-07
-1.25716e-07
-6.2135e-07
-1.29078e-07
-5.51716e-07
-1.31084e-07
-4.81894e-07
-1.31506e-07
-4.12821e-07
-1.30119e-07
-3.45539e-07
-1.26712e-07
-2.81178e-07
-1.21096e-07
-2.20932e-07
-1.13121e-07
-1.66024e-07
-1.02699e-07
-1.17652e-07
-8.98388e-08
-7.69095e-08
-7.46955e-08
-4.46733e-08
-5.76606e-08
-2.14403e-08
-3.95014e-08
-7.11064e-09
-2.15669e-08
-7.18472e-10
-6.13502e-09
2.62782e-09
-2.90381e-09
3.18434e-10
-1.38219e-08
1.57277e-08
-3.40728e-08
3.84607e-08
-6.41676e-08
6.39662e-08
-1.03977e-07
8.95527e-08
-1.5289e-07
1.13532e-07
-2.09964e-07
1.34902e-07
-2.74055e-07
1.53138e-07
-3.43924e-07
1.68035e-07
-4.1831e-07
1.79596e-07
-4.95986e-07
1.87958e-07
-5.75796e-07
1.93349e-07
-6.56682e-07
1.96043e-07
-7.37692e-07
1.96345e-07
-8.17994e-07
1.94567e-07
-8.96873e-07
1.91019e-07
-9.7373e-07
1.85999e-07
-1.04808e-06
1.79784e-07
-1.11952e-06
1.72633e-07
-1.18777e-06
1.64778e-07
-1.25262e-06
1.56424e-07
-1.31392e-06
1.47752e-07
-1.37161e-06
1.38915e-07
-1.42565e-06
1.30045e-07
-1.47607e-06
1.21246e-07
-1.52292e-06
1.12604e-07
-1.56629e-06
1.04183e-07
-1.60628e-06
9.60314e-08
-1.64302e-06
8.81784e-08
-1.67661e-06
8.06407e-08
-1.70719e-06
7.34214e-08
-1.73488e-06
6.65127e-08
-1.7598e-06
5.98968e-08
-1.78206e-06
5.35473e-08
-1.80173e-06
4.74308e-08
-1.81892e-06
4.15072e-08
-1.83366e-06
3.57313e-08
-1.846e-06
3.00536e-08
-1.85596e-06
2.44208e-08
-1.86353e-06
1.87769e-08
-1.86869e-06
1.3064e-08
-1.87138e-06
7.22292e-09
-1.87153e-06
1.19412e-09
-1.86904e-06
-5.08136e-09
-1.86378e-06
-1.16609e-08
-1.85562e-06
-1.85993e-08
-1.84438e-06
-2.59472e-08
-1.82989e-06
-3.375e-08
-1.81196e-06
-4.20461e-08
-1.79037e-06
-5.08651e-08
-1.76491e-06
-6.02258e-08
-1.73537e-06
-7.0134e-08
-1.70153e-06
-8.05803e-08
-1.6632e-06
-9.15376e-08
-1.62021e-06
-1.02958e-07
-1.57239e-06
-1.14772e-07
-1.51964e-06
-1.26884e-07
-1.46191e-06
-1.3917e-07
-1.39919e-06
-1.51478e-07
-1.33156e-06
-1.63625e-07
-1.25918e-06
-1.75393e-07
-1.18232e-06
-1.86537e-07
-1.10135e-06
-1.96778e-07
-1.01677e-06
-2.05808e-07
-9.29189e-07
-2.13295e-07
-8.3938e-07
-2.18888e-07
-7.48243e-07
-2.22221e-07
-6.56821e-07
-2.22927e-07
-5.66292e-07
-2.20649e-07
-4.77953e-07
-2.15052e-07
-3.93202e-07
-2.05847e-07
-3.13504e-07
-1.92818e-07
-2.40346e-07
-1.75857e-07
-1.75171e-07
-1.55014e-07
-1.19293e-07
-1.30574e-07
-7.3783e-08
-1.03171e-07
-3.93276e-08
-7.39568e-08
-1.60678e-08
-4.48267e-08
-3.436e-09
-1.87668e-08
-8.08182e-10
-5.38334e-09
5.70178e-09
-2.21838e-08
3.25282e-08
-5.08081e-08
6.7085e-08
-9.12193e-08
1.04377e-07
-1.42931e-07
1.41264e-07
-2.05078e-07
1.75679e-07
-2.76513e-07
2.06337e-07
-3.5591e-07
2.32534e-07
-4.41846e-07
2.53971e-07
-5.3288e-07
2.7063e-07
-6.27607e-07
2.82686e-07
-7.24698e-07
2.90439e-07
-8.22926e-07
2.94272e-07
-9.21191e-07
2.94609e-07
-1.01852e-06
2.91896e-07
-1.11408e-06
2.86576e-07
-1.20716e-06
2.79079e-07
-1.29718e-06
2.69811e-07
-1.3837e-06
2.59148e-07
-1.46635e-06
2.47431e-07
-1.54489e-06
2.34962e-07
-1.61915e-06
2.22008e-07
-1.68903e-06
2.08799e-07
-1.75451e-06
1.95526e-07
-1.81561e-06
1.82347e-07
-1.8724e-06
1.69391e-07
-1.92497e-06
1.56753e-07
-1.97344e-06
1.44505e-07
-2.01795e-06
1.32692e-07
-2.05865e-06
1.21341e-07
-2.09569e-06
1.10456e-07
-2.1292e-06
1.00027e-07
-2.15933e-06
9.00275e-08
-2.18621e-06
8.04203e-08
-2.20993e-06
7.11556e-08
-2.2306e-06
6.21749e-08
-2.24828e-06
5.34115e-08
-2.26302e-06
4.47925e-08
-2.27484e-06
3.62395e-08
-2.28373e-06
2.767e-08
-2.28966e-06
1.89987e-08
-2.29258e-06
1.01386e-08
-2.29239e-06
1.00227e-09
-2.28897e-06
-8.49686e-09
-2.28219e-06
-1.84428e-08
-2.27188e-06
-2.89156e-08
-2.25783e-06
-3.99892e-08
-2.23985e-06
-5.17295e-08
-2.21771e-06
-6.41918e-08
-2.19115e-06
-7.74185e-08
-2.15994e-06
-9.14359e-08
-2.12383e-06
-1.06251e-07
-2.08256e-06
-1.21849e-07
-2.03591e-06
-1.38188e-07
-1.98367e-06
-1.55196e-07
-1.92567e-06
-1.7277e-07
-1.86179e-06
-1.90766e-07
-1.79196e-06
-2.09004e-07
-1.71618e-06
-2.27257e-07
-1.63455e-06
-2.45257e-07
-1.54725e-06
-2.62686e-07
-1.45461e-06
-2.79182e-07
-1.35705e-06
-2.94337e-07
-1.25515e-06
-3.07705e-07
-1.14965e-06
-3.18801e-07
-1.04142e-06
-3.27117e-07
-9.31514e-07
-3.32125e-07
-8.21142e-07
-3.33299e-07
-7.11662e-07
-3.30129e-07
-6.04568e-07
-3.22146e-07
-5.01464e-07
-3.08951e-07
-4.04025e-07
-2.90257e-07
-3.13951e-07
-2.65931e-07
-2.32894e-07
-2.36071e-07
-1.6238e-07
-2.01088e-07
-1.03708e-07
-1.61843e-07
-5.78455e-08
-1.1982e-07
-2.53249e-08
-7.73474e-08
-6.18314e-09
-3.79086e-08
-6.99133e-09
-7.75637e-09
1.34581e-08
-3.03826e-08
5.51544e-08
-6.73703e-08
1.04073e-07
-1.1805e-07
1.55057e-07
-1.81489e-07
2.04703e-07
-2.56499e-07
2.50689e-07
-3.41687e-07
2.91525e-07
-4.35521e-07
3.26369e-07
-5.36404e-07
3.54854e-07
-6.42732e-07
3.76958e-07
-7.52948e-07
3.92901e-07
-8.65582e-07
4.03072e-07
-9.79277e-07
4.07967e-07
-1.09281e-06
4.08146e-07
-1.20512e-06
4.04198e-07
-1.31526e-06
3.96715e-07
-1.42245e-06
3.86273e-07
-1.52606e-06
3.7342e-07
-1.62557e-06
3.58663e-07
-1.72061e-06
3.42462e-07
-1.81088e-06
3.25232e-07
-1.8962e-06
3.07334e-07
-1.97648e-06
2.89079e-07
-2.05169e-06
2.70732e-07
-2.12185e-06
2.52508e-07
-2.18704e-06
2.34582e-07
-2.24737e-06
2.17087e-07
-2.30299e-06
2.0012e-07
-2.35404e-06
1.83745e-07
-2.4007e-06
1.67996e-07
-2.44313e-06
1.52883e-07
-2.48149e-06
1.38391e-07
-2.51595e-06
1.24484e-07
-2.54664e-06
1.11112e-07
-2.57369e-06
9.82074e-08
-2.59721e-06
8.56901e-08
-2.61726e-06
7.34697e-08
-2.63392e-06
6.14467e-08
-2.64719e-06
4.95146e-08
-2.65708e-06
3.75612e-08
-2.66356e-06
2.54703e-08
-2.66654e-06
1.31239e-08
-2.66594e-06
4.03043e-10
-2.66163e-06
-1.28095e-08
-2.65344e-06
-2.66277e-08
-2.6412e-06
-4.11597e-08
-2.62468e-06
-5.65054e-08
-2.60366e-06
-7.27538e-08
-2.57787e-06
-8.99791e-08
-2.54705e-06
-1.08238e-07
-2.51092e-06
-1.27566e-07
-2.4692e-06
-1.47971e-07
-2.42162e-06
-1.69432e-07
-2.36792e-06
-1.91891e-07
-2.30786e-06
-2.15252e-07
-2.24126e-06
-2.39371e-07
-2.16797e-06
-2.64056e-07
-2.08791e-06
-2.89061e-07
-2.00109e-06
-3.1408e-07
-1.9076e-06
-3.38748e-07
-1.80765e-06
-3.62636e-07
-1.70157e-06
-3.85257e-07
-1.58985e-06
-4.06059e-07
-1.47312e-06
-4.24441e-07
-1.35217e-06
-4.39751e-07
-1.22798e-06
-4.51306e-07
-1.1017e-06
-4.584e-07
-9.7467e-07
-4.6033e-07
-8.48379e-07
-4.5642e-07
-7.24476e-07
-4.46049e-07
-6.04729e-07
-4.28698e-07
-4.90993e-07
-4.03993e-07
-3.85155e-07
-3.7177e-07
-2.8907e-07
-3.32155e-07
-2.04496e-07
-2.85662e-07
-1.33007e-07
-2.33332e-07
-7.59251e-08
-1.76902e-07
-3.42705e-08
-1.19002e-07
-8.76985e-09
-6.34092e-08
-1.57612e-08
-9.96001e-09
2.34182e-08
-3.81612e-08
8.33556e-08
-8.32532e-08
1.49165e-07
-1.43918e-07
2.15722e-07
-2.18732e-07
2.79517e-07
-3.06132e-07
3.3809e-07
-4.0444e-07
3.89832e-07
-5.11894e-07
4.33823e-07
-6.26709e-07
4.6967e-07
-7.47123e-07
4.97371e-07
-8.71438e-07
5.17217e-07
-9.98065e-07
5.29699e-07
-1.12554e-06
5.35444e-07
-1.25255e-06
5.35159e-07
-1.37795e-06
5.29594e-07
-1.50074e-06
5.195e-07
-1.62008e-06
5.05614e-07
-1.73529e-06
4.88634e-07
-1.84584e-06
4.69211e-07
-1.95131e-06
4.47937e-07
-2.05142e-06
4.25343e-07
-2.14598e-06
4.01893e-07
-2.23489e-06
3.7799e-07
-2.31813e-06
3.53972e-07
-2.39574e-06
3.3012e-07
-2.46782e-06
3.06656e-07
-2.53448e-06
2.83752e-07
-2.5959e-06
2.61534e-07
-2.65224e-06
2.40085e-07
-2.70369e-06
2.19447e-07
-2.75044e-06
1.99633e-07
-2.79267e-06
1.80624e-07
-2.83056e-06
1.62374e-07
-2.86427e-06
1.44817e-07
-2.89392e-06
1.27866e-07
-2.91965e-06
1.11417e-07
-2.94154e-06
9.5354e-08
-2.95964e-06
7.95487e-08
-2.97399e-06
6.38635e-08
-2.98458e-06
4.81537e-08
-2.99138e-06
3.227e-08
-2.99431e-06
1.606e-08
-2.99328e-06
-6.2882e-10
-2.98814e-06
-1.79475e-08
-2.97873e-06
-3.60422e-08
-2.96484e-06
-5.50521e-08
-2.94624e-06
-7.51053e-08
-2.92268e-06
-9.63159e-08
-2.89388e-06
-1.18779e-07
-2.85955e-06
-1.42569e-07
-2.81938e-06
-1.67728e-07
-2.77308e-06
-1.9427e-07
-2.72035e-06
-2.22166e-07
-2.6609e-06
-2.51345e-07
-2.59447e-06
-2.81681e-07
-2.52084e-06
-3.12994e-07
-2.43986e-06
-3.45037e-07
-2.35143e-06
-3.77496e-07
-2.25552e-06
-4.09982e-07
-2.15224e-06
-4.42029e-07
-2.04179e-06
-4.73089e-07
-1.92451e-06
-5.02539e-07
-1.80089e-06
-5.29677e-07
-1.6716e-06
-5.53732e-07
-1.53748e-06
-5.73874e-07
-1.39955e-06
-5.8923e-07
-1.25905e-06
-5.98902e-07
-1.11739e-06
-6.01992e-07
-9.76169e-07
-5.9764e-07
-8.37159e-07
-5.85059e-07
-7.02269e-07
-5.63587e-07
-5.73514e-07
-5.32748e-07
-4.52965e-07
-4.92319e-07
-3.42694e-07
-4.42425e-07
-2.44715e-07
-3.83641e-07
-1.60923e-07
-3.17125e-07
-9.30468e-08
-2.44778e-07
-4.26426e-08
-1.69406e-07
-1.11351e-08
-9.49168e-08
-2.68963e-08
-1.1984e-08
3.54022e-08
-4.54297e-08
1.16801e-07
-9.8239e-08
2.01974e-07
-1.68467e-07
2.8595e-07
-2.54181e-07
3.65231e-07
-3.53416e-07
4.37325e-07
-4.64172e-07
5.00588e-07
-5.84436e-07
5.54087e-07
-7.12218e-07
5.97451e-07
-8.45589e-07
6.30743e-07
-9.8272e-07
6.54348e-07
-1.12191e-06
6.68887e-07
-1.2616e-06
6.75139e-07
-1.40042e-06
6.73977e-07
-1.53715e-06
6.66324e-07
-1.67076e-06
6.53107e-07
-1.80038e-06
6.35233e-07
-1.92531e-06
6.13565e-07
-2.045e-06
5.88904e-07
-2.15905e-06
5.61983e-07
-2.26716e-06
5.33454e-07
-2.36916e-06
5.03893e-07
-2.46496e-06
4.73796e-07
-2.55457e-06
4.43579e-07
-2.63804e-06
4.13588e-07
-2.71548e-06
3.84098e-07
-2.78705e-06
3.5532e-07
-2.85292e-06
3.27407e-07
-2.9133e-06
3.00459e-07
-2.96838e-06
2.74531e-07
-3.01838e-06
2.49635e-07
-3.0635e-06
2.25745e-07
-3.10393e-06
2.02805e-07
-3.13985e-06
1.80731e-07
-3.1714e-06
1.59414e-07
-3.19871e-06
1.38727e-07
-3.22188e-06
1.18525e-07
-3.24098e-06
9.86466e-08
-3.25604e-06
7.8923e-08
-3.26706e-06
5.91747e-08
-3.274e-06
3.92165e-08
-3.2768e-06
1.88602e-08
-3.27535e-06
-2.08323e-09
-3.2695e-06
-2.38003e-08
-3.25907e-06
-4.64719e-08
-3.24385e-06
-7.027e-08
-3.2236e-06
-9.53533e-08
-3.19805e-06
-1.21863e-07
-3.16691e-06
-1.49919e-07
-3.12987e-06
-1.7961e-07
-3.08661e-06
-2.10995e-07
-3.03679e-06
-2.44089e-07
-2.98009e-06
-2.78861e-07
-2.91621e-06
-3.15224e-07
-2.84487e-06
-3.53029e-07
-2.7658e-06
-3.92055e-07
-2.67884e-06
-4.32004e-07
-2.58384e-06
-4.72492e-07
-2.48078e-06
-5.13046e-07
-2.36971e-06
-5.53094e-07
-2.25084e-06
-5.91969e-07
-2.12447e-06
-6.28904e-07
-1.99111e-06
-6.6304e-07
-1.85141e-06
-6.9343e-07
-1.70623e-06
-7.19052e-07
-1.55663e-06
-7.38832e-07
-1.40387e-06
-7.5166e-07
-1.24943e-06
-7.56432e-07
-1.09499e-06
-7.52081e-07
-9.42418e-07
-7.37631e-07
-7.93751e-07
-7.12254e-07
-6.5116e-07
-6.75339e-07
-5.16906e-07
-6.26574e-07
-3.93293e-07
-5.66038e-07
-2.82622e-07
-4.94312e-07
-1.87141e-07
-4.12606e-07
-1.09023e-07
-3.22895e-07
-5.0371e-08
-2.28058e-07
-1.32772e-08
-1.32011e-07
-4.01735e-08
-1.38404e-08
4.92426e-08
-5.21838e-08
1.55145e-07
-1.12274e-07
2.62064e-07
-1.91573e-07
3.65249e-07
-2.87644e-07
4.61302e-07
-3.98101e-07
5.47782e-07
-5.20601e-07
6.23088e-07
-6.52855e-07
6.86342e-07
-7.92653e-07
7.3725e-07
-9.37892e-07
7.75982e-07
-1.08661e-06
8.03063e-07
-1.23699e-06
8.19272e-07
-1.38742e-06
8.25565e-07
-1.53645e-06
8.23004e-07
-1.68283e-06
8.12704e-07
-1.8255e-06
7.95782e-07
-1.9636e-06
7.7333e-07
-2.09642e-06
7.46384e-07
-2.22342e-06
7.15906e-07
-2.34421e-06
6.82772e-07
-2.45852e-06
6.47765e-07
-2.5662e-06
6.11573e-07
-2.66719e-06
5.74787e-07
-2.76152e-06
5.37905e-07
-2.84927e-06
5.01337e-07
-2.93058e-06
4.65409e-07
-3.00563e-06
4.30371e-07
-3.07463e-06
3.96404e-07
-3.13779e-06
3.63624e-07
-3.19535e-06
3.32092e-07
-3.24754e-06
3.01821e-07
-3.29457e-06
2.72777e-07
-3.33665e-06
2.4489e-07
-3.37398e-06
2.18058e-07
-3.40672e-06
1.92149e-07
-3.435e-06
1.67006e-07
-3.45893e-06
1.42456e-07
-3.47859e-06
1.18306e-07
-3.49401e-06
9.43498e-08
-3.50521e-06
7.03731e-08
-3.51215e-06
4.61533e-08
-3.51475e-06
2.14641e-08
-3.51291e-06
-3.92118e-09
-3.50649e-06
-3.02267e-08
-3.49529e-06
-5.76699e-08
-3.4791e-06
-8.64575e-08
-3.45767e-06
-1.16781e-07
-3.43073e-06
-1.48811e-07
-3.39795e-06
-1.82691e-07
-3.35903e-06
-2.18535e-07
-3.31361e-06
-2.56412e-07
-3.26136e-06
-2.96346e-07
-3.20191e-06
-3.38305e-07
-3.13494e-06
-3.82191e-07
-3.06014e-06
-4.27832e-07
-2.97722e-06
-4.74972e-07
-2.88597e-06
-5.23262e-07
-2.78621e-06
-5.72251e-07
-2.67787e-06
-6.21382e-07
-2.56098e-06
-6.6998e-07
-2.4357e-06
-7.17255e-07
-2.3023e-06
-7.62297e-07
-2.16126e-06
-8.04081e-07
-2.01321e-06
-8.41479e-07
-1.859e-06
-8.73269e-07
-1.69967e-06
-8.9816e-07
-1.53651e-06
-9.14819e-07
-1.37103e-06
-9.2191e-07
-1.20497e-06
-9.1814e-07
-1.04029e-06
-9.02315e-07
-8.79135e-07
-8.73408e-07
-7.23837e-07
-8.30637e-07
-5.76856e-07
-7.73555e-07
-4.40749e-07
-7.02145e-07
-3.18126e-07
-6.16935e-07
-2.11617e-07
-5.19115e-07
-1.23854e-07
-4.10659e-07
-5.74825e-08
-2.9443e-07
-1.52198e-08
-1.74273e-07
-5.53932e-08
-1.55499e-08
6.47925e-08
-5.84615e-08
1.98056e-07
-1.25394e-07
3.28996e-07
-2.13255e-07
4.5311e-07
-3.1911e-07
5.67157e-07
-4.40146e-07
6.68818e-07
-5.73661e-07
7.56603e-07
-7.17072e-07
8.29752e-07
-8.67934e-07
8.88112e-07
-1.02396e-06
9.3201e-07
-1.18305e-06
9.62152e-07
-1.34329e-06
9.79516e-07
-1.503e-06
9.85266e-07
-1.66067e-06
9.8068e-07
-1.81505e-06
9.67085e-07
-1.96508e-06
9.45809e-07
-2.10989e-06
9.18139e-07
-2.2488e-06
8.85296e-07
-2.3813e-06
8.48409e-07
-2.50704e-06
8.08505e-07
-2.62577e-06
7.66499e-07
-2.73739e-06
7.23193e-07
-2.84188e-06
6.79273e-07
-2.93929e-06
6.35319e-07
-3.02976e-06
5.91803e-07
-3.11345e-06
5.49102e-07
-3.19058e-06
5.075e-07
-3.26138e-06
4.67203e-07
-3.3261e-06
4.28343e-07
-3.38499e-06
3.90984e-07
-3.4383e-06
3.55136e-07
-3.48628e-06
3.20756e-07
-3.52915e-06
2.87758e-07
-3.56711e-06
2.56017e-07
-3.60034e-06
2.25378e-07
-3.62899e-06
1.95654e-07
-3.65317e-06
1.6664e-07
-3.67297e-06
1.38109e-07
-3.68844e-06
1.0982e-07
-3.69959e-06
8.15186e-08
-3.70638e-06
5.29452e-08
-3.70875e-06
2.3834e-08
-3.70659e-06
-6.08091e-09
-3.69976e-06
-3.70626e-08
-3.68806e-06
-6.93666e-08
-3.67128e-06
-1.03236e-07
-3.64916e-06
-1.38897e-07
-3.62142e-06
-1.76552e-07
-3.58774e-06
-2.16373e-07
-3.54778e-06
-2.58496e-07
-3.50118e-06
-3.03009e-07
-3.44758e-06
-3.49947e-07
-3.3866e-06
-3.99281e-07
-3.31789e-06
-4.50906e-07
-3.24109e-06
-5.04632e-07
-3.15589e-06
-5.60171e-07
-3.06202e-06
-6.17129e-07
-2.95928e-06
-6.74995e-07
-2.84753e-06
-7.33128e-07
-2.72676e-06
-7.90756e-07
-2.59705e-06
-8.46965e-07
-2.45864e-06
-9.00703e-07
-2.31195e-06
-9.50779e-07
-2.15755e-06
-9.95876e-07
-1.99625e-06
-1.03456e-06
-1.82909e-06
-1.06532e-06
-1.65733e-06
-1.08658e-06
-1.4825e-06
-1.09674e-06
-1.30637e-06
-1.09427e-06
-1.13097e-06
-1.07771e-06
-9.58583e-07
-1.0458e-06
-7.91679e-07
-9.9754e-07
-6.32935e-07
-9.32299e-07
-4.85175e-07
-8.49905e-07
-3.5134e-07
-7.5077e-07
-2.34461e-07
-6.35994e-07
-1.37638e-07
-5.07482e-07
-6.405e-08
-3.68018e-07
-1.69951e-08
-2.21328e-07
-7.23883e-08
-1.71359e-08
8.19285e-08
-6.43219e-08
2.45242e-07
-1.37687e-07
4.02362e-07
-2.33615e-07
5.49038e-07
-3.48685e-07
6.82227e-07
-4.7965e-07
7.99783e-07
-6.23439e-07
9.00391e-07
-7.7716e-07
9.83474e-07
-9.38122e-07
1.04907e-06
-1.10385e-06
1.09774e-06
-1.27209e-06
1.1304e-06
-1.44086e-06
1.14828e-06
-1.60838e-06
1.15279e-06
-1.77314e-06
1.14545e-06
-1.93388e-06
1.12783e-06
-2.08955e-06
1.10148e-06
-2.23931e-06
1.0679e-06
-2.38253e-06
1.02851e-06
-2.51873e-06
9.84614e-07
-2.64762e-06
9.3739e-07
-2.769e-06
8.87887e-07
-2.88283e-06
8.37022e-07
-2.98914e-06
7.85575e-07
-3.08802e-06
7.34203e-07
-3.17965e-06
6.83438e-07
-3.26425e-06
6.33702e-07
-3.34207e-06
5.85314e-07
-3.41336e-06
5.38499e-07
-3.47842e-06
4.93398e-07
-3.53751e-06
4.50079e-07
-3.59092e-06
4.08543e-07
-3.6389e-06
3.68736e-07
-3.68169e-06
3.30552e-07
-3.71952e-06
2.93844e-07
-3.75257e-06
2.58429e-07
-3.78101e-06
2.2409e-07
-3.80495e-06
1.90587e-07
-3.8245e-06
1.57659e-07
-3.83971e-06
1.25027e-07
-3.85059e-06
9.23989e-08
-3.85712e-06
5.94749e-08
-3.85923e-06
2.59494e-08
-3.85683e-06
-8.48389e-09
-3.84977e-06
-4.4128e-08
-3.83786e-06
-8.12776e-08
-3.82088e-06
-1.20214e-07
-3.79857e-06
-1.612e-07
-3.77066e-06
-2.04471e-07
-3.7368e-06
-2.50232e-07
-3.69665e-06
-2.98642e-07
-3.64984e-06
-3.49815e-07
-3.59599e-06
-4.03799e-07
-3.5347e-06
-4.60573e-07
-3.46557e-06
-5.20032e-07
-3.38823e-06
-5.81973e-07
-3.30232e-06
-6.46085e-07
-3.20751e-06
-7.11935e-07
-3.10355e-06
-7.78955e-07
-2.99025e-06
-8.46434e-07
-2.8675e-06
-9.13502e-07
-2.73534e-06
-9.7913e-07
-2.59392e-06
-1.04212e-06
-2.44357e-06
-1.10113e-06
-2.28481e-06
-1.15463e-06
-2.11838e-06
-1.20099e-06
-1.94525e-06
-1.23845e-06
-1.76667e-06
-1.26516e-06
-1.58415e-06
-1.27927e-06
-1.39949e-06
-1.27893e-06
-1.21477e-06
-1.26242e-06
-1.03239e-06
-1.22819e-06
-8.54968e-07
-1.17496e-06
-6.85412e-07
-1.10186e-06
-5.26824e-07
-1.00849e-06
-3.82496e-07
-8.95098e-07
-2.55872e-07
-7.62618e-07
-1.50528e-07
-6.12825e-07
-7.01677e-08
-4.48379e-07
-1.86381e-08
-2.72858e-07
-9.10264e-08
-1.86227e-08
1.00551e-07
-6.98339e-08
2.96453e-07
-1.49269e-07
4.81797e-07
-2.52807e-07
6.52577e-07
-3.76546e-07
8.05966e-07
-5.16802e-07
9.40039e-07
-6.70122e-07
1.05371e-06
-8.33295e-07
1.14665e-06
-1.00337e-06
1.21915e-06
-1.17769e-06
1.27205e-06
-1.35385e-06
1.30656e-06
-1.52976e-06
1.32419e-06
-1.70361e-06
1.32664e-06
-1.87388e-06
1.31572e-06
-2.03931e-06
1.29325e-06
-2.19889e-06
1.26105e-06
-2.35182e-06
1.22084e-06
-2.49754e-06
1.17423e-06
-2.63564e-06
1.12271e-06
-2.76588e-06
1.06763e-06
-2.88815e-06
1.01016e-06
-3.00247e-06
9.51333e-07
-3.10891e-06
8.92019e-07
-3.20765e-06
8.32946e-07
-3.29892e-06
7.74703e-07
-3.38297e-06
7.17751e-07
-3.46009e-06
6.62437e-07
-3.53059e-06
6.09e-07
-3.59478e-06
5.57589e-07
-3.65297e-06
5.08266e-07
-3.70545e-06
4.61024e-07
-3.7525e-06
4.1579e-07
-3.79439e-06
3.72439e-07
-3.83134e-06
3.30797e-07
-3.86357e-06
2.9065e-07
-3.89123e-06
2.51752e-07
-3.91447e-06
2.13827e-07
-3.93339e-06
1.76576e-07
-3.94804e-06
1.39684e-07
-3.95846e-06
1.02819e-07
-3.96463e-06
6.56404e-08
-3.96648e-06
2.7803e-08
-3.96392e-06
-1.10405e-08
-3.95682e-06
-5.12338e-08
-3.94498e-06
-9.3112e-08
-3.9282e-06
-1.36996e-07
-3.90622e-06
-1.83186e-07
-3.87873e-06
-2.31954e-07
-3.84543e-06
-2.83538e-07
-3.80594e-06
-3.38129e-07
-3.75989e-06
-3.95865e-07
-3.70687e-06
-4.56817e-07
-3.64647e-06
-5.20977e-07
-3.57826e-06
-5.88244e-07
-3.50182e-06
-6.58414e-07
-3.41674e-06
-7.3116e-07
-3.32266e-06
-8.06018e-07
-3.21924e-06
-8.82376e-07
-3.10622e-06
-9.59456e-07
-2.98341e-06
-1.0363e-06
-2.85076e-06
-1.11178e-06
-2.70833e-06
-1.18456e-06
-2.55634e-06
-1.25312e-06
-2.39522e-06
-1.31575e-06
-2.22562e-06
-1.3706e-06
-2.04843e-06
-1.41564e-06
-1.86483e-06
-1.44876e-06
-1.67631e-06
-1.46779e-06
-1.48467e-06
-1.47058e-06
-1.29204e-06
-1.45505e-06
-1.10091e-06
-1.41932e-06
-9.1407e-07
-1.36179e-06
-7.34645e-07
-1.28128e-06
-5.66034e-07
-1.1771e-06
-4.11893e-07
-1.04924e-06
-2.76095e-07
-8.98415e-07
-1.62702e-07
-7.26219e-07
-7.59375e-08
-5.35143e-07
-2.01831e-08
-3.28612e-07
-1.1121e-07
-2.00346e-08
1.20586e-07
-7.50724e-08
3.51491e-07
-1.60273e-07
5.66997e-07
-2.71017e-07
7.63321e-07
-4.0292e-07
9.37868e-07
-5.51851e-07
1.08897e-06
-7.13966e-07
1.21582e-06
-8.85723e-07
1.3184e-06
-1.06391e-06
1.39734e-06
-1.24566e-06
1.4538e-06
-1.42844e-06
1.48934e-06
-1.61008e-06
1.50583e-06
-1.78874e-06
1.5053e-06
-1.96288e-06
1.48986e-06
-2.13128e-06
1.46166e-06
-2.29298e-06
1.42275e-06
-2.44728e-06
1.37513e-06
-2.59366e-06
1.32061e-06
-2.73182e-06
1.26087e-06
-2.8616e-06
1.19741e-06
-2.98298e-06
1.13154e-06
-3.09604e-06
1.06439e-06
-3.20095e-06
9.96932e-07
-3.29795e-06
9.29945e-07
-3.38732e-06
8.64071e-07
-3.46937e-06
7.99805e-07
-3.54445e-06
7.37512e-07
-3.61289e-06
6.77442e-07
-3.67504e-06
6.1974e-07
-3.73124e-06
5.64464e-07
-3.7818e-06
5.11588e-07
-3.82703e-06
4.61022e-07
-3.86721e-06
4.12613e-07
-3.90257e-06
3.6616e-07
-3.93334e-06
3.21418e-07
-3.95969e-06
2.78105e-07
-3.98178e-06
2.35912e-07
-3.9997e-06
1.94502e-07
-4.01354e-06
1.53521e-07
-4.02332e-06
1.12597e-07
-4.02903e-06
7.13513e-08
-4.03062e-06
2.93965e-08
-4.02801e-06
-1.36553e-08
-4.02105e-06
-5.81887e-08
-4.00958e-06
-1.0458e-07
-3.99339e-06
-1.53189e-07
-3.97222e-06
-2.04358e-07
-3.94578e-06
-2.58396e-07
-3.91374e-06
-3.15577e-07
-3.87574e-06
-3.76127e-07
-3.83139e-06
-4.40215e-07
-3.78027e-06
-5.07937e-07
-3.72194e-06
-5.79307e-07
-3.65594e-06
-6.5424e-07
-3.58182e-06
-7.32535e-07
-3.49912e-06
-8.13859e-07
-3.40741e-06
-8.97733e-07
-3.30628e-06
-9.83508e-07
-3.19538e-06
-1.07035e-06
-3.07444e-06
-1.15724e-06
-2.94328e-06
-1.24294e-06
-2.80186e-06
-1.32598e-06
-2.65027e-06
-1.4047e-06
-2.48883e-06
-1.47719e-06
-2.31806e-06
-1.54137e-06
-2.13875e-06
-1.59494e-06
-1.952e-06
-1.63551e-06
-1.75923e-06
-1.66056e-06
-1.56221e-06
-1.66759e-06
-1.36313e-06
-1.65413e-06
-1.16454e-06
-1.61791e-06
-9.6939e-07
-1.55694e-06
-7.81038e-07
-1.46963e-06
-6.03185e-07
-1.35496e-06
-4.39865e-07
-1.21256e-06
-2.95398e-07
-1.04288e-06
-1.74346e-07
-8.47271e-07
-8.14633e-08
-6.28026e-07
-2.16636e-08
-3.88412e-07
-1.32873e-07
-2.13962e-08
1.41982e-07
-8.01161e-08
4.10211e-07
-1.70843e-07
6.57724e-07
-2.88453e-07
8.80931e-07
-4.28064e-07
1.07748e-06
-5.85088e-07
1.24599e-06
-7.5527e-07
1.38601e-06
-9.3473e-07
1.49786e-06
-1.11999e-06
1.5826e-06
-1.30797e-06
1.64178e-06
-1.49603e-06
1.6774e-06
-1.68191e-06
1.69171e-06
-1.86375e-06
1.68714e-06
-2.04005e-06
1.66616e-06
-2.20963e-06
1.63124e-06
-2.37162e-06
1.58474e-06
-2.52539e-06
1.5289e-06
-2.67055e-06
1.46577e-06
-2.80689e-06
1.39721e-06
-2.93437e-06
1.32488e-06
-3.05305e-06
1.25022e-06
-3.16311e-06
1.17446e-06
-3.26482e-06
1.09864e-06
-3.35848e-06
1.0236e-06
-3.44444e-06
9.5003e-07
-3.52307e-06
8.78439e-07
-3.59476e-06
8.09207e-07
-3.65991e-06
7.42584e-07
-3.71887e-06
6.78708e-07
-3.77203e-06
6.17621e-07
-3.81972e-06
5.59279e-07
-3.86226e-06
5.03564e-07
-3.89995e-06
4.50298e-07
-3.93304e-06
3.99247e-07
-3.96175e-06
3.50133e-07
-3.98629e-06
3.02639e-07
-4.00679e-06
2.56419e-07
-4.02339e-06
2.11099e-07
-4.03615e-06
1.66284e-07
-4.04512e-06
1.21567e-07
-4.0503e-06
7.65272e-08
-4.05164e-06
3.07369e-08
-4.04906e-06
-1.62321e-08
-4.04245e-06
-6.48051e-08
-4.03163e-06
-1.15399e-07
-4.0164e-06
-1.68417e-07
-3.99652e-06
-2.24238e-07
-3.9717e-06
-2.83214e-07
-3.94162e-06
-3.45659e-07
-3.90591e-06
-4.11835e-07
-3.86418e-06
-4.81948e-07
-3.81599e-06
-5.56127e-07
-3.76088e-06
-6.34414e-07
-3.69837e-06
-7.16747e-07
-3.62797e-06
-8.02941e-07
-3.54916e-06
-8.92671e-07
-3.46144e-06
-9.8545e-07
-3.36433e-06
-1.08061e-06
-3.2574e-06
-1.17729e-06
-3.14025e-06
-1.27439e-06
-3.01259e-06
-1.3706e-06
-2.87423e-06
-1.46434e-06
-2.72515e-06
-1.55379e-06
-2.56548e-06
-1.63686e-06
-2.39563e-06
-1.71122e-06
-2.21623e-06
-1.77434e-06
-2.02827e-06
-1.82347e-06
-1.83307e-06
-1.85576e-06
-1.63238e-06
-1.86828e-06
-1.42836e-06
-1.85815e-06
-1.22364e-06
-1.82263e-06
-1.02134e-06
-1.75925e-06
-8.25006e-07
-1.66596e-06
-6.38672e-07
-1.54129e-06
-4.66761e-07
-1.38447e-06
-3.1406e-07
-1.19558e-06
-1.85654e-07
-9.75678e-07
-8.68489e-08
-7.2683e-07
-2.31118e-08
-4.52149e-07
-1.55985e-07
-2.27328e-08
1.64715e-07
-8.50485e-08
4.72527e-07
-1.81135e-07
7.5381e-07
-3.05342e-07
1.00514e-06
-4.52265e-07
1.2244e-06
-6.16831e-07
1.41056e-06
-7.94362e-07
1.56354e-06
-9.80625e-07
1.68413e-06
-1.17187e-06
1.77384e-06
-1.36482e-06
1.83474e-06
-1.55672e-06
1.8693e-06
-1.74526e-06
1.88025e-06
-1.92857e-06
1.87045e-06
-2.10522e-06
1.8428e-06
-2.27409e-06
1.80011e-06
-2.43443e-06
1.74508e-06
-2.58573e-06
1.6802e-06
-2.72771e-06
1.60776e-06
-2.86031e-06
1.52981e-06
-2.98359e-06
1.44816e-06
-3.09775e-06
1.36438e-06
-3.20306e-06
1.27978e-06
-3.29988e-06
1.19546e-06
-3.38861e-06
1.11233e-06
-3.46966e-06
1.03108e-06
-3.54347e-06
9.52252e-07
-3.61048e-06
8.76217e-07
-3.67112e-06
8.03219e-07
-3.72579e-06
7.33382e-07
-3.7749e-06
6.66724e-07
-3.81879e-06
6.03176e-07
-3.85782e-06
5.42592e-07
-3.89228e-06
4.84759e-07
-3.92244e-06
4.29411e-07
-3.94854e-06
3.76233e-07
-3.97078e-06
3.24875e-07
-3.98931e-06
2.74951e-07
-4.00426e-06
2.2605e-07
-4.01572e-06
1.77741e-07
-4.02373e-06
1.29575e-07
-4.0283e-06
8.1095e-08
-4.02939e-06
3.18333e-08
-4.02695e-06
-1.86781e-08
-4.02085e-06
-7.09046e-08
-4.01094e-06
-1.25304e-07
-3.99704e-06
-1.82319e-07
-3.9789e-06
-2.42373e-07
-3.95626e-06
-3.05858e-07
-3.92879e-06
-3.7313e-07
-3.89613e-06
-4.44493e-07
-3.85789e-06
-5.20193e-07
-3.81361e-06
-6.00399e-07
-3.76284e-06
-6.85189e-07
-3.70505e-06
-7.74535e-07
-3.63971e-06
-8.68279e-07
-3.56627e-06
-9.66116e-07
-3.48415e-06
-1.06757e-06
-3.39279e-06
-1.17197e-06
-3.29166e-06
-1.27842e-06
-3.18024e-06
-1.38581e-06
-3.05811e-06
-1.49273e-06
-2.92492e-06
-1.59753e-06
-2.78049e-06
-1.69822e-06
-2.62478e-06
-1.79256e-06
-2.45801e-06
-1.87799e-06
-2.28066e-06
-1.95169e-06
-2.09354e-06
-2.01059e-06
-1.89787e-06
-2.05143e-06
-1.6953e-06
-2.07085e-06
-1.48797e-06
-2.06548e-06
-1.27856e-06
-2.03204e-06
-1.07029e-06
-1.96751e-06
-8.66957e-07
-1.8693e-06
-6.72892e-07
-1.73536e-06
-4.92933e-07
-1.56443e-06
-3.32362e-07
-1.35615e-06
-1.96817e-07
-1.11122e-06
-9.21979e-08
-8.3145e-07
-2.45591e-08
-5.19788e-07
-1.80544e-07
-2.40713e-08
1.88786e-07
-8.99593e-08
5.38415e-07
-1.91319e-07
8.5517e-07
-3.2193e-07
1.13575e-06
-4.75829e-07
1.3783e-06
-6.47425e-07
1.58216e-06
-8.31589e-07
1.7477e-06
-1.02372e-06
1.87626e-06
-1.2198e-06
1.96992e-06
-1.41638e-06
2.03131e-06
-1.61057e-06
2.06349e-06
-1.80007e-06
2.06974e-06
-1.98302e-06
2.05341e-06
-2.15807e-06
2.01785e-06
-2.32424e-06
1.96628e-06
-2.48089e-06
1.90172e-06
-2.62766e-06
1.82697e-06
-2.76444e-06
1.74454e-06
-2.8913e-06
1.65667e-06
-3.00846e-06
1.56532e-06
-3.11623e-06
1.47215e-06
-3.21502e-06
1.37857e-06
-3.30529e-06
1.28572e-06
-3.3875e-06
1.19455e-06
-3.46217e-06
1.10575e-06
-3.52979e-06
1.01987e-06
-3.59085e-06
9.37275e-07
-3.64582e-06
8.58185e-07
-3.69513e-06
7.82698e-07
-3.73922e-06
7.10807e-07
-3.77845e-06
6.42409e-07
-3.81318e-06
5.77323e-07
-3.84373e-06
5.15302e-07
-3.87036e-06
4.56043e-07
-3.89332e-06
3.99194e-07
-3.91281e-06
3.44367e-07
-3.929e-06
2.9114e-07
-3.94201e-06
2.39065e-07
-3.95195e-06
1.87673e-07
-3.95885e-06
1.3648e-07
-3.96274e-06
8.49878e-08
-3.9636e-06
3.2694e-08
-3.96137e-06
-2.09082e-08
-3.95596e-06
-7.63234e-08
-3.94721e-06
-1.34049e-07
-3.93496e-06
-1.94568e-07
-3.91899e-06
-2.58346e-07
-3.89903e-06
-3.25818e-07
-3.87478e-06
-3.97382e-07
-3.84588e-06
-4.7339e-07
-3.81194e-06
-5.54131e-07
-3.77252e-06
-6.39821e-07
-3.72713e-06
-7.30583e-07
-3.67523e-06
-8.2643e-07
-3.61626e-06
-9.27247e-07
-3.54962e-06
-1.03276e-06
-3.47467e-06
-1.14252e-06
-3.39076e-06
-1.25588e-06
-3.29724e-06
-1.37194e-06
-3.1935e-06
-1.48955e-06
-3.07895e-06
-1.60728e-06
-2.95309e-06
-1.72339e-06
-2.81553e-06
-1.83578e-06
-2.66605e-06
-1.94204e-06
-2.50465e-06
-2.03939e-06
-2.33161e-06
-2.12474e-06
-2.14755e-06
-2.19465e-06
-1.9535e-06
-2.24548e-06
-1.751e-06
-2.27336e-06
-1.54212e-06
-2.27436e-06
-1.32954e-06
-2.24462e-06
-1.11659e-06
-2.18046e-06
-9.07271e-07
-2.07861e-06
-7.0623e-07
-1.9364e-06
-5.18734e-07
-1.75192e-06
-3.50588e-07
-1.5243e-06
-2.08033e-07
-1.25378e-06
-9.76147e-08
-9.41868e-07
-2.60371e-08
-5.91365e-07
-2.06581e-07
-2.54413e-08
2.14227e-07
-9.49469e-08
6.0792e-07
-2.0158e-07
9.61803e-07
-3.38486e-07
1.27266e-06
-4.99088e-07
1.5389e-06
-6.77229e-07
1.7603e-06
-8.67304e-07
1.93778e-06
-1.06433e-06
2.07329e-06
-1.26402e-06
2.1696e-06
-1.46275e-06
2.23004e-06
-1.65757e-06
2.25831e-06
-1.84616e-06
2.25833e-06
-2.02677e-06
2.23402e-06
-2.19814e-06
2.18922e-06
-2.35945e-06
2.12759e-06
-2.51024e-06
2.05251e-06
-2.65033e-06
1.96706e-06
-2.77979e-06
1.874e-06
-2.89886e-06
1.77575e-06
-3.00792e-06
1.67438e-06
-3.10743e-06
1.57166e-06
-3.19792e-06
1.46905e-06
-3.27995e-06
1.36775e-06
-3.3541e-06
1.2687e-06
-3.42094e-06
1.1726e-06
-3.48104e-06
1.07997e-06
-3.53493e-06
9.91162e-07
-3.58311e-06
9.06368e-07
-3.62606e-06
8.25649e-07
-3.66422e-06
7.48961e-07
-3.69797e-06
6.76163e-07
-3.72768e-06
6.07034e-07
-3.75367e-06
5.4129e-07
-3.77621e-06
4.78586e-07
-3.79555e-06
4.18535e-07
-3.8119e-06
3.6071e-07
-3.82541e-06
3.04653e-07
-3.83622e-06
2.4988e-07
-3.84444e-06
1.95886e-07
-3.85011e-06
1.42151e-07
-3.85326e-06
8.81437e-08
-3.85389e-06
3.33249e-08
-3.85195e-06
-2.28481e-08
-3.84736e-06
-8.09166e-08
-3.83999e-06
-1.41416e-07
-3.82969e-06
-2.04869e-07
-3.81626e-06
-2.71782e-07
-3.79944e-06
-3.42632e-07
-3.77896e-06
-4.17865e-07
-3.75447e-06
-4.97879e-07
-3.72559e-06
-5.83012e-07
-3.69188e-06
-6.73533e-07
-3.65284e-06
-7.69616e-07
-3.60794e-06
-8.71331e-07
-3.55658e-06
-9.7861e-07
-3.49811e-06
-1.09123e-06
-3.43183e-06
-1.2088e-06
-3.35703e-06
-1.33068e-06
-3.27294e-06
-1.45602e-06
-3.17882e-06
-1.58367e-06
-3.07393e-06
-1.71217e-06
-2.95759e-06
-1.83973e-06
-2.8292e-06
-1.96417e-06
-2.68832e-06
-2.08292e-06
-2.53471e-06
-2.19301e-06
-2.36839e-06
-2.29105e-06
-2.18975e-06
-2.37329e-06
-1.99961e-06
-2.43562e-06
-1.7993e-06
-2.47366e-06
-1.5908e-06
-2.48287e-06
-1.37673e-06
-2.45869e-06
-1.1605e-06
-2.39669e-06
-9.46289e-07
-2.29283e-06
-7.39055e-07
-2.14363e-06
-5.4451e-07
-1.94647e-06
-3.69025e-07
-1.69978e-06
-2.19502e-07
-1.4033e-06
-1.03208e-07
-1.05816e-06
-2.75788e-08
-6.66995e-07
-2.3416e-07
-2.68759e-08
2.41103e-07
-1.00122e-07
6.81166e-07
-2.12122e-07
1.0738e-06
-3.55305e-07
1.41584e-06
-5.22398e-07
1.706e-06
-7.06624e-07
1.94452e-06
-9.0186e-07
2.13301e-06
-1.10274e-06
2.27417e-06
-1.30468e-06
2.37155e-06
-1.50395e-06
2.4293e-06
-1.69754e-06
2.45191e-06
-1.8832e-06
2.44399e-06
-2.05928e-06
2.41011e-06
-2.22471e-06
2.35465e-06
-2.37886e-06
2.28174e-06
-2.52148e-06
2.19513e-06
-2.65262e-06
2.0982e-06
-2.77255e-06
1.99393e-06
-2.88171e-06
1.8849e-06
-2.98064e-06
1.77331e-06
-3.06998e-06
1.661e-06
-3.15039e-06
1.54946e-06
-3.22254e-06
1.4399e-06
-3.2871e-06
1.33326e-06
-3.34472e-06
1.23022e-06
-3.39601e-06
1.13127e-06
-3.44157e-06
1.03672e-06
-3.48193e-06
9.46722e-07
-3.51757e-06
8.61294e-07
-3.54896e-06
7.80345e-07
-3.57648e-06
7.0369e-07
-3.60051e-06
6.31066e-07
-3.62137e-06
5.62143e-07
-3.63932e-06
4.96539e-07
-3.65461e-06
4.33828e-07
-3.66745e-06
3.73544e-07
-3.67799e-06
3.15194e-07
-3.68637e-06
2.5826e-07
-3.69269e-06
2.02205e-07
-3.69701e-06
1.46475e-07
-3.69937e-06
9.05063e-08
-3.69978e-06
3.37275e-08
-3.69819e-06
-2.44369e-08
-3.69454e-06
-8.45624e-08
-3.68874e-06
-1.4722e-07
-3.68064e-06
-2.12969e-07
-3.67006e-06
-2.82356e-07
-3.65679e-06
-3.55902e-07
-3.64056e-06
-4.34097e-07
-3.62105e-06
-5.17388e-07
-3.5979e-06
-6.06167e-07
-3.57067e-06
-7.00759e-07
-3.53889e-06
-8.01401e-07
-3.502e-06
-9.08222e-07
-3.45938e-06
-1.02122e-06
-3.41037e-06
-1.14025e-06
-3.35422e-06
-1.26495e-06
-3.29011e-06
-1.39478e-06
-3.21722e-06
-1.52892e-06
-3.13465e-06
-1.66624e-06
-3.0415e-06
-1.80532e-06
-2.93691e-06
-1.94432e-06
-2.82007e-06
-2.08101e-06
-2.69027e-06
-2.21272e-06
-2.54699e-06
-2.33628e-06
-2.38999e-06
-2.44806e-06
-2.21934e-06
-2.54394e-06
-2.03558e-06
-2.61938e-06
-1.83983e-06
-2.66942e-06
-1.63384e-06
-2.68886e-06
-1.42016e-06
-2.67236e-06
-1.20221e-06
-2.61465e-06
-9.843e-07
-2.51073e-06
-7.7171e-07
-2.35622e-06
-5.70606e-07
-2.14757e-06
-3.87968e-07
-1.88242e-06
-2.31436e-07
-1.55983e-06
-1.09092e-07
-1.18051e-06
-2.92191e-08
-7.46868e-07
-2.63379e-07
-2.8414e-08
2.69517e-07
-1.05612e-07
7.58364e-07
-2.23181e-07
1.19137e-06
-3.72716e-07
1.56537e-06
-5.46148e-07
1.87943e-06
-7.36004e-07
2.13438e-06
-9.356e-07
2.33261e-06
-1.13916e-06
2.47773e-06
-1.34187e-06
2.57426e-06
-1.53986e-06
2.62729e-06
-1.73016e-06
2.64221e-06
-1.91062e-06
2.62445e-06
-2.07979e-06
2.57927e-06
-2.2368e-06
2.51167e-06
-2.3813e-06
2.42624e-06
-2.51329e-06
2.32712e-06
-2.63307e-06
2.21799e-06
-2.74117e-06
2.10202e-06
-2.83822e-06
1.98196e-06
-2.92498e-06
1.86008e-06
-3.00224e-06
1.73826e-06
-3.0708e-06
1.61802e-06
-3.13145e-06
1.50055e-06
-3.18494e-06
1.38675e-06
-3.232e-06
1.27728e-06
-3.2733e-06
1.17256e-06
-3.30944e-06
1.07287e-06
-3.34101e-06
9.78284e-07
-3.36849e-06
8.88776e-07
-3.39234e-06
8.04202e-07
-3.41298e-06
7.24325e-07
-3.43075e-06
6.48835e-07
-3.44596e-06
5.77357e-07
-3.45889e-06
5.09469e-07
-3.46977e-06
4.44702e-07
-3.47878e-06
3.82559e-07
-3.4861e-06
3.22511e-07
-3.49185e-06
2.64008e-07
-3.49612e-06
2.06482e-07
-3.499e-06
1.49352e-07
-3.50052e-06
9.20243e-08
-3.50069e-06
3.38988e-08
-3.4995e-06
-2.56291e-08
-3.4969e-06
-8.71652e-08
-3.4928e-06
-1.51312e-07
-3.48711e-06
-2.18664e-07
-3.47966e-06
-2.89805e-07
-3.47026e-06
-3.65296e-07
-3.45869e-06
-4.45673e-07
-3.44464e-06
-5.31433e-07
-3.42779e-06
-6.23023e-07
-3.40772e-06
-7.20829e-07
-3.38397e-06
-8.25153e-07
-3.35599e-06
-9.36199e-07
-3.32317e-06
-1.05404e-06
-3.2848e-06
-1.17861e-06
-3.24011e-06
-1.30964e-06
-3.18823e-06
-1.44666e-06
-3.12823e-06
-1.58892e-06
-3.05908e-06
-1.73539e-06
-2.97976e-06
-1.88464e-06
-2.88918e-06
-2.0349e-06
-2.7863e-06
-2.18389e-06
-2.67016e-06
-2.32886e-06
-2.53992e-06
-2.46652e-06
-2.395e-06
-2.59298e-06
-2.23513e-06
-2.70382e-06
-2.0605e-06
-2.794e-06
-1.87191e-06
-2.85802e-06
-1.67084e-06
-2.88993e-06
-1.45967e-06
-2.88353e-06
-1.24176e-06
-2.83256e-06
-1.02152e-06
-2.73097e-06
-8.04511e-07
-2.57323e-06
-5.97364e-07
-2.35472e-06
-4.07727e-07
-2.07206e-06
-2.44062e-07
-1.7235e-06
-1.15395e-07
-1.30917e-06
-3.09975e-08
-8.31265e-07
-2.94377e-07
-3.01018e-08
2.99619e-07
-1.11566e-07
8.39828e-07
-2.35029e-07
1.31484e-06
-3.9109e-07
1.72143e-06
-5.70758e-07
2.0591e-06
-7.65772e-07
2.32939e-06
-9.68838e-07
2.53567e-06
-1.17377e-06
2.68266e-06
-1.37552e-06
2.77601e-06
-1.57018e-06
2.82195e-06
-1.75486e-06
2.82689e-06
-1.92759e-06
2.79718e-06
-2.08718e-06
2.73886e-06
-2.23307e-06
2.65756e-06
-2.36522e-06
2.55838e-06
-2.48395e-06
2.44585e-06
-2.58985e-06
2.32389e-06
-2.68371e-06
2.19589e-06
-2.76643e-06
2.06467e-06
-2.83894e-06
1.93259e-06
-2.90222e-06
1.80153e-06
-2.9572e-06
1.673e-06
-3.00478e-06
1.54813e-06
-3.04581e-06
1.42778e-06
-3.08106e-06
1.31253e-06
-3.11124e-06
1.20275e-06
-3.137e-06
1.09863e-06
-3.1589e-06
1.00019e-06
-3.17747e-06
9.07341e-07
-3.19314e-06
8.19874e-07
-3.20631e-06
7.37497e-07
-3.21733e-06
6.5985e-07
-3.22648e-06
5.86511e-07
-3.23403e-06
5.17015e-07
-3.24018e-06
4.50858e-07
-3.24513e-06
3.87507e-07
-3.24902e-06
3.26401e-07
-3.25198e-06
2.66963e-07
-3.25409e-06
2.08599e-07
-3.25544e-06
1.50702e-07
-3.25607e-06
9.26536e-08
-3.256e-06
3.38309e-08
-3.25524e-06
-2.63958e-08
-3.25375e-06
-8.86577e-08
-3.25147e-06
-1.53585e-07
-3.24833e-06
-2.21803e-07
-3.24421e-06
-2.93929e-07
-3.23894e-06
-3.70561e-07
-3.23234e-06
-4.5228e-07
-3.22414e-06
-5.3963e-07
-3.21405e-06
-6.33117e-07
-3.20169e-06
-7.33187e-07
-3.18662e-06
-8.40217e-07
-3.16834e-06
-9.54488e-07
-3.14621e-06
-1.07617e-06
-3.11955e-06
-1.20527e-06
-3.08755e-06
-1.34165e-06
-3.0493e-06
-1.48492e-06
-3.00378e-06
-1.63444e-06
-2.94988e-06
-1.78928e-06
-2.88641e-06
-1.94812e-06
-2.81209e-06
-2.10921e-06
-2.72566e-06
-2.27033e-06
-2.62584e-06
-2.42868e-06
-2.51147e-06
-2.58088e-06
-2.38159e-06
-2.72286e-06
-2.23553e-06
-2.84988e-06
-2.07305e-06
-2.95648e-06
-1.89454e-06
-3.03653e-06
-1.70112e-06
-3.08334e-06
-1.4949e-06
-3.08975e-06
-1.27907e-06
-3.04839e-06
-1.05809e-06
-2.95195e-06
-8.37737e-07
-2.79359e-06
-6.2513e-07
-2.56733e-06
-4.28629e-07
-2.26856e-06
-2.57632e-07
-1.8945e-06
-1.2226e-07
-1.44454e-06
-3.29593e-08
-9.20566e-07
-3.27336e-07
-3.19958e-08
3.31615e-07
-1.18167e-07
9.25999e-07
-2.47983e-07
1.44465e-06
-4.10851e-07
1.8843e-06
-5.96688e-07
2.24493e-06
-7.96335e-07
2.52904e-06
-1.00184e-06
2.74118e-06
-1.2066e-06
2.88742e-06
-1.4054e-06
2.97481e-06
-1.59434e-06
3.0109e-06
-1.77073e-06
3.00327e-06
-1.93287e-06
2.95932e-06
-2.07992e-06
2.88592e-06
-2.21173e-06
2.78937e-06
-2.32861e-06
2.67527e-06
-2.43127e-06
2.54851e-06
-2.52065e-06
2.41326e-06
-2.59781e-06
2.27305e-06
-2.66391e-06
2.13078e-06
-2.72012e-06
1.9888e-06
-2.76755e-06
1.84897e-06
-2.80729e-06
1.71274e-06
-2.84034e-06
1.58117e-06
-2.8676e-06
1.45504e-06
-2.8899e-06
1.33483e-06
-2.90798e-06
1.22083e-06
-2.92249e-06
1.11314e-06
-2.934e-06
1.0117e-06
-2.94302e-06
9.16355e-07
-2.94996e-06
8.2682e-07
-2.95521e-06
7.42748e-07
-2.95909e-06
6.63723e-07
-2.96186e-06
5.89279e-07
-2.96375e-06
5.18909e-07
-2.96496e-06
4.52072e-07
-2.96566e-06
3.88204e-07
-2.96598e-06
3.26718e-07
-2.96603e-06
2.67011e-07
-2.9659e-06
2.08469e-07
-2.96566e-06
1.50463e-07
-2.96536e-06
9.23586e-08
-2.96504e-06
3.35119e-08
-2.96471e-06
-2.67248e-08
-2.96437e-06
-8.90031e-08
-2.96398e-06
-1.53975e-07
-2.96349e-06
-2.22292e-07
-2.96282e-06
-2.94598e-07
-2.96185e-06
-3.71529e-07
-2.96043e-06
-4.53701e-07
-2.95835e-06
-5.41708e-07
-2.95536e-06
-6.3611e-07
-2.95113e-06
-7.37418e-07
-2.94527e-06
-8.46081e-07
-2.93729e-06
-9.62468e-07
-2.92661e-06
-1.08684e-06
-2.91255e-06
-1.21933e-06
-2.8943e-06
-1.35989e-06
-2.87094e-06
-1.50828e-06
-2.84138e-06
-1.664e-06
-2.80442e-06
-1.82624e-06
-2.75875e-06
-1.99379e-06
-2.70291e-06
-2.16505e-06
-2.63539e-06
-2.33785e-06
-2.55462e-06
-2.50945e-06
-2.45909e-06
-2.67641e-06
-2.34741e-06
-2.83454e-06
-2.21844e-06
-2.97885e-06
-2.07145e-06
-3.10347e-06
-1.9063e-06
-3.20168e-06
-1.72365e-06
-3.26599e-06
-1.52519e-06
-3.28821e-06
-1.31385e-06
-3.25972e-06
-1.09401e-06
-3.17179e-06
-8.71615e-07
-3.01599e-06
-6.54245e-07
-2.7847e-06
-4.51032e-07
-2.47177e-06
-2.72433e-07
-2.07309e-06
-1.29856e-07
-1.58712e-06
-3.51589e-08
-1.01526e-06
-3.62495e-07
-3.41669e-08
3.65782e-07
-1.25634e-07
1.01747e-06
-2.62424e-07
1.58144e-06
-4.32485e-07
2.05436e-06
-6.24434e-07
2.43688e-06
-8.28084e-07
2.73269e-06
-1.03477e-06
2.94787e-06
-1.23751e-06
3.09016e-06
-1.43099e-06
3.16829e-06
-1.61143e-06
3.19134e-06
-1.77644e-06
3.16828e-06
-1.92474e-06
3.10762e-06
-2.05596e-06
3.01714e-06
-2.17042e-06
2.90382e-06
-2.2689e-06
2.77375e-06
-2.35253e-06
2.63214e-06
-2.42262e-06
2.48335e-06
-2.48057e-06
2.331e-06
-2.5278e-06
2.178e-06
-2.56567e-06
2.02667e-06
-2.59548e-06
1.87878e-06
-2.61842e-06
1.73568e-06
-2.63557e-06
1.59833e-06
-2.64791e-06
1.46737e-06
-2.65627e-06
1.34319e-06
-2.66141e-06
1.22597e-06
-2.66397e-06
1.1157e-06
-2.6645e-06
1.01224e-06
-2.66348e-06
9.15332e-07
-2.6613e-06
8.24641e-07
-2.6583e-06
7.3975e-07
-2.65477e-06
6.6019e-07
-2.65094e-06
5.85448e-07
-2.64701e-06
5.14977e-07
-2.64314e-06
4.48207e-07
-2.63948e-06
3.84543e-07
-2.63614e-06
3.23378e-07
-2.63322e-06
2.64089e-07
-2.63079e-06
2.06044e-07
-2.62893e-06
1.48602e-07
-2.62769e-06
9.11152e-08
-2.62711e-06
3.29278e-08
-2.62721e-06
-2.66207e-08
-2.62802e-06
-8.81953e-08
-2.62953e-06
-1.52464e-07
-2.63172e-06
-2.20097e-07
-2.63456e-06
-2.91762e-07
-2.63797e-06
-3.68121e-07
-2.64184e-06
-4.49828e-07
-2.64603e-06
-5.37518e-07
-2.65034e-06
-6.31802e-07
-2.6545e-06
-7.33256e-07
-2.65818e-06
-8.42403e-07
-2.66095e-06
-9.59699e-07
-2.66228e-06
-1.08551e-06
-2.66152e-06
-1.22008e-06
-2.6579e-06
-1.36351e-06
-2.65048e-06
-1.5157e-06
-2.63817e-06
-1.67631e-06
-2.61971e-06
-1.8447e-06
-2.59366e-06
-2.01985e-06
-2.55842e-06
-2.20029e-06
-2.51224e-06
-2.38402e-06
-2.45328e-06
-2.56841e-06
-2.37965e-06
-2.75004e-06
-2.28949e-06
-2.9247e-06
-2.18116e-06
-3.08719e-06
-2.05332e-06
-3.2313e-06
-1.90523e-06
-3.34978e-06
-1.73692e-06
-3.4343e-06
-1.54952e-06
-3.4756e-06
-1.34554e-06
-3.4637e-06
-1.12913e-06
-3.38821e-06
-9.063e-07
-3.23882e-06
-6.85053e-07
-3.00595e-06
-4.75334e-07
-2.68149e-06
-2.88801e-07
-2.25963e-06
-1.38387e-07
-1.73753e-06
-3.76635e-08
-1.11599e-06
-4.00158e-07
-3.6705e-08
4.02487e-07
-1.34244e-07
1.11501e-06
-2.78815e-07
1.72601e-06
-4.56556e-07
2.2321e-06
-6.54527e-07
2.63485e-06
-8.61365e-07
2.93953e-06
-1.06766e-06
3.15416e-06
-1.2661e-06
3.2886e-06
-1.45138e-06
3.35357e-06
-1.62002e-06
3.35998e-06
-1.77008e-06
3.31834e-06
-1.90085e-06
3.23838e-06
-2.01255e-06
3.12884e-06
-2.10609e-06
2.99736e-06
-2.18281e-06
2.85047e-06
-2.2443e-06
2.69363e-06
-2.29229e-06
2.53134e-06
-2.32851e-06
2.36722e-06
-2.35464e-06
2.20413e-06
-2.37225e-06
2.04428e-06
-2.38278e-06
1.88931e-06
-2.38752e-06
1.74042e-06
-2.38761e-06
1.59842e-06
-2.38405e-06
1.4638e-06
-2.37767e-06
1.33682e-06
-2.36923e-06
1.21752e-06
-2.35932e-06
1.10579e-06
-2.34846e-06
1.00138e-06
-2.33708e-06
9.03954e-07
-2.32554e-06
8.13095e-07
-2.31411e-06
7.28324e-07
-2.30304e-06
6.4912e-07
-2.29252e-06
5.74926e-07
-2.2827e-06
5.05161e-07
-2.27372e-06
4.39225e-07
-2.26568e-06
3.76503e-07
-2.25867e-06
3.16368e-07
-2.25277e-06
2.58187e-07
-2.24804e-06
2.01318e-07
-2.24455e-06
1.45111e-07
-2.24235e-06
8.89131e-08
-2.24149e-06
3.20637e-08
-2.242e-06
-2.61031e-08
-2.24394e-06
-8.62589e-08
-2.24732e-06
-1.4908e-07
-2.25217e-06
-2.15248e-07
-2.25849e-06
-2.85447e-07
-2.26625e-06
-3.6036e-07
-2.27541e-06
-4.40668e-07
-2.28588e-06
-5.27044e-07
-2.29754e-06
-6.20146e-07
-2.31019e-06
-7.20607e-07
-2.32357e-06
-8.29024e-07
-2.33733e-06
-9.45941e-07
-2.35101e-06
-1.07183e-06
-2.36403e-06
-1.20706e-06
-2.37567e-06
-1.35188e-06
-2.38502e-06
-1.50635e-06
-2.39102e-06
-1.67032e-06
-2.39237e-06
-1.84335e-06
-2.38757e-06
-2.02465e-06
-2.37489e-06
-2.21297e-06
-2.3524e-06
-2.40652e-06
-2.31796e-06
-2.60284e-06
-2.26932e-06
-2.79868e-06
-2.20417e-06
-2.98986e-06
-2.12026e-06
-3.1711e-06
-2.0156e-06
-3.33596e-06
-1.88871e-06
-3.47667e-06
-1.73885e-06
-3.58416e-06
-1.56639e-06
-3.64806e-06
-1.37322e-06
-3.65688e-06
-1.16306e-06
-3.59837e-06
-9.41836e-07
-3.46004e-06
-7.1788e-07
-3.2299e-06
-5.01975e-07
-2.8974e-06
-3.07136e-07
-2.45447e-06
-1.48106e-07
-1.89656e-06
-4.05583e-08
-1.22353e-06
-4.40717e-07
-3.97278e-08
4.42215e-07
-1.44347e-07
1.21962e-06
-2.97718e-07
1.87938e-06
-4.83713e-07
2.4181e-06
-6.87514e-07
2.83865e-06
-8.96427e-07
3.14844e-06
-1.10029e-06
3.35803e-06
-1.29157e-06
3.47987e-06
-1.46514e-06
3.52714e-06
-1.61804e-06
3.51287e-06
-1.74897e-06
3.44928e-06
-1.858e-06
3.34741e-06
-1.94609e-06
3.21693e-06
-2.01485e-06
3.06612e-06
-2.06624e-06
2.90186e-06
-2.10239e-06
2.72978e-06
-2.12544e-06
2.5544e-06
-2.13748e-06
2.37926e-06
-2.14042e-06
2.20707e-06
-2.13601e-06
2.03987e-06
-2.1258e-06
1.87911e-06
-2.11116e-06
1.72578e-06
-2.09324e-06
1.58049e-06
-2.07303e-06
1.44359e-06
-2.05135e-06
1.31514e-06
-2.0289e-06
1.19507e-06
-2.00622e-06
1.08311e-06
-1.98378e-06
9.78935e-07
-1.96193e-06
8.82104e-07
-1.94096e-06
7.92125e-07
-1.92109e-06
7.0846e-07
-1.90251e-06
6.30537e-07
-1.88535e-06
5.57762e-07
-1.86971e-06
4.89522e-07
-1.85568e-06
4.25196e-07
-1.84333e-06
3.64152e-07
-1.83271e-06
3.05754e-07
-1.82389e-06
2.49363e-07
-1.8169e-06
1.94332e-07
-1.81181e-06
1.40016e-07
-1.80865e-06
8.57599e-08
-1.8075e-06
3.09073e-08
-1.8084e-06
-2.52054e-08
-1.81141e-06
-8.32481e-08
-1.81659e-06
-1.43898e-07
-1.824e-06
-2.07839e-07
-1.83368e-06
-2.75762e-07
-1.84568e-06
-3.48365e-07
-1.86e-06
-4.26347e-07
-1.87663e-06
-5.10412e-07
-1.89552e-06
-6.01254e-07
-1.91657e-06
-6.99561e-07
-1.9396e-06
-8.05994e-07
-1.96436e-06
-9.21183e-07
-1.99048e-06
-1.0457e-06
-2.01749e-06
-1.18005e-06
-2.04474e-06
-1.32463e-06
-2.0714e-06
-1.47968e-06
-2.09647e-06
-1.64525e-06
-2.11866e-06
-1.82115e-06
-2.13647e-06
-2.00684e-06
-2.14809e-06
-2.20135e-06
-2.15142e-06
-2.40318e-06
-2.14411e-06
-2.61015e-06
-2.12355e-06
-2.81925e-06
-2.08694e-06
-3.02646e-06
-2.03145e-06
-3.22659e-06
-1.95436e-06
-3.41305e-06
-1.85329e-06
-3.57774e-06
-1.72658e-06
-3.71087e-06
-1.57364e-06
-3.80099e-06
-1.39546e-06
-3.83506e-06
-1.19508e-06
-3.79875e-06
-9.78093e-07
-3.67703e-06
-7.53018e-07
-3.45498e-06
-5.31453e-07
-3.11896e-06
-3.27925e-07
-2.65799e-06
-1.59332e-07
-2.06516e-06
-4.39547e-08
-1.33891e-06
-4.84671e-07
-4.33912e-08
4.85606e-07
-1.56394e-07
1.33263e-06
-3.19829e-07
2.04282e-06
-5.14701e-07
2.61297e-06
-7.23927e-07
3.04788e-06
-9.3333e-07
3.35785e-06
-1.13205e-06
3.55675e-06
-1.3125e-06
3.66032e-06
-1.47004e-06
3.68469e-06
-1.60246e-06
3.6453e-06
-1.70943e-06
3.55624e-06
-1.79194e-06
3.42992e-06
-1.85191e-06
3.2769e-06
-1.89175e-06
3.10596e-06
-1.91412e-06
2.92422e-06
-1.92169e-06
2.73735e-06
-1.91706e-06
2.54976e-06
-1.9026e-06
2.3648e-06
-1.88045e-06
2.18493e-06
-1.85251e-06
2.01193e-06
-1.82039e-06
1.84699e-06
-1.78546e-06
1.69085e-06
-1.74888e-06
1.54391e-06
-1.71158e-06
1.40629e-06
-1.67433e-06
1.27789e-06
-1.63772e-06
1.15846e-06
-1.60224e-06
1.04763e-06
-1.56826e-06
9.44948e-07
-1.53604e-06
8.49886e-07
-1.50579e-06
7.6188e-07
-1.47767e-06
6.80336e-07
-1.45177e-06
6.04636e-07
-1.42816e-06
5.34155e-07
-1.4069e-06
4.68257e-07
-1.388e-06
4.06304e-07
-1.37151e-06
3.47659e-07
-1.35744e-06
2.91683e-07
-1.34581e-06
2.37737e-07
-1.33666e-06
1.85182e-07
-1.33003e-06
1.33378e-07
-1.32595e-06
8.16838e-08
-1.32449e-06
2.94512e-08
-1.32573e-06
-2.39717e-08
-1.32973e-06
-7.92446e-08
-1.33659e-06
-1.37036e-07
-1.34641e-06
-1.98024e-07
-1.35927e-06
-2.62898e-07
-1.37528e-06
-3.32359e-07
-1.39451e-06
-4.07117e-07
-1.41703e-06
-4.87893e-07
-1.44287e-06
-5.75412e-07
-1.47203e-06
-6.70402e-07
-1.50444e-06
-7.73584e-07
-1.53995e-06
-8.85664e-07
-1.57834e-06
-1.00731e-06
-1.61924e-06
-1.13916e-06
-1.66212e-06
-1.28175e-06
-1.70629e-06
-1.43551e-06
-1.75082e-06
-1.60072e-06
-1.79453e-06
-1.77744e-06
-1.83594e-06
-1.96543e-06
-1.87324e-06
-2.16405e-06
-1.90426e-06
-2.37216e-06
-1.92644e-06
-2.58796e-06
-1.93689e-06
-2.8088e-06
-1.93238e-06
-3.03098e-06
-1.90945e-06
-3.24952e-06
-1.86458e-06
-3.45792e-06
-1.79446e-06
-3.64787e-06
-1.69627e-06
-3.80906e-06
-1.56823e-06
-3.92903e-06
-1.41013e-06
-3.99316e-06
-1.22396e-06
-3.98491e-06
-1.01467e-06
-3.88632e-06
-7.90677e-07
-3.67897e-06
-5.64317e-07
-3.34532e-06
-3.51764e-07
-2.87055e-06
-1.7248e-07
-2.24444e-06
-4.80012e-08
-1.46339e-06
-5.32673e-07
-4.79078e-08
5.33514e-07
-1.70976e-07
1.4557e-06
-3.4601e-07
2.21785e-06
-5.50355e-07
2.81731e-06
-7.6421e-07
3.26174e-06
-9.71797e-07
3.56543e-06
-1.1617e-06
3.74665e-06
-1.32663e-06
3.82524e-06
-1.46276e-06
3.82082e-06
-1.56905e-06
3.75158e-06
-1.64641e-06
3.6336e-06
-1.69707e-06
3.48058e-06
-1.72401e-06
3.30385e-06
-1.73059e-06
3.11254e-06
-1.72019e-06
2.91382e-06
-1.69605e-06
2.71322e-06
-1.66116e-06
2.51487e-06
-1.61817e-06
2.32181e-06
-1.56938e-06
2.13614e-06
-1.51675e-06
1.9593e-06
-1.46191e-06
1.79215e-06
-1.4062e-06
1.63513e-06
-1.35068e-06
1.48839e-06
-1.29621e-06
1.35182e-06
-1.24343e-06
1.22512e-06
-1.19286e-06
1.10788e-06
-1.14484e-06
9.99613e-07
-1.09963e-06
8.9974e-07
-1.0574e-06
8.07659e-07
-1.01826e-06
7.22738e-07
-9.82257e-07
6.44334e-07
-9.49414e-07
5.71793e-07
-9.19724e-07
5.04465e-07
-8.9317e-07
4.41702e-07
-8.69724e-07
3.82859e-07
-8.49365e-07
3.27299e-07
-8.32072e-07
2.7439e-07
-8.17839e-07
2.23504e-07
-8.06672e-07
1.74015e-07
-7.98594e-07
1.25301e-07
-7.93647e-07
7.67368e-08
-7.91892e-07
2.7696e-08
-7.93409e-07
-2.24543e-08
-7.98299e-07
-7.43548e-08
-8.06679e-07
-1.28656e-07
-8.18681e-07
-1.86021e-07
-8.34452e-07
-2.47127e-07
-8.54143e-07
-3.12668e-07
-8.77908e-07
-3.83353e-07
-9.05892e-07
-4.59909e-07
-9.38225e-07
-5.4308e-07
-9.75005e-07
-6.33622e-07
-1.01629e-06
-7.32303e-07
-1.06206e-06
-8.39891e-07
-1.11222e-06
-9.57149e-07
-1.16657e-06
-1.08481e-06
-1.22474e-06
-1.22358e-06
-1.2862e-06
-1.37406e-06
-1.35017e-06
-1.53675e-06
-1.41561e-06
-1.712e-06
-1.48116e-06
-1.89988e-06
-1.54507e-06
-2.10013e-06
-1.60519e-06
-2.31205e-06
-1.65887e-06
-2.53428e-06
-1.70299e-06
-2.76468e-06
-1.73395e-06
-3.00002e-06
-1.74773e-06
-3.23575e-06
-1.73999e-06
-3.46565e-06
-1.70638e-06
-3.68148e-06
-1.64279e-06
-3.87264e-06
-1.54596e-06
-4.02586e-06
-1.41411e-06
-4.12502e-06
-1.24776e-06
-4.15126e-06
-1.0507e-06
-4.08338e-06
-8.30899e-07
-3.89877e-06
-6.0116e-07
-3.57506e-06
-3.79394e-07
-3.09231e-06
-1.88095e-07
-2.43574e-06
-5.29013e-08
-1.59858e-06
-5.85574e-07
-5.35735e-08
5.87087e-07
-1.8888e-07
1.591e-06
-3.77331e-07
2.4063e-06
-5.91575e-07
3.03156e-06
-8.08582e-07
3.47874e-06
-1.01096e-06
3.76781e-06
-1.18707e-06
3.92276e-06
-1.33037e-06
3.96855e-06
-1.43845e-06
3.9289e-06
-1.51185e-06
3.82499e-06
-1.55315e-06
3.6749e-06
-1.56604e-06
3.49347e-06
-1.55477e-06
3.29258e-06
-1.52367e-06
3.08144e-06
-1.47688e-06
2.86702e-06
-1.41815e-06
2.65449e-06
-1.3508e-06
2.44753e-06
-1.27768e-06
2.24868e-06
-1.20115e-06
2.05962e-06
-1.12317e-06
1.88132e-06
-1.0453e-06
1.71427e-06
-9.68758e-07
1.55859e-06
-8.94487e-07
1.41412e-06
-8.23189e-07
1.28052e-06
-7.55368e-07
1.1573e-06
-6.91368e-07
1.04388e-06
-6.31406e-07
9.39651e-07
-5.75602e-07
8.43935e-07
-5.23999e-07
7.56055e-07
-4.76583e-07
6.75323e-07
-4.33306e-07
6.01056e-07
-3.94091e-07
5.32579e-07
-3.58852e-07
4.69225e-07
-3.27495e-07
4.10345e-07
-2.99933e-07
3.55298e-07
-2.7609e-07
3.03456e-07
-2.55903e-07
2.54203e-07
-2.39331e-07
2.06931e-07
-2.26354e-07
1.61038e-07
-2.1698e-07
1.15926e-07
-2.11241e-07
7.09976e-08
-2.09198e-07
2.56534e-08
-2.10942e-07
-2.07106e-08
-2.1659e-07
-6.87068e-08
-2.26287e-07
-1.18959e-07
-2.40205e-07
-1.72104e-07
-2.58534e-07
-2.28798e-07
-2.81488e-07
-2.89714e-07
-3.0929e-07
-3.55551e-07
-3.42169e-07
-4.27029e-07
-3.80354e-07
-5.04895e-07
-4.24056e-07
-5.8992e-07
-4.73457e-07
-6.82901e-07
-5.28693e-07
-7.84655e-07
-5.89828e-07
-8.96014e-07
-6.56827e-07
-1.01781e-06
-7.29526e-07
-1.15088e-06
-8.07588e-07
-1.296e-06
-8.90455e-07
-1.45389e-06
-9.77297e-07
-1.62516e-06
-1.06694e-06
-1.81023e-06
-1.15782e-06
-2.00926e-06
-1.24788e-06
-2.222e-06
-1.3345e-06
-2.44766e-06
-1.41448e-06
-2.6847e-06
-1.48395e-06
-2.93055e-06
-1.5384e-06
-3.1813e-06
-1.57275e-06
-3.43129e-06
-1.58156e-06
-3.67267e-06
-1.55932e-06
-3.89488e-06
-1.50102e-06
-4.08416e-06
-1.40288e-06
-4.22315e-06
-1.26342e-06
-4.29072e-06
-1.08465e-06
-4.26215e-06
-8.73404e-07
-4.11001e-06
-6.42571e-07
-3.80589e-06
-4.1173e-07
-3.32315e-06
-2.06908e-07
-2.64056e-06
-5.89414e-08
-1.74655e-06
-6.44515e-07
-6.08134e-08
6.47901e-07
-2.1117e-07
1.74136e-06
-4.1511e-07
2.61024e-06
-6.39237e-07
3.25569e-06
-8.56792e-07
3.6963e-06
-1.04895e-06
3.95997e-06
-1.20444e-06
4.07825e-06
-1.31826e-06
4.08237e-06
-1.39007e-06
4.00071e-06
-1.42266e-06
3.85758e-06
-1.42063e-06
3.67286e-06
-1.38941e-06
3.46226e-06
-1.33462e-06
3.23778e-06
-1.26157e-06
3.00839e-06
-1.1751e-06
2.78055e-06
-1.07939e-06
2.55877e-06
-9.77968e-07
2.3461e-06
-8.73741e-07
2.14446e-06
-7.6904e-07
1.95492e-06
-6.65692e-07
1.77797e-06
-5.65092e-07
1.61367e-06
-4.68276e-07
1.46178e-06
-3.75982e-07
1.32183e-06
-2.88709e-07
1.19324e-06
-2.06762e-07
1.07535e-06
-1.30301e-07
9.67423e-07
-5.93704e-08
8.6872e-07
6.0708e-09
7.78494e-07
6.61228e-08
6.96003e-07
1.20927e-07
6.20519e-07
1.70647e-07
5.51336e-07
2.15461e-07
4.87765e-07
2.55544e-07
4.29142e-07
2.91064e-07
3.74824e-07
3.22175e-07
3.24187e-07
3.49008e-07
2.76623e-07
3.7167e-07
2.31542e-07
3.90238e-07
1.88363e-07
4.04758e-07
1.46518e-07
4.15242e-07
1.05442e-07
4.21666e-07
6.45732e-08
4.23972e-07
2.33483e-08
4.2206e-07
-1.87995e-08
4.15799e-07
-6.24458e-08
4.05018e-07
-1.08178e-07
3.89513e-07
-1.56598e-07
3.69043e-07
-2.08329e-07
3.43344e-07
-2.64014e-07
3.12119e-07
-3.24327e-07
2.75057e-07
-3.89967e-07
2.31832e-07
-4.6167e-07
1.82116e-07
-5.40204e-07
1.25593e-07
-6.26378e-07
6.19734e-08
-7.21036e-07
-8.98245e-09
-8.25058e-07
-8.744e-08
-9.39356e-07
-1.73456e-07
-1.06486e-06
-2.66938e-07
-1.20251e-06
-3.67593e-07
-1.35323e-06
-4.74868e-07
-1.51788e-06
-5.87878e-07
-1.69722e-06
-7.05321e-07
-1.89181e-06
-8.25382e-07
-2.10193e-06
-9.45634e-07
-2.3274e-06
-1.06293e-06
-2.5674e-06
-1.17332e-06
-2.82016e-06
-1.27197e-06
-3.08265e-06
-1.35318e-06
-3.35009e-06
-1.41047e-06
-3.61538e-06
-1.43689e-06
-3.86847e-06
-1.42544e-06
-4.09561e-06
-1.36996e-06
-4.27864e-06
-1.26627e-06
-4.39441e-06
-1.11378e-06
-4.41465e-06
-9.17311e-07
-4.30648e-06
-6.89033e-07
-4.03417e-06
-4.49893e-07
-3.56229e-06
-2.29913e-07
-2.86054e-06
-6.65354e-08
-1.90993e-06
-7.11051e-07
-7.02567e-08
7.18157e-07
-2.39302e-07
1.9104e-06
-4.60932e-07
2.83187e-06
-6.94002e-07
3.48876e-06
-9.07655e-07
3.90995e-06
-1.08221e-06
4.13452e-06
-1.20779e-06
4.20383e-06
-1.28204e-06
4.15661e-06
-1.30764e-06
4.02631e-06
-1.29026e-06
3.84021e-06
-1.23697e-06
3.61957e-06
-1.15511e-06
3.3804e-06
-1.05167e-06
3.13435e-06
-9.32902e-07
2.88963e-06
-8.04159e-07
2.6518e-06
-6.69875e-07
2.42449e-06
-5.33619e-07
2.20985e-06
-3.98191e-07
2.00903e-06
-2.65726e-07
1.82245e-06
-1.37803e-07
1.65005e-06
-1.5544e-08
1.49141e-06
1.00295e-07
1.34594e-06
2.09248e-07
1.21288e-06
3.11077e-07
1.09142e-06
4.05715e-07
9.80712e-07
4.93222e-07
8.79916e-07
5.73751e-07
7.88191e-07
6.4752e-07
7.04726e-07
7.14784e-07
6.28738e-07
7.75823e-07
5.59481e-07
8.30922e-07
4.96237e-07
8.8036e-07
4.38327e-07
9.24405e-07
3.85098e-07
9.63301e-07
3.35928e-07
9.97267e-07
2.90221e-07
1.02649e-06
2.47401e-07
1.05112e-06
2.06913e-07
1.07127e-06
1.68215e-07
1.08701e-06
1.30778e-07
1.09837e-06
9.40789e-08
1.10534e-06
5.75994e-08
1.10787e-06
2.08209e-08
1.10585e-06
-1.67789e-08
1.09913e-06
-5.57304e-08
1.08753e-06
-9.65759e-08
1.07081e-06
-1.39874e-07
1.04868e-06
-1.86203e-07
1.02084e-06
-2.36168e-07
9.86912e-07
-2.90401e-07
9.46514e-07
-3.4957e-07
8.99225e-07
-4.14381e-07
8.44604e-07
-4.85583e-07
7.82199e-07
-5.63974e-07
7.11565e-07
-6.50402e-07
6.32279e-07
-7.45771e-07
5.43961e-07
-8.51038e-07
4.46312e-07
-9.67213e-07
3.39148e-07
-1.09535e-06
2.22451e-07
-1.23654e-06
9.64299e-08
-1.39186e-06
-3.83967e-08
-1.56239e-06
-1.81111e-07
-1.7491e-06
-3.30283e-07
-1.95276e-06
-4.83833e-07
-2.17385e-06
-6.38894e-07
-2.41234e-06
-7.9165e-07
-2.6674e-06
-9.372e-07
-2.9371e-06
-1.06945e-06
-3.21784e-06
-1.18109e-06
-3.50374e-06
-1.26375e-06
-3.78581e-06
-1.30838e-06
-4.05098e-06
-1.30605e-06
-4.28097e-06
-1.24919e-06
-4.45127e-06
-1.13355e-06
-4.53029e-06
-9.60645e-07
-4.47938e-06
-7.4069e-07
-4.25413e-06
-4.95207e-07
-3.80778e-06
-2.58482e-07
-3.09727e-06
-7.63016e-08
-2.09211e-06
-7.87352e-07
-8.28672e-08
8.01025e-07
-2.75287e-07
2.10282e-06
-5.16598e-07
3.07318e-06
-7.55881e-07
3.72804e-06
-9.58229e-07
4.1123e-06
-1.10438e-06
4.28067e-06
-1.18754e-06
4.28699e-06
-1.20948e-06
4.17855e-06
-1.17706e-06
3.9939e-06
-1.09953e-06
3.76268e-06
-9.86726e-07
3.50676e-06
-8.47956e-07
3.24163e-06
-6.91453e-07
2.97785e-06
-5.2415e-07
2.72232e-06
-3.51666e-07
2.47932e-06
-1.78415e-07
2.25124e-06
-7.7627e-09
2.0392e-06
1.57812e-07
1.84345e-06
3.16547e-07
1.66372e-06
4.67257e-07
1.49934e-06
6.09209e-07
1.34946e-06
7.42016e-07
1.21313e-06
8.65553e-07
1.08934e-06
9.7989e-07
9.77079e-07
1.08524e-06
8.75366e-07
1.1819e-06
7.83256e-07
1.27024e-06
6.99849e-07
1.35066e-06
6.24298e-07
1.4236e-06
5.55807e-07
1.48945e-06
4.93627e-07
1.54863e-06
4.37055e-07
1.60153e-06
3.85433e-07
1.64848e-06
3.38139e-07
1.68983e-06
2.94585e-07
1.72583e-06
2.54214e-07
1.75674e-06
2.16493e-07
1.78275e-06
1.8091e-07
1.80399e-06
1.46971e-07
1.82057e-06
1.14194e-07
1.83255e-06
8.21067e-08
1.83991e-06
5.02402e-08
1.8426e-06
1.81273e-08
1.84052e-06
-1.47028e-08
1.83352e-06
-4.87282e-08
1.82138e-06
-8.44387e-08
1.80385e-06
-1.2234e-07
1.78061e-06
-1.62959e-07
1.75129e-06
-2.06848e-07
1.71548e-06
-2.54591e-07
1.67271e-06
-3.06805e-07
1.62249e-06
-3.64155e-07
1.56425e-06
-4.2735e-07
1.49744e-06
-4.97156e-07
1.42143e-06
-5.744e-07
1.33564e-06
-6.59979e-07
1.23947e-06
-7.54863e-07
1.13235e-06
-8.60099e-07
1.01382e-06
-9.76815e-07
8.835e-07
-1.10622e-06
7.41216e-07
-1.24958e-06
5.87037e-07
-1.40822e-06
4.2139e-07
-1.58345e-06
2.4518e-07
-1.77655e-06
5.99461e-08
-1.98862e-06
-1.31957e-07
-2.22043e-06
-3.27147e-07
-2.47221e-06
-5.20981e-07
-2.74327e-06
-7.07332e-07
-3.03149e-06
-8.78409e-07
-3.33266e-06
-1.02471e-06
-3.63951e-06
-1.13521e-06
-3.94048e-06
-1.19798e-06
-4.2182e-06
-1.20142e-06
-4.44782e-06
-1.13642e-06
-4.59529e-06
-9.99474e-07
-4.61632e-06
-7.96869e-07
-4.45673e-06
-5.49121e-07
-4.05552e-06
-2.94512e-07
-3.35188e-06
-8.91937e-08
-2.29743e-06
-8.76546e-07
-1.0017e-07
9.01195e-07
-3.21897e-07
2.32455e-06
-5.83879e-07
3.33517e-06
-8.2333e-07
3.96749e-06
-1.00234e-06
4.29131e-06
-1.10451e-06
4.38284e-06
-1.12863e-06
4.31111e-06
-1.08262e-06
4.13255e-06
-9.78734e-07
3.89001e-06
-8.3036e-07
3.61431e-06
-6.50181e-07
3.32658e-06
-4.4925e-07
3.0407e-06
-2.36674e-07
2.76527e-06
-1.96474e-08
2.5053e-06
1.9635e-07
2.26332e-06
4.07289e-07
2.0403e-06
6.10321e-07
1.83616e-06
8.03533e-07
1.65024e-06
9.85732e-07
1.48152e-06
1.15628e-06
1.32879e-06
1.31493e-06
1.19081e-06
1.46176e-06
1.0663e-06
1.59703e-06
9.54068e-07
1.72116e-06
8.52948e-07
1.83466e-06
7.61866e-07
1.93809e-06
6.79823e-07
2.03205e-06
6.05896e-07
2.11711e-06
5.39234e-07
2.19387e-06
4.79053e-07
2.26286e-06
4.2463e-07
2.32462e-06
3.75297e-07
2.37962e-06
3.30435e-07
2.42829e-06
2.89467e-07
2.47102e-06
2.51853e-07
2.50815e-06
2.17087e-07
2.53996e-06
1.84687e-07
2.56667e-06
1.54195e-07
2.58847e-06
1.25172e-07
2.60547e-06
9.71902e-08
2.61775e-06
6.98318e-08
2.6253e-06
4.2685e-08
2.62809e-06
1.53389e-08
2.62601e-06
-1.26199e-08
2.61889e-06
-4.16115e-08
2.60652e-06
-7.20671e-08
2.58861e-06
-1.04433e-07
2.56483e-06
-1.39176e-07
2.53477e-06
-1.76787e-07
2.49797e-06
-2.1779e-07
2.45391e-06
-2.62743e-07
2.402e-06
-3.1225e-07
2.34161e-06
-3.66964e-07
2.27206e-06
-4.27597e-07
2.19259e-06
-4.94931e-07
2.10243e-06
-5.69823e-07
2.00079e-06
-6.53219e-07
1.88685e-06
-7.46161e-07
1.75984e-06
-8.49801e-07
1.61902e-06
-9.65404e-07
1.46379e-06
-1.09435e-06
1.29373e-06
-1.23815e-06
1.10867e-06
-1.39839e-06
9.08858e-07
-1.57675e-06
6.95119e-07
-1.77488e-06
4.69035e-07
-1.99435e-06
2.33226e-07
-2.23641e-06
-8.34487e-09
-2.5017e-06
-2.50012e-07
-2.78982e-06
-4.84049e-07
-3.09862e-06
-7.00358e-07
-3.4232e-06
-8.86348e-07
-3.75449e-06
-1.0272e-06
-4.07735e-06
-1.10686e-06
-4.36816e-06
-1.11014e-06
-4.59202e-06
-1.02639e-06
-4.70007e-06
-8.55105e-07
-4.62802e-06
-6.129e-07
-4.29773e-06
-3.40611e-07
-3.62417e-06
-1.0673e-07
-2.53131e-06
-9.83276e-07
-1.24646e-07
1.02584e-06
-3.82833e-07
2.58274e-06
-6.63747e-07
3.61608e-06
-8.91405e-07
4.19515e-06
-1.02797e-06
4.42788e-06
-1.06415e-06
4.41901e-06
-1.00791e-06
4.25488e-06
-8.75596e-07
4.00023e-06
-6.85899e-07
3.70031e-06
-4.56531e-07
3.38494e-06
-2.02658e-07
3.07271e-06
6.35478e-08
2.77449e-06
3.32789e-07
2.49603e-06
5.98253e-07
2.23983e-06
8.55156e-07
2.00642e-06
1.1003e-06
1.79515e-06
1.33171e-06
1.60475e-06
1.5483e-06
1.43366e-06
1.74963e-06
1.28019e-06
1.93574e-06
1.14268e-06
2.10699e-06
1.01956e-06
2.26394e-06
9.09356e-07
2.40729e-06
8.10715e-07
2.53783e-06
7.22409e-07
2.65637e-06
6.43328e-07
2.76372e-06
5.72469e-07
2.86069e-06
5.08926e-07
2.94804e-06
4.51881e-07
3.0265e-06
4.00593e-07
3.09674e-06
3.5439e-07
3.15938e-06
3.12659e-07
3.21498e-06
2.74837e-07
3.26404e-06
2.40409e-07
3.307e-06
2.08894e-07
3.34424e-06
1.79845e-07
3.37608e-06
1.52844e-07
3.40278e-06
1.27492e-07
3.42455e-06
1.03408e-07
3.44151e-06
8.02264e-08
3.45375e-06
5.75888e-08
3.4613e-06
3.51436e-08
3.46409e-06
1.25405e-08
3.46205e-06
-1.05728e-08
3.45499e-06
-3.45542e-08
3.44269e-06
-5.97718e-08
3.42487e-06
-8.66075e-08
3.40116e-06
-1.15462e-07
3.37113e-06
-1.4676e-07
3.33429e-06
-1.80953e-07
3.29008e-06
-2.18532e-07
3.23786e-06
-2.60026e-07
3.17691e-06
-3.06017e-07
3.10646e-06
-3.57144e-07
3.02564e-06
-4.14115e-07
2.93354e-06
-4.77722e-07
2.82917e-06
-5.48847e-07
2.71149e-06
-6.28484e-07
2.57944e-06
-7.17749e-07
2.43194e-06
-8.17901e-07
2.26794e-06
-9.30356e-07
2.08649e-06
-1.0567e-06
1.8868e-06
-1.1987e-06
1.66837e-06
-1.35831e-06
1.43113e-06
-1.53763e-06
1.17564e-06
-1.73887e-06
9.03441e-07
-1.9642e-06
6.17333e-07
-2.21559e-06
3.21906e-07
-2.49439e-06
2.40699e-08
-2.80079e-06
-2.66344e-07
-3.13279e-06
-5.36029e-07
-3.4848e-06
-7.67934e-07
-3.84544e-06
-9.41634e-07
-4.19446e-06
-1.03499e-06
-4.49866e-06
-1.02792e-06
-4.70714e-06
-9.09213e-07
-4.74673e-06
-6.86767e-07
-4.52018e-06
-4.00228e-07
-3.9107e-06
-1.31385e-07
-2.80015e-06
-1.11466e-06
-1.6037e-07
1.18621e-06
-4.62599e-07
2.88497e-06
-7.54384e-07
3.90787e-06
-9.4806e-07
4.38882e-06
-1.01274e-06
4.49256e-06
-9.52933e-07
4.35921e-06
-7.9032e-07
4.09227e-06
-5.51756e-07
3.76167e-06
-2.62759e-07
3.41131e-06
5.52936e-08
3.06689e-06
3.85829e-07
2.74217e-06
7.16719e-07
2.4436e-06
1.03952e-06
2.17323e-06
1.34866e-06
1.93069e-06
1.64073e-06
1.71435e-06
1.91386e-06
1.52202e-06
2.16728e-06
1.35134e-06
2.40097e-06
1.19997e-06
2.61541e-06
1.06574e-06
2.81142e-06
9.46674e-07
2.98998e-06
8.41e-07
3.15219e-06
7.47144e-07
3.29919e-06
6.63717e-07
3.43211e-06
5.89494e-07
3.55204e-06
5.23398e-07
3.66003e-06
4.64474e-07
3.75708e-06
4.11881e-07
3.84409e-06
3.64869e-07
3.92191e-06
3.2277e-07
3.99132e-06
2.84987e-07
4.05299e-06
2.5098e-07
4.10757e-06
2.20261e-07
4.15559e-06
1.92385e-07
4.19754e-06
1.66943e-07
4.23383e-06
1.43557e-07
4.2648e-06
1.21873e-07
4.29074e-06
1.01558e-07
4.31185e-06
8.22973e-08
4.32829e-06
6.37863e-08
4.34015e-06
4.57303e-08
4.34745e-06
2.78396e-08
4.35017e-06
9.82654e-09
4.34819e-06
-8.59803e-09
4.34136e-06
-2.77282e-08
4.32946e-06
-4.78664e-08
4.31218e-06
-6.93276e-08
4.28916e-06
-9.24429e-08
4.25997e-06
-1.17565e-07
4.22408e-06
-1.45071e-07
4.18092e-06
-1.75372e-07
4.12981e-06
-2.08916e-07
4.06999e-06
-2.46199e-07
4.00062e-06
-2.8777e-07
3.92075e-06
-3.34246e-07
3.82935e-06
-3.86322e-07
3.72529e-06
-4.44786e-07
3.60734e-06
-5.10535e-07
3.47419e-06
-5.84598e-07
3.32445e-06
-6.68157e-07
3.15666e-06
-7.62572e-07
2.96937e-06
-8.69412e-07
2.76115e-06
-9.90483e-07
2.5307e-06
-1.12786e-06
2.27695e-06
-1.28389e-06
1.9993e-06
-1.46122e-06
1.69786e-06
-1.66276e-06
1.37384e-06
-1.89156e-06
1.03006e-06
-2.15062e-06
6.71697e-07
-2.44242e-06
3.07123e-07
-2.76821e-06
-5.10404e-08
-3.12664e-06
-3.84931e-07
-3.51155e-06
-6.70828e-07
-3.90856e-06
-8.79685e-07
-4.28981e-06
-9.80091e-07
-4.60673e-06
-9.45508e-07
-4.78131e-06
-7.67755e-07
-4.69793e-06
-4.77419e-07
-4.20104e-06
-1.67222e-07
-3.11035e-06
-1.28188e-06
-2.13925e-07
1.40014e-06
-5.65177e-07
3.23622e-06
-8.4628e-07
4.18897e-06
-9.66882e-07
4.50942e-06
-9.16169e-07
4.44185e-06
-7.21903e-07
4.16494e-06
-4.23965e-07
3.79433e-06
-6.05858e-08
3.39829e-06
3.37102e-07
3.01362e-06
7.46044e-07
2.65794e-06
1.15031e-06
2.33791e-06
1.53958e-06
2.05433e-06
1.90763e-06
1.80517e-06
2.25116e-06
1.58716e-06
2.56879e-06
1.39672e-06
2.86044e-06
1.23037e-06
3.12685e-06
1.08493e-06
3.36921e-06
9.57605e-07
3.589e-06
8.45943e-07
3.78783e-06
7.47848e-07
3.96731e-06
6.61521e-07
4.12903e-06
5.85419e-07
4.27453e-06
5.18223e-07
4.40522e-06
4.58796e-07
4.52246e-06
4.06159e-07
4.62748e-06
3.59463e-07
4.72139e-06
3.17971e-07
4.80522e-06
2.81035e-07
4.8799e-06
2.48087e-07
4.94627e-06
2.18623e-07
5.00505e-06
1.92194e-07
5.05692e-06
1.68397e-07
5.10243e-06
1.46868e-07
5.1421e-06
1.27275e-07
5.17635e-06
1.09312e-07
5.20552e-06
9.26974e-08
5.22991e-06
7.71659e-08
5.24975e-06
6.24667e-08
5.26517e-06
4.83601e-08
5.27629e-06
3.4614e-08
5.28313e-06
2.10011e-08
5.28566e-06
7.29584e-09
5.28379e-06
-6.72829e-09
5.27736e-06
-2.13017e-08
5.26616e-06
-3.66617e-08
5.24988e-06
-5.30557e-08
5.22819e-06
-7.07449e-08
5.20063e-06
-9.00078e-08
5.1667e-06
-1.11145e-07
5.12582e-06
-1.34484e-07
5.07729e-06
-1.60387e-07
5.02034e-06
-1.89252e-07
4.9541e-06
-2.21531e-07
4.87759e-06
-2.57731e-07
4.78969e-06
-2.9843e-07
4.6892e-06
-3.44291e-07
4.57475e-06
-3.96081e-07
4.44484e-06
-4.5469e-07
4.29784e-06
-5.21157e-07
4.13197e-06
-5.96705e-07
3.94533e-06
-6.82772e-07
3.73591e-06
-7.81062e-07
3.50164e-06
-8.93589e-07
3.24049e-06
-1.02274e-06
2.95058e-06
-1.17131e-06
2.63042e-06
-1.3426e-06
2.27924e-06
-1.54039e-06
1.89751e-06
-1.76888e-06
1.48767e-06
-2.03258e-06
1.05522e-06
-2.33576e-06
6.10152e-07
-2.68157e-06
1.68758e-07
-3.07016e-06
-2.44464e-07
-3.49534e-06
-5.95423e-07
-3.93885e-06
-8.41162e-07
-4.36099e-06
-9.35591e-07
-4.68688e-06
-8.44602e-07
-4.78892e-06
-5.75316e-07
-4.47033e-06
-2.20749e-07
-3.46492e-06
-1.50263e-06
-2.9485e-07
1.69499e-06
-6.88677e-07
3.63004e-06
-9.10701e-07
4.41099e-06
-8.93249e-07
4.49197e-06
-6.67276e-07
4.21587e-06
-2.94305e-07
3.79197e-06
1.65522e-07
3.3345e-06
6.65003e-07
2.89881e-06
1.1713e-06
2.50732e-06
1.66351e-06
2.16573e-06
2.12943e-06
1.87199e-06
2.56276e-06
1.621e-06
2.96105e-06
1.40689e-06
3.32416e-06
1.22405e-06
3.65333e-06
1.06755e-06
3.95056e-06
9.3314e-07
4.21818e-06
8.17311e-07
4.45865e-06
7.17142e-07
4.67437e-06
6.30221e-07
4.86766e-06
5.54557e-07
5.04068e-06
4.88501e-07
5.19542e-06
4.30679e-07
5.3337e-06
3.79943e-07
5.45717e-06
3.35325e-07
5.56733e-06
2.96005e-07
5.6655e-06
2.61285e-07
5.75291e-06
2.30565e-07
5.83062e-06
2.03326e-07
5.89959e-06
1.79117e-07
5.96067e-06
1.57543e-07
6.01461e-06
1.38255e-07
6.06206e-06
1.20942e-07
6.10361e-06
1.05324e-07
6.13973e-06
9.11498e-08
6.17085e-06
7.81887e-08
6.19732e-06
6.62281e-08
6.21942e-06
5.50702e-08
6.23736e-06
4.45283e-08
6.25129e-06
3.44247e-08
6.26132e-06
2.45877e-08
6.26747e-06
1.48496e-08
6.26972e-06
5.04421e-09
6.26799e-06
-4.99516e-09
6.26213e-06
-1.54382e-08
6.25192e-06
-2.64599e-08
6.23711e-06
-3.8243e-08
6.21735e-06
-5.09807e-08
6.19222e-06
-6.488e-08
6.16124e-06
-8.01651e-08
6.12384e-06
-9.70816e-08
6.07935e-06
-1.15901e-07
6.02703e-06
-1.36928e-07
5.966e-06
-1.60504e-07
5.89529e-06
-1.87022e-07
5.81379e-06
-2.16929e-07
5.72024e-06
-2.50745e-07
5.61324e-06
-2.89078e-07
5.49119e-06
-3.32643e-07
5.35232e-06
-3.82286e-07
5.19464e-06
-4.39017e-07
5.01591e-06
-5.04049e-07
4.8137e-06
-5.7885e-07
4.58531e-06
-6.65199e-07
4.32784e-06
-7.65269e-07
4.03825e-06
-8.81717e-07
3.71344e-06
-1.0178e-06
3.35053e-06
-1.17748e-06
2.94722e-06
-1.36557e-06
2.50244e-06
-1.5878e-06
2.0174e-06
-1.85073e-06
1.49725e-06
-2.16141e-06
9.53394e-07
-2.52631e-06
4.0683e-07
-2.94878e-06
-1.08041e-07
-3.42398e-06
-5.40203e-07
-3.92883e-06
-8.22957e-07
-4.40413e-06
-8.86055e-07
-4.72582e-06
-6.90342e-07
-4.66604e-06
-3.01162e-07
-3.8541e-06
-1.80379e-06
-4.11704e-07
2.10669e-06
-8.07583e-07
4.02592e-06
-8.73588e-07
4.477e-06
-6.193e-07
4.23769e-06
-1.46023e-07
3.7426e-06
4.45349e-07
3.2006e-06
1.0797e-06
2.70015e-06
1.70918e-06
2.26933e-06
2.30679e-06
1.90971e-06
2.85937e-06
1.61315e-06
3.36215e-06
1.36921e-06
3.8151e-06
1.16804e-06
4.2207e-06
1.00129e-06
4.58256e-06
8.62191e-07
4.90471e-06
7.45394e-07
5.19116e-06
6.46688e-07
5.44571e-06
5.62763e-07
5.67184e-06
4.91009e-07
5.87271e-06
4.29352e-07
6.05114e-06
3.76132e-07
6.20962e-06
3.30013e-07
6.3504e-06
2.89905e-07
6.47542e-06
2.54916e-07
6.58644e-06
2.24305e-07
6.68499e-06
1.97457e-07
6.77243e-06
1.73852e-07
6.84994e-06
1.53049e-07
6.91859e-06
1.34673e-07
6.97931e-06
1.18397e-07
7.03292e-06
1.03941e-07
7.08012e-06
9.10569e-08
7.12153e-06
7.95262e-08
7.1577e-06
6.91544e-08
7.18908e-06
5.97662e-08
7.21607e-06
5.12027e-08
7.23898e-06
4.3318e-08
7.25807e-06
3.59765e-08
7.27355e-06
2.90514e-08
7.28555e-06
2.24217e-08
7.29417e-06
1.59714e-08
7.29943e-06
9.58693e-09
7.30132e-06
3.1562e-09
7.29976e-06
-3.43335e-09
7.29462e-06
-1.02962e-08
7.28571e-06
-1.75507e-08
7.27278e-06
-2.53202e-08
7.25554e-06
-3.3736e-08
7.2336e-06
-4.29387e-08
7.20651e-06
-5.30814e-08
7.17377e-06
-6.43321e-08
7.13474e-06
-7.68782e-08
7.08874e-06
-9.09298e-08
7.03497e-06
-1.06726e-07
6.97248e-06
-1.2454e-07
6.90024e-06
-1.44689e-07
6.81704e-06
-1.67544e-07
6.7215e-06
-1.9354e-07
6.61206e-06
-2.23197e-07
6.48691e-06
-2.57136e-07
6.344e-06
-2.96109e-07
6.18099e-06
-3.41036e-07
5.99518e-06
-3.93043e-07
5.78351e-06
-4.53531e-07
5.54249e-06
-5.2425e-07
5.26818e-06
-6.07405e-07
4.95618e-06
-7.05795e-07
4.6017e-06
-8.22995e-07
4.19971e-06
-9.63584e-07
3.74534e-06
-1.13343e-06
3.23462e-06
-1.34001e-06
2.66585e-06
-1.59264e-06
2.04202e-06
-1.90248e-06
1.37482e-06
-2.28158e-06
6.90738e-07
-2.7399e-06
3.92377e-08
-3.27733e-06
-4.99501e-07
-3.86539e-06
-8.15133e-07
-4.41019e-06
-7.93798e-07
-4.68738e-06
-4.1582e-07
-4.23207e-06
-2.21961e-06
-5.52184e-07
2.65887e-06
-8.23441e-07
4.29718e-06
-5.60983e-07
4.21454e-06
5.73878e-08
3.61932e-06
8.40245e-07
2.95974e-06
1.66041e-06
2.38043e-06
2.44732e-06
1.91323e-06
3.16849e-06
1.54816e-06
3.81339e-06
1.26482e-06
4.38267e-06
1.04387e-06
4.882e-06
8.6989e-07
5.31879e-06
7.31248e-07
5.70067e-06
6.19411e-07
6.03473e-06
5.28138e-07
6.32727e-06
4.52847e-07
6.58382e-06
3.90139e-07
6.80912e-06
3.37468e-07
7.00723e-06
2.92894e-07
7.18166e-06
2.54927e-07
7.33539e-06
2.22403e-07
7.47099e-06
1.94405e-07
7.5907e-06
1.70198e-07
7.69643e-06
1.49191e-07
7.78983e-06
1.30899e-07
7.87236e-06
1.14925e-07
7.94528e-06
1.00936e-07
8.00968e-06
8.86542e-08
8.06651e-06
7.7842e-08
8.11661e-06
6.82977e-08
8.1607e-06
5.98469e-08
8.19942e-06
5.23376e-08
8.23331e-06
4.56365e-08
8.26284e-06
3.96253e-08
8.28841e-06
3.41983e-08
8.31035e-06
2.92597e-08
8.32894e-06
2.47223e-08
8.34442e-06
2.05053e-08
8.35693e-06
1.6533e-08
8.36662e-06
1.27339e-08
8.37355e-06
9.03912e-09
8.37776e-06
5.38176e-09
8.37922e-06
1.69557e-09
8.37787e-06
-2.08585e-09
8.37361e-06
-6.03008e-09
8.36626e-06
-1.02069e-08
8.35563e-06
-1.46895e-08
8.34145e-06
-1.95554e-08
8.3234e-06
-2.48884e-08
8.3011e-06
-3.07794e-08
8.2741e-06
-3.73291e-08
8.24187e-06
-4.46498e-08
8.20381e-06
-5.28683e-08
8.15921e-06
-6.21292e-08
8.10727e-06
-7.25993e-08
8.04705e-06
-8.44728e-08
7.97749e-06
-9.79783e-08
7.89733e-06
-1.13387e-07
7.80516e-06
-1.31024e-07
7.69931e-06
-1.51284e-07
7.57785e-06
-1.74647e-07
7.43852e-06
-2.01709e-07
7.27869e-06
-2.33211e-07
7.09525e-06
-2.70089e-07
6.88453e-06
-3.13537e-07
6.64222e-06
-3.65094e-07
6.3632e-06
-4.26771e-07
6.04143e-06
-5.01229e-07
5.66988e-06
-5.92027e-07
5.24044e-06
-7.03993e-07
4.74416e-06
-8.4373e-07
4.17185e-06
-1.02033e-06
3.51561e-06
-1.24624e-06
2.77222e-06
-1.53819e-06
1.94966e-06
-1.91734e-06
1.07892e-06
-2.40659e-06
2.31993e-07
-3.01846e-06
-4.57003e-07
-3.72119e-06
-7.82695e-07
-4.36168e-06
-5.49228e-07
-4.46554e-06
-2.76884e-06
-6.19658e-07
3.27853e-06
-4.43916e-07
4.12144e-06
4.05548e-07
3.36508e-06
1.49378e-06
2.53108e-06
2.57879e-06
1.87473e-06
3.56132e-06
1.3979e-06
4.41324e-06
1.06132e-06
5.1381e-06
8.23309e-07
5.75097e-06
6.51947e-07
6.26918e-06
5.25655e-07
6.70873e-06
4.30346e-07
7.08316e-06
3.56812e-07
7.40363e-06
2.9895e-07
7.67913e-06
2.52635e-07
7.91696e-06
2.15017e-07
8.12302e-06
1.84078e-07
8.30213e-06
1.5836e-07
8.45824e-06
1.36786e-07
8.59462e-06
1.18547e-07
8.71399e-06
1.03026e-07
8.81866e-06
8.97403e-08
8.91054e-06
7.83131e-08
8.99129e-06
6.84423e-08
9.06231e-06
5.9884e-08
9.12479e-06
5.24393e-08
9.17978e-06
4.59438e-08
9.22818e-06
4.02604e-08
9.27075e-06
3.52738e-08
9.30816e-06
3.08859e-08
9.34099e-06
2.70126e-08
9.36975e-06
2.3581e-08
9.39486e-06
2.05274e-08
9.41669e-06
1.77957e-08
9.43555e-06
1.53358e-08
9.45171e-06
1.31026e-08
9.46538e-06
1.10551e-08
9.47673e-06
9.15545e-09
9.48589e-06
7.36832e-09
9.49296e-06
5.66036e-09
9.498e-06
3.99956e-09
9.50103e-06
2.35481e-09
9.50203e-06
6.95345e-10
9.50095e-06
-1.00965e-09
9.49772e-06
-2.79155e-09
9.49219e-06
-4.68281e-09
9.48422e-06
-6.71743e-09
9.4736e-06
-8.93161e-09
9.46007e-06
-1.13644e-08
9.44335e-06
-1.40584e-08
9.42308e-06
-1.7061e-08
9.39886e-06
-2.04249e-08
9.3702e-06
-2.42102e-08
9.33656e-06
-2.84855e-08
9.29729e-06
-3.33302e-08
9.25165e-06
-3.88376e-08
9.19879e-06
-4.51175e-08
9.1377e-06
-5.23015e-08
9.06723e-06
-6.05482e-08
8.986e-06
-7.00512e-08
8.8924e-06
-8.10491e-08
8.78453e-06
-9.38395e-08
8.66012e-06
-1.08798e-07
8.51643e-06
-1.26404e-07
8.35017e-06
-1.47278e-07
8.15731e-06
-1.72237e-07
7.93291e-06
-2.0237e-07
7.67084e-06
-2.39157e-07
7.36347e-06
-2.84652e-07
7.00123e-06
-3.41761e-07
6.5722e-06
-4.14696e-07
6.06158e-06
-5.09707e-07
5.45161e-06
-6.36273e-07
4.72241e-06
-8.08989e-07
3.85549e-06
-1.05042e-06
2.84329e-06
-1.39439e-06
1.71081e-06
-1.88597e-06
5.58221e-07
-2.5686e-06
-3.63267e-07
-3.4402e-06
-5.99014e-07
-4.22979e-06
-3.36786e-06
-1.49172e-07
3.4277e-06
1.15783e-06
2.81444e-06
2.79991e-06
1.723e-06
4.25999e-06
1.071e-06
5.44158e-06
6.93137e-07
6.37171e-06
4.67775e-07
7.10248e-06
3.3054e-07
7.6818e-06
2.4399e-07
8.14698e-06
1.86767e-07
8.52555e-06
1.4709e-07
8.83748e-06
1.18409e-07
9.09735e-06
9.69455e-08
9.31587e-06
8.04269e-08
9.50108e-06
6.74231e-08
9.6591e-06
5.69967e-08
9.79467e-06
4.85108e-08
9.91151e-06
4.15179e-08
1.00126e-05
3.56953e-08
1.01003e-05
3.08048e-08
1.01767e-05
2.66666e-08
1.02433e-05
2.31431e-08
1.03015e-05
2.01267e-08
1.03524e-05
1.75327e-08
1.0397e-05
1.5293e-08
1.04361e-05
1.33524e-08
1.04704e-05
1.16656e-08
1.05004e-05
1.01951e-08
1.05268e-05
8.9095e-09
1.05499e-05
7.78224e-09
1.05701e-05
6.79061e-09
1.05878e-05
5.91504e-09
1.06032e-05
5.13851e-09
1.06165e-05
4.44606e-09
1.0628e-05
3.82439e-09
1.06379e-05
3.26158e-09
1.06462e-05
2.74679e-09
1.06531e-05
2.27006e-09
1.06586e-05
1.82212e-09
1.06629e-05
1.39424e-09
1.06659e-05
9.78023e-10
1.06677e-05
5.65338e-10
1.06682e-05
1.48147e-10
1.06675e-05
-2.8161e-10
1.06654e-05
-7.32143e-10
1.0662e-05
-1.21194e-09
1.0657e-05
-1.72994e-09
1.06503e-05
-2.29562e-09
1.06419e-05
-2.91927e-09
1.06315e-05
-3.61214e-09
1.06188e-05
-4.38672e-09
1.06036e-05
-5.25702e-09
1.05856e-05
-6.23899e-09
1.05645e-05
-7.35094e-09
1.05398e-05
-8.61418e-09
1.0511e-05
-1.00537e-08
1.04776e-05
-1.16993e-08
1.04389e-05
-1.35865e-08
1.03941e-05
-1.57586e-08
1.03423e-05
-1.82688e-08
1.02824e-05
-2.1183e-08
1.02132e-05
-2.45838e-08
1.0133e-05
-2.85765e-08
1.00399e-05
-3.3297e-08
9.9315e-06
-3.89231e-08
9.80495e-06
-4.56914e-08
9.65651e-06
-5.39233e-08
9.48142e-06
-6.40644e-08
9.27351e-06
-7.67492e-08
9.02466e-06
-9.29091e-08
8.72393e-06
-1.13962e-07
8.35638e-06
-1.42158e-07
7.90134e-06
-1.81236e-07
7.33006e-06
-2.3771e-07
6.60304e-06
-3.23393e-07
5.66868e-06
-4.60037e-07
4.46943e-06
-6.86724e-07
2.97284e-06
-1.07201e-06
1.2747e-06
-1.74205e-06
-9.92832e-08
-2.85581e-06
-3.46714e-06
3.4277e-06
6.24214e-06
7.96514e-06
9.03614e-06
9.72927e-06
1.0197e-05
1.05276e-05
1.07716e-05
1.09583e-05
1.11054e-05
1.12238e-05
1.13208e-05
1.14012e-05
1.14686e-05
1.15256e-05
1.15741e-05
1.16157e-05
1.16514e-05
1.16822e-05
1.17088e-05
1.1732e-05
1.17521e-05
1.17696e-05
1.17849e-05
1.17983e-05
1.18099e-05
1.18201e-05
1.1829e-05
1.18368e-05
1.18436e-05
1.18495e-05
1.18547e-05
1.18591e-05
1.18629e-05
1.18662e-05
1.1869e-05
1.18712e-05
1.1873e-05
1.18744e-05
1.18754e-05
1.1876e-05
1.18761e-05
1.18759e-05
1.18751e-05
1.18739e-05
1.18722e-05
1.18699e-05
1.1867e-05
1.18633e-05
1.1859e-05
1.18537e-05
1.18475e-05
1.18401e-05
1.18315e-05
1.18214e-05
1.18097e-05
1.17962e-05
1.17804e-05
1.17621e-05
1.1741e-05
1.17164e-05
1.16878e-05
1.16545e-05
1.16156e-05
1.15699e-05
1.1516e-05
1.14519e-05
1.13751e-05
1.12822e-05
1.11683e-05
1.10261e-05
1.08449e-05
1.06072e-05
1.02838e-05
9.82374e-06
9.13701e-06
8.065e-06
6.32295e-06
3.46714e-06
)
;

boundaryField
{
    movingWall
    {
        type            calculated;
        value           uniform 0;
    }
    fixedWalls
    {
        type            calculated;
        value           uniform 0;
    }
    frontAndBack
    {
        type            empty;
        value           nonuniform 0();
    }
}


// ************************************************************************* //
