/*--------------------------------*- C++ -*----------------------------------*\
  =========                 |
  \\      /  F ield         | OpenFOAM: The Open Source CFD Toolbox
   \\    /   O peration     | Website:  https://openfoam.org
    \\  /    A nd           | Version:  7
     \\/     M anipulation  |
\*---------------------------------------------------------------------------*/
FoamFile
{
    version     2.0;
    format      ascii;
    class       volVectorField;
    location    "0.5";
    object      U;
}
// * * * * * * * * * * * * * * * * * * * * * * * * * * * * * * * * * * * * * //

dimensions      [0 1 -1 0 0 0 0];

internalField   nonuniform List<vector> 
3200
(
(7.74553e-05 -7.72913e-05 0)
(0.000215063 -8.38991e-05 0)
(0.0002582 -2.86667e-05 0)
(0.000123796 4.25894e-05 0)
(-0.000209452 0.00011223 0)
(-0.000729538 0.000173806 0)
(-0.00141366 0.000225318 0)
(-0.00223571 0.000266691 0)
(-0.00316914 0.000298597 0)
(-0.00418857 0.000321966 0)
(-0.00527057 0.000337789 0)
(-0.00639397 0.000347045 0)
(-0.00754007 0.000350665 0)
(-0.00869257 0.000349522 0)
(-0.00983756 0.000344418 0)
(-0.0109634 0.000336084 0)
(-0.0120604 0.000325181 0)
(-0.0131209 0.000312297 0)
(-0.014139 0.000297949 0)
(-0.0151103 0.000282588 0)
(-0.0160317 0.0002666 0)
(-0.0169013 0.000250314 0)
(-0.0177181 0.000234001 0)
(-0.0184821 0.000217882 0)
(-0.0191939 0.00020213 0)
(-0.0198545 0.000186881 0)
(-0.0204655 0.000172231 0)
(-0.0210287 0.000158242 0)
(-0.021546 0.000144952 0)
(-0.0220197 0.00013237 0)
(-0.0224517 0.000120484 0)
(-0.0228443 0.000109265 0)
(-0.0231993 9.86653e-05 0)
(-0.0235186 8.86251e-05 0)
(-0.0238038 7.90719e-05 0)
(-0.0240563 6.99229e-05 0)
(-0.0242772 6.1087e-05 0)
(-0.0244673 5.24651e-05 0)
(-0.024627 4.39522e-05 0)
(-0.0247566 3.54378e-05 0)
(-0.0248558 2.68072e-05 0)
(-0.024924 1.7943e-05 0)
(-0.0249603 8.72593e-06 0)
(-0.0249634 -9.63716e-07 0)
(-0.0249314 -1.12445e-05 0)
(-0.0248625 -2.22323e-05 0)
(-0.0247541 -3.4038e-05 0)
(-0.0246035 -4.67649e-05 0)
(-0.0244077 -6.0506e-05 0)
(-0.0241634 -7.534e-05 0)
(-0.0238671 -9.13277e-05 0)
(-0.0235152 -0.000108508 0)
(-0.0231042 -0.000126892 0)
(-0.0226303 -0.000146459 0)
(-0.0220903 -0.000167151 0)
(-0.0214809 -0.000188864 0)
(-0.0207996 -0.000211445 0)
(-0.0200442 -0.000234684 0)
(-0.0192136 -0.000258309 0)
(-0.0183076 -0.000281984 0)
(-0.017327 -0.000305298 0)
(-0.0162743 -0.00032777 0)
(-0.0151537 -0.000348844 0)
(-0.0139709 -0.000367887 0)
(-0.0127341 -0.000384197 0)
(-0.0114535 -0.000397003 0)
(-0.0101417 -0.000405475 0)
(-0.00881407 -0.000408729 0)
(-0.00748843 -0.00040584 0)
(-0.00618531 -0.000395847 0)
(-0.00492787 -0.000377768 0)
(-0.00374174 -0.000350616 0)
(-0.00265479 -0.000313424 0)
(-0.00169663 -0.000265319 0)
(-0.000897684 -0.000205703 0)
(-0.000287573 -0.000134771 0)
(0.000108077 -5.47594e-05 0)
(0.000275645 2.72416e-05 0)
(0.000238148 9.17711e-05 0)
(8.72331e-05 8.70844e-05 0)
(8.50659e-05 -0.000215587 0)
(0.000151604 -0.000149478 0)
(-7.33883e-05 0.000138135 0)
(-0.000711929 0.000497646 0)
(-0.00180412 0.000860725 0)
(-0.00333657 0.00119479 0)
(-0.00526852 0.00148511 0)
(-0.00754587 0.00172656 0)
(-0.0101092 0.00191897 0)
(-0.0128985 0.00206471 0)
(-0.0158563 0.00216744 0)
(-0.018929 0.00223148 0)
(-0.0220684 0.00226136 0)
(-0.0252313 0.00226166 0)
(-0.0283806 0.00223679 0)
(-0.0314844 0.00219093 0)
(-0.0345162 0.00212796 0)
(-0.0374543 0.00205143 0)
(-0.0402818 0.00196453 0)
(-0.0429856 0.00187008 0)
(-0.0455565 0.00177056 0)
(-0.0479881 0.00166809 0)
(-0.0502772 0.00156447 0)
(-0.0524225 0.00146117 0)
(-0.0544249 0.0013594 0)
(-0.0562866 0.00126009 0)
(-0.058011 0.00116394 0)
(-0.0596026 0.00107145 0)
(-0.0610662 0.000982909 0)
(-0.0624071 0.000898459 0)
(-0.0636308 0.000818085 0)
(-0.0647426 0.00074165 0)
(-0.0657475 0.000668903 0)
(-0.0666503 0.000599499 0)
(-0.0674552 0.00053301 0)
(-0.0681657 0.000468937 0)
(-0.0687848 0.000406725 0)
(-0.0693144 0.000345763 0)
(-0.0697559 0.000285403 0)
(-0.0701095 0.00022496 0)
(-0.0703747 0.000163728 0)
(-0.0705497 0.000100979 0)
(-0.0706319 3.59829e-05 0)
(-0.0706179 -3.19923e-05 0)
(-0.070503 -0.000103664 0)
(-0.0702817 -0.000179723 0)
(-0.0699476 -0.000260822 0)
(-0.0694934 -0.000347557 0)
(-0.0689113 -0.000440447 0)
(-0.0681925 -0.000539913 0)
(-0.0673282 -0.000646255 0)
(-0.0663091 -0.000759621 0)
(-0.0651259 -0.000879985 0)
(-0.0637695 -0.00100711 0)
(-0.0622314 -0.0011405 0)
(-0.0605042 -0.00127942 0)
(-0.0585816 -0.00142277 0)
(-0.0564591 -0.00156916 0)
(-0.0541344 -0.00171679 0)
(-0.0516081 -0.00186348 0)
(-0.0488841 -0.00200663 0)
(-0.0459699 -0.00214321 0)
(-0.0428777 -0.00226979 0)
(-0.0396245 -0.00238252 0)
(-0.0362327 -0.00247716 0)
(-0.0327304 -0.00254917 0)
(-0.0291522 -0.00259373 0)
(-0.0255389 -0.00260585 0)
(-0.0219377 -0.00258043 0)
(-0.0184022 -0.00251249 0)
(-0.0149918 -0.00239725 0)
(-0.0117711 -0.00223043 0)
(-0.00880848 -0.00200866 0)
(-0.00617397 -0.00173009 0)
(-0.00393614 -0.00139572 0)
(-0.00215664 -0.00101188 0)
(-0.000881517 -0.000595277 0)
(-0.000125898 -0.000182101 0)
(0.000154113 0.00015187 0)
(9.27659e-05 0.000238429 0)
(3.14658e-05 -0.00026198 0)
(-0.000132487 7.37366e-05 0)
(-0.000812768 0.000816671 0)
(-0.00210036 0.00171013 0)
(-0.00402604 0.00261963 0)
(-0.00657287 0.00347024 0)
(-0.00968925 0.00422233 0)
(-0.0133037 0.00485803 0)
(-0.0173354 0.0053723 0)
(-0.0217006 0.00576766 0)
(-0.026317 0.00605103 0)
(-0.0311071 0.00623186 0)
(-0.0359993 0.00632088 0)
(-0.0409297 0.00632937 0)
(-0.0458419 0.00626856 0)
(-0.0506874 0.00614934 0)
(-0.0554253 0.00598201 0)
(-0.0600221 0.00577606 0)
(-0.064451 0.00554016 0)
(-0.0686912 0.00528206 0)
(-0.0727278 0.00500859 0)
(-0.0765503 0.00472564 0)
(-0.0801527 0.00443826 0)
(-0.0835325 0.00415065 0)
(-0.0866903 0.00386623 0)
(-0.0896289 0.0035877 0)
(-0.092353 0.00331711 0)
(-0.0948689 0.00305591 0)
(-0.0971837 0.00280503 0)
(-0.0993051 0.00256493 0)
(-0.101241 0.00233567 0)
(-0.103 0.00211692 0)
(-0.104588 0.00190804 0)
(-0.106014 0.00170814 0)
(-0.107284 0.00151608 0)
(-0.108402 0.00133051 0)
(-0.109373 0.00114991 0)
(-0.1102 0.000972645 0)
(-0.110886 0.000796927 0)
(-0.111429 0.000620897 0)
(-0.111831 0.000442622 0)
(-0.112087 0.000260128 0)
(-0.112194 7.14224e-05 0)
(-0.112146 -0.000125474 0)
(-0.111937 -0.000332495 0)
(-0.111559 -0.000551496 0)
(-0.111 -0.00078421 0)
(-0.110252 -0.0010322 0)
(-0.109301 -0.00129681 0)
(-0.108135 -0.00157911 0)
(-0.10674 -0.0018798 0)
(-0.105103 -0.00219919 0)
(-0.10321 -0.00253705 0)
(-0.101048 -0.00289261 0)
(-0.0986039 -0.00326439 0)
(-0.095868 -0.00365017 0)
(-0.0928312 -0.00404687 0)
(-0.0894874 -0.00445049 0)
(-0.0858342 -0.00485602 0)
(-0.0818734 -0.00525739 0)
(-0.0776117 -0.00564744 0)
(-0.0730619 -0.0060179 0)
(-0.068243 -0.00635939 0)
(-0.0631818 -0.00666153 0)
(-0.057913 -0.00691299 0)
(-0.0524799 -0.00710167 0)
(-0.0469348 -0.0072149 0)
(-0.0413392 -0.00723973 0)
(-0.035764 -0.00716325 0)
(-0.0302885 -0.00697312 0)
(-0.025 -0.00665809 0)
(-0.019992 -0.00620894 0)
(-0.0153621 -0.00561967 0)
(-0.0112084 -0.00488946 0)
(-0.00762433 -0.0040259 0)
(-0.0046915 -0.00305058 0)
(-0.00246824 -0.0020087 0)
(-0.000973372 -0.000983923 0)
(-0.000173319 -0.000125676 0)
(3.03525e-05 0.000279279 0)
(-3.87388e-05 -0.000132712 0)
(-0.000493854 0.000711973 0)
(-0.00171968 0.00210614 0)
(-0.00373511 0.00371184 0)
(-0.00653948 0.00533545 0)
(-0.0101038 0.00685951 0)
(-0.0143642 0.00821644 0)
(-0.0192345 0.00937224 0)
(-0.0246177 0.0103144 0)
(-0.0304125 0.0110441 0)
(-0.0365186 0.0115711 0)
(-0.04284 0.0119105 0)
(-0.0492877 0.0120804 0)
(-0.0557811 0.0121004 0)
(-0.0622489 0.0119905 0)
(-0.0686291 0.0117703 0)
(-0.0748693 0.0114587 0)
(-0.0809261 0.0110731 0)
(-0.0867645 0.0106298 0)
(-0.0923575 0.0101432 0)
(-0.0976849 0.00962604 0)
(-0.102733 0.00908966 0)
(-0.107493 0.00854358 0)
(-0.111962 0.00799583 0)
(-0.11614 0.00745297 0)
(-0.120029 0.00692023 0)
(-0.123636 0.00640159 0)
(-0.126969 0.00589993 0)
(-0.130036 0.00541709 0)
(-0.132846 0.00495405 0)
(-0.135411 0.00451098 0)
(-0.137739 0.00408736 0)
(-0.139841 0.00368205 0)
(-0.141726 0.0032934 0)
(-0.143402 0.00291931 0)
(-0.144875 0.00255728 0)
(-0.146151 0.00220448 0)
(-0.147234 0.00185783 0)
(-0.148126 0.001514 0)
(-0.148827 0.0011695 0)
(-0.149337 0.00082071 0)
(-0.149653 0.000463947 0)
(-0.149768 9.54874e-05 0)
(-0.149676 -0.000288356 0)
(-0.149369 -0.000691176 0)
(-0.148835 -0.00111641 0)
(-0.148063 -0.00156723 0)
(-0.147037 -0.00204652 0)
(-0.145744 -0.00255669 0)
(-0.144168 -0.00309964 0)
(-0.14229 -0.00367659 0)
(-0.140094 -0.00428795 0)
(-0.137563 -0.00493319 0)
(-0.13468 -0.00561068 0)
(-0.13143 -0.0063175 0)
(-0.1278 -0.00704934 0)
(-0.12378 -0.00780028 0)
(-0.119361 -0.00856268 0)
(-0.114542 -0.00932705 0)
(-0.109326 -0.0100819 0)
(-0.103721 -0.0108139 0)
(-0.0977456 -0.0115075 0)
(-0.0914239 -0.0121452 0)
(-0.0847906 -0.0127077 0)
(-0.0778903 -0.0131743 0)
(-0.0707784 -0.0135227 0)
(-0.0635213 -0.0137298 0)
(-0.056197 -0.0137722 0)
(-0.0488946 -0.0136271 0)
(-0.0417132 -0.013273 0)
(-0.0347613 -0.0126909 0)
(-0.0281541 -0.0118663 0)
(-0.0220108 -0.0107913 0)
(-0.0164501 -0.00946801 0)
(-0.0115841 -0.00791392 0)
(-0.00751109 -0.00617004 0)
(-0.00430329 -0.00431379 0)
(-0.00199263 -0.00247678 0)
(-0.000580346 -0.000873983 0)
(-4.90241e-05 0.000119696 0)
(-0.000109197 0.000197823 0)
(-0.000870533 0.00181782 0)
(-0.00267533 0.00405767 0)
(-0.00545065 0.00653037 0)
(-0.00915009 0.00899853 0)
(-0.0137242 0.0113095 0)
(-0.0190923 0.0133705 0)
(-0.0251532 0.0151317 0)
(-0.031795 0.0165724 0)
(-0.0389022 0.017692 0)
(-0.0463599 0.0185028 0)
(-0.054058 0.0190258 0)
(-0.0618938 0.019287 0)
(-0.0697741 0.0193153 0)
(-0.0776158 0.0191409 0)
(-0.0853465 0.0187935 0)
(-0.0929046 0.0183019 0)
(-0.100239 0.0176932 0)
(-0.107309 0.0169925 0)
(-0.114081 0.0162223 0)
(-0.120533 0.0154029 0)
(-0.126648 0.0145517 0)
(-0.132414 0.013684 0)
(-0.137829 0.0128124 0)
(-0.142891 0.0119475 0)
(-0.147605 0.0110975 0)
(-0.151977 0.0102688 0)
(-0.156016 0.00946612 0)
(-0.159733 0.00869244 0)
(-0.163139 0.00794938 0)
(-0.166245 0.00723731 0)
(-0.169064 0.00655548 0)
(-0.171607 0.00590217 0)
(-0.173885 0.00527484 0)
(-0.175907 0.00467021 0)
(-0.177681 0.00408439 0)
(-0.179214 0.00351297 0)
(-0.18051 0.00295112 0)
(-0.181572 0.00239363 0)
(-0.182401 0.00183504 0)
(-0.182995 0.00126969 0)
(-0.183351 0.000691814 0)
(-0.183462 9.56025e-05 0)
(-0.18332 -0.00052469 0)
(-0.182915 -0.00117465 0)
(-0.182235 -0.00185961 0)
(-0.181264 -0.00258449 0)
(-0.179988 -0.00335369 0)
(-0.178388 -0.00417092 0)
(-0.176444 -0.00503902 0)
(-0.174139 -0.00595979 0)
(-0.171451 -0.00693374 0)
(-0.16836 -0.00795989 0)
(-0.164848 -0.00903554 0)
(-0.160896 -0.010156 0)
(-0.156489 -0.0113143 0)
(-0.151616 -0.0125012 0)
(-0.146268 -0.0137045 0)
(-0.140443 -0.0149093 0)
(-0.134143 -0.0160977 0)
(-0.127382 -0.0172487 0)
(-0.120177 -0.018338 0)
(-0.112559 -0.0193387 0)
(-0.104567 -0.0202208 0)
(-0.0962553 -0.0209521 0)
(-0.0876867 -0.0214985 0)
(-0.0789391 -0.0218247 0)
(-0.0701026 -0.0218953 0)
(-0.0612802 -0.0216759 0)
(-0.0525865 -0.0211347 0)
(-0.044146 -0.0202444 0)
(-0.0360907 -0.018985 0)
(-0.0285568 -0.017347 0)
(-0.0216797 -0.0153365 0)
(-0.0155885 -0.0129817 0)
(-0.0103988 -0.010343 0)
(-0.00620127 -0.00752746 0)
(-0.00305033 -0.00470651 0)
(-0.000997559 -0.00214345 0)
(-0.000127168 -0.000264738 0)
(-0.000174475 0.000725162 0)
(-0.00123516 0.00339769 0)
(-0.00361773 0.00668491 0)
(-0.00715241 0.0101773 0)
(-0.0117396 0.0136095 0)
(-0.0173027 0.0168036 0)
(-0.02374 0.019647 0)
(-0.0309323 0.0220766 0)
(-0.038753 0.0240652 0)
(-0.0470731 0.0256107 0)
(-0.055765 0.0267285 0)
(-0.0647071 0.0274459 0)
(-0.0737859 0.0277979 0)
(-0.0828981 0.0278234 0)
(-0.0919516 0.0275637 0)
(-0.100866 0.02706 0)
(-0.109574 0.026352 0)
(-0.118017 0.0254779 0)
(-0.126151 0.0244725 0)
(-0.133939 0.0233679 0)
(-0.141356 0.0221924 0)
(-0.148383 0.020971 0)
(-0.155008 0.0197251 0)
(-0.161228 0.0184729 0)
(-0.167041 0.0172293 0)
(-0.172453 0.0160062 0)
(-0.177472 0.0148128 0)
(-0.182107 0.0136557 0)
(-0.18637 0.0125394 0)
(-0.190275 0.0114661 0)
(-0.193835 0.0104365 0)
(-0.197064 0.0094496 0)
(-0.199974 0.00850299 0)
(-0.202577 0.00759309 0)
(-0.204884 0.0067153 0)
(-0.206905 0.00586413 0)
(-0.208647 0.00503333 0)
(-0.210115 0.00421608 0)
(-0.211312 0.00340501 0)
(-0.212239 0.00259242 0)
(-0.212894 0.00177029 0)
(-0.213274 0.000930495 0)
(-0.213372 6.48313e-05 0)
(-0.213178 -0.000834792 0)
(-0.212682 -0.00177624 0)
(-0.211869 -0.00276697 0)
(-0.210723 -0.00381391 0)
(-0.209226 -0.00492318 0)
(-0.207359 -0.00609995 0)
(-0.2051 -0.00734814 0)
(-0.202427 -0.00867018 0)
(-0.199319 -0.0100667 0)
(-0.195752 -0.0115362 0)
(-0.191705 -0.0130747 0)
(-0.187159 -0.0146756 0)
(-0.182096 -0.016329 0)
(-0.176503 -0.0180215 0)
(-0.17037 -0.0197362 0)
(-0.163694 -0.0214519 0)
(-0.156478 -0.0231434 0)
(-0.148735 -0.024781 0)
(-0.140486 -0.026331 0)
(-0.131763 -0.0277552 0)
(-0.122611 -0.0290119 0)
(-0.113086 -0.030056 0)
(-0.103259 -0.0308401 0)
(-0.0932159 -0.0313153 0)
(-0.0830556 -0.0314326 0)
(-0.0728915 -0.031145 0)
(-0.0628497 -0.0304092 0)
(-0.0530676 -0.0291888 0)
(-0.043691 -0.0274576 0)
(-0.0348706 -0.0252042 0)
(-0.0267574 -0.022438 0)
(-0.0194977 -0.0191968 0)
(-0.0132269 -0.0155577 0)
(-0.00805923 -0.0116513 0)
(-0.00407879 -0.00767862 0)
(-0.00139519 -0.00393376 0)
(-0.000198242 -0.000865413 0)
(-0.000233255 0.00143642 0)
(-0.00157675 0.00543615 0)
(-0.00451675 0.0099745 0)
(-0.00878962 0.0146382 0)
(-0.01424 0.0191481 0)
(-0.0207601 0.0233105 0)
(-0.0282228 0.0269999 0)
(-0.036489 0.0301444 0)
(-0.0454153 0.0327129 0)
(-0.0548591 0.0347035 0)
(-0.0646811 0.0361363 0)
(-0.0747492 0.0370459 0)
(-0.084941 0.037477 0)
(-0.0951451 0.0374799 0)
(-0.105263 0.0371078 0)
(-0.115208 0.0364143 0)
(-0.124908 0.0354515 0)
(-0.134303 0.0342692 0)
(-0.143343 0.0329134 0)
(-0.15199 0.031426 0)
(-0.160218 0.0298447 0)
(-0.168008 0.0282024 0)
(-0.175348 0.0265276 0)
(-0.182234 0.0248442 0)
(-0.188666 0.0231721 0)
(-0.194652 0.0215271 0)
(-0.200198 0.0199213 0)
(-0.205318 0.0183636 0)
(-0.210025 0.01686 0)
(-0.214332 0.0154135 0)
(-0.218257 0.014025 0)
(-0.221813 0.0126931 0)
(-0.225014 0.0114147 0)
(-0.227875 0.010185 0)
(-0.230407 0.00899801 0)
(-0.23262 0.00784639 0)
(-0.234523 0.0067219 0)
(-0.236122 0.00561547 0)
(-0.23742 0.00451739 0)
(-0.238418 0.00341742 0)
(-0.239114 0.002305 0)
(-0.239506 0.00116937 0)
(-0.239584 -3.01818e-07 0)
(-0.23934 -0.00121468 0)
(-0.238762 -0.00248413 0)
(-0.237834 -0.00381849 0)
(-0.236539 -0.00522685 0)
(-0.234858 -0.00671727 0)
(-0.232769 -0.00829651 0)
(-0.23025 -0.00996971 0)
(-0.227276 -0.01174 0)
(-0.223824 -0.0136083 0)
(-0.219868 -0.0155724 0)
(-0.215386 -0.0176273 0)
(-0.210355 -0.019764 0)
(-0.204757 -0.0219695 0)
(-0.198576 -0.0242265 0)
(-0.1918 -0.0265124 0)
(-0.184426 -0.0287996 0)
(-0.176456 -0.0310549 0)
(-0.167901 -0.0332393 0)
(-0.158783 -0.0353085 0)
(-0.149136 -0.0372127 0)
(-0.139005 -0.038897 0)
(-0.12845 -0.0403025 0)
(-0.117545 -0.0413672 0)
(-0.106382 -0.0420272 0)
(-0.0950654 -0.0422189 0)
(-0.0837166 -0.041881 0)
(-0.0724707 -0.0409579 0)
(-0.0614756 -0.0394027 0)
(-0.0508889 -0.0371817 0)
(-0.0408753 -0.0342803 0)
(-0.0316014 -0.0307091 0)
(-0.0232323 -0.0265127 0)
(-0.0159262 -0.0217804 0)
(-0.00982505 -0.0166595 0)
(-0.00504711 -0.0113697 0)
(-0.00176223 -0.00622124 0)
(-0.000261089 -0.00166498 0)
(-0.000285857 0.00231695 0)
(-0.00189252 0.00790833 0)
(-0.00536066 0.0138986 0)
(-0.0103391 0.0198831 0)
(-0.0166174 0.0255795 0)
(-0.0240538 0.0307878 0)
(-0.0324936 0.0353764 0)
(-0.0417746 0.0392697 0)
(-0.0517357 0.0424361 0)
(-0.0622195 0.0448772 0)
(-0.0730749 0.0466193 0)
(-0.0841601 0.0477065 0)
(-0.0953448 0.0481943 0)
(-0.106511 0.0481458 0)
(-0.117555 0.0476273 0)
(-0.128388 0.0467057 0)
(-0.138932 0.0454466 0)
(-0.149127 0.0439122 0)
(-0.158921 0.0421603 0)
(-0.168278 0.0402438 0)
(-0.177169 0.03821 0)
(-0.185576 0.0361004 0)
(-0.193489 0.0339507 0)
(-0.200905 0.0317913 0)
(-0.207826 0.029647 0)
(-0.21426 0.0275378 0)
(-0.220217 0.0254791 0)
(-0.22571 0.0234819 0)
(-0.230756 0.0215536 0)
(-0.23537 0.0196981 0)
(-0.23957 0.0179164 0)
(-0.243371 0.0162068 0)
(-0.246789 0.0145653 0)
(-0.24984 0.0129857 0)
(-0.252535 0.0114605 0)
(-0.254888 0.00998031 0)
(-0.256905 0.00853474 0)
(-0.258595 0.00711232 0)
(-0.259961 0.00570077 0)
(-0.261004 0.00428717 0)
(-0.261724 0.00285819 0)
(-0.262116 0.00140025 0)
(-0.262172 -0.000100289 0)
(-0.261883 -0.00165688 0)
(-0.261236 -0.00328257 0)
(-0.260214 -0.00498976 0)
(-0.258801 -0.00678988 0)
(-0.256974 -0.0086931 0)
(-0.254713 -0.010708 0)
(-0.251992 -0.012841 0)
(-0.248786 -0.0150961 0)
(-0.245069 -0.0174745 0)
(-0.240815 -0.0199737 0)
(-0.235998 -0.0225873 0)
(-0.230594 -0.0253043 0)
(-0.224582 -0.0281086 0)
(-0.217944 -0.0309785 0)
(-0.210668 -0.0338859 0)
(-0.202745 -0.0367964 0)
(-0.194177 -0.0396685 0)
(-0.184975 -0.0424536 0)
(-0.175157 -0.0450963 0)
(-0.164756 -0.0475341 0)
(-0.153819 -0.0496986 0)
(-0.142405 -0.0515159 0)
(-0.130591 -0.0529083 0)
(-0.118469 -0.0537959 0)
(-0.106149 -0.0540989 0)
(-0.0937588 -0.0537407 0)
(-0.0814394 -0.0526512 0)
(-0.0693478 -0.0507716 0)
(-0.0576532 -0.0480588 0)
(-0.0465336 -0.0444924 0)
(-0.0361727 -0.0400815 0)
(-0.0267559 -0.0348734 0)
(-0.0184669 -0.0289642 0)
(-0.0114784 -0.0225107 0)
(-0.00594551 -0.0157421 0)
(-0.00209704 -0.0089731 0)
(-0.000316386 -0.00264487 0)
(-0.000333125 0.00335255 0)
(-0.00218348 0.0107862 0)
(-0.00614761 0.0184232 0)
(-0.011794 0.0258742 0)
(-0.0188589 0.0328621 0)
(-0.0271658 0.0391881 0)
(-0.0365304 0.044721 0)
(-0.0467657 0.049387 0)
(-0.057691 0.0531583 0)
(-0.0691333 0.0560433 0)
(-0.0809292 0.0580776 0)
(-0.0929275 0.0593164 0)
(-0.104991 0.0598286 0)
(-0.116996 0.0596911 0)
(-0.128835 0.0589849 0)
(-0.140416 0.0577916 0)
(-0.151663 0.0561908 0)
(-0.162512 0.0542583 0)
(-0.172914 0.0520644 0)
(-0.182832 0.0496734 0)
(-0.19224 0.0471426 0)
(-0.201122 0.0445225 0)
(-0.209469 0.0418565 0)
(-0.217281 0.0391813 0)
(-0.224561 0.036527 0)
(-0.23132 0.0339178 0)
(-0.237571 0.031372 0)
(-0.243329 0.0289031 0)
(-0.248611 0.0265199 0)
(-0.253435 0.0242269 0)
(-0.25782 0.0220251 0)
(-0.261785 0.0199123 0)
(-0.265346 0.0178835 0)
(-0.268519 0.0159311 0)
(-0.271318 0.0140457 0)
(-0.273756 0.012216 0)
(-0.275843 0.0104291 0)
(-0.277585 0.00867108 0)
(-0.278988 0.00692686 0)
(-0.280053 0.00518072 0)
(-0.28078 0.0034164 0)
(-0.281163 0.00161734 0)
(-0.281196 -0.000233045 0)
(-0.280869 -0.00215116 0)
(-0.280168 -0.0041529 0)
(-0.279077 -0.00625338 0)
(-0.277578 -0.00846656 0)
(-0.275649 -0.0108049 0)
(-0.273266 -0.0132788 0)
(-0.270405 -0.0158964 0)
(-0.267038 -0.0186627 0)
(-0.263138 -0.0215793 0)
(-0.258677 -0.0246436 0)
(-0.253627 -0.027848 0)
(-0.247962 -0.0311796 0)
(-0.241659 -0.0346193 0)
(-0.234695 -0.0381412 0)
(-0.227057 -0.0417119 0)
(-0.218734 -0.0452899 0)
(-0.209723 -0.0488255 0)
(-0.200032 -0.0522602 0)
(-0.189677 -0.0555272 0)
(-0.178689 -0.0585511 0)
(-0.167111 -0.061249 0)
(-0.155001 -0.0635314 0)
(-0.142436 -0.0653038 0)
(-0.129509 -0.066469 0)
(-0.116331 -0.0669298 0)
(-0.103033 -0.0665921 0)
(-0.0897622 -0.06537 0)
(-0.0766839 -0.0631898 0)
(-0.063978 -0.0599968 0)
(-0.0518366 -0.0557614 0)
(-0.0404612 -0.0504873 0)
(-0.0300597 -0.0442201 0)
(-0.0208434 -0.037057 0)
(-0.0130176 -0.0291577 0)
(-0.00677545 -0.0207531 0)
(-0.00240222 -0.0121548 0)
(-0.000365378 -0.00378783 0)
(-0.000375995 0.00453051 0)
(-0.00245226 0.0140423 0)
(-0.00688093 0.0235124 0)
(-0.0131566 0.0325706 0)
(-0.0209649 0.0409506 0)
(-0.030094 0.0484608 0)
(-0.0403288 0.0549764 0)
(-0.0514563 0.0604305 0)
(-0.0632746 0.0648039 0)
(-0.0755942 0.0681157 0)
(-0.088239 0.070414 0)
(-0.101048 0.0717683 0)
(-0.113878 0.0722627 0)
(-0.1266 0.0719903 0)
(-0.139106 0.0710481 0)
(-0.151301 0.0695338 0)
(-0.16311 0.0675422 0)
(-0.174471 0.0651632 0)
(-0.185336 0.0624805 0)
(-0.195671 0.05957 0)
(-0.205453 0.0564997 0)
(-0.214669 0.053329 0)
(-0.223312 0.0501092 0)
(-0.231387 0.0468833 0)
(-0.238899 0.0436867 0)
(-0.245861 0.0405474 0)
(-0.25229 0.0374872 0)
(-0.258202 0.0345212 0)
(-0.263618 0.0316597 0)
(-0.268557 0.0289077 0)
(-0.27304 0.026266 0)
(-0.277088 0.0237318 0)
(-0.280717 0.0212988 0)
(-0.283946 0.018958 0)
(-0.286791 0.0166979 0)
(-0.289263 0.0145049 0)
(-0.291374 0.0123637 0)
(-0.293133 0.0102577 0)
(-0.294543 0.00816897 0)
(-0.295608 0.00607885 0)
(-0.296326 0.00396802 0)
(-0.296694 0.00181683 0)
(-0.296705 -0.000394414 0)
(-0.296349 -0.00268516 0)
(-0.295612 -0.0050743 0)
(-0.294477 -0.0075798 0)
(-0.292927 -0.0102183 0)
(-0.290939 -0.0130047 0)
(-0.288488 -0.0159516 0)
(-0.285549 -0.0190689 0)
(-0.282094 -0.0223628 0)
(-0.278094 -0.0258356 0)
(-0.273518 -0.0294848 0)
(-0.268337 -0.0333021 0)
(-0.262523 -0.0372729 0)
(-0.256049 -0.0413754 0)
(-0.248892 -0.0455798 0)
(-0.24103 -0.0498474 0)
(-0.232452 -0.0541303 0)
(-0.223151 -0.0583704 0)
(-0.213128 -0.0624996 0)
(-0.202397 -0.0664392 0)
(-0.190983 -0.0701009 0)
(-0.178926 -0.0733867 0)
(-0.16628 -0.0761908 0)
(-0.153119 -0.0784011 0)
(-0.139534 -0.0799015 0)
(-0.125637 -0.0805757 0)
(-0.111561 -0.0803104 0)
(-0.0974569 -0.079001 0)
(-0.0834981 -0.0765565 0)
(-0.0698748 -0.0729068 0)
(-0.0567939 -0.0680096 0)
(-0.0444759 -0.0618587 0)
(-0.0331525 -0.054493 0)
(-0.0230644 -0.0460054 0)
(-0.0144513 -0.0365523 0)
(-0.00754411 -0.0263607 0)
(-0.00268213 -0.0157341 0)
(-0.000409392 -0.00507902 0)
(-0.000415363 0.00583993 0)
(-0.00270214 0.0176515 0)
(-0.00756664 0.0291319 0)
(-0.014435 0.0399316 0)
(-0.0229439 0.0497988 0)
(-0.0328466 0.0585538 0)
(-0.0438963 0.0660834 0)
(-0.0558527 0.0723328 0)
(-0.0684918 0.0772964 0)
(-0.0816066 0.0810079 0)
(-0.095008 0.083532 0)
(-0.108526 0.0849555 0)
(-0.12201 0.0853808 0)
(-0.135329 0.0849193 0)
(-0.148372 0.083686 0)
(-0.161047 0.0817959 0)
(-0.173279 0.0793602 0)
(-0.185009 0.0764841 0)
(-0.196194 0.0732648 0)
(-0.206802 0.0697905 0)
(-0.216815 0.0661398 0)
(-0.226224 0.0623814 0)
(-0.235028 0.0585742 0)
(-0.243233 0.0547674 0)
(-0.250849 0.0510015 0)
(-0.257894 0.0473084 0)
(-0.264386 0.0437125 0)
(-0.270344 0.0402309 0)
(-0.275793 0.0368748 0)
(-0.280753 0.0336494 0)
(-0.285248 0.0305554 0)
(-0.289298 0.0275888 0)
(-0.292925 0.0247421 0)
(-0.296145 0.0220045 0)
(-0.298977 0.0193622 0)
(-0.301434 0.0167995 0)
(-0.303527 0.0142985 0)
(-0.305265 0.0118395 0)
(-0.306655 0.00940193 0)
(-0.307698 0.00696391 0)
(-0.308396 0.00450302 0)
(-0.308743 0.00199646 0)
(-0.308734 -0.000578666 0)
(-0.308359 -0.00324496 0)
(-0.307604 -0.00602443 0)
(-0.306453 -0.00893801 0)
(-0.304887 -0.0120052 0)
(-0.302884 -0.0152435 0)
(-0.30042 -0.0186679 0)
(-0.297467 -0.0222902 0)
(-0.293996 -0.0261184 0)
(-0.289978 -0.0301556 0)
(-0.28538 -0.0343998 0)
(-0.280171 -0.0388424 0)
(-0.27432 -0.0434675 0)
(-0.267796 -0.0482512 0)
(-0.260573 -0.0531601 0)
(-0.252627 -0.0581509 0)
(-0.243939 -0.0631693 0)
(-0.234498 -0.0681496 0)
(-0.2243 -0.0730139 0)
(-0.213352 -0.0776723 0)
(-0.201672 -0.0820229 0)
(-0.189296 -0.0859527 0)
(-0.176271 -0.0893388 0)
(-0.162667 -0.0920502 0)
(-0.148571 -0.093951 0)
(-0.134094 -0.0949035 0)
(-0.119368 -0.094773 0)
(-0.104548 -0.0934332 0)
(-0.0898142 -0.0907725 0)
(-0.0753667 -0.0867015 0)
(-0.0614278 -0.0811606 0)
(-0.0482378 -0.074129 0)
(-0.036054 -0.0656336 0)
(-0.0251477 -0.0557575 0)
(-0.0157936 -0.0446491 0)
(-0.00826139 -0.0325267 0)
(-0.00294176 -0.019683 0)
(-0.000449676 -0.00650642 0)
(-0.000452056 0.00727188 0)
(-0.00293668 0.0215917 0)
(-0.00821217 0.0352505 0)
(-0.0156399 0.0479189 0)
(-0.0248094 0.0593616 0)
(-0.0354386 0.0694153 0)
(-0.0472482 0.0779826 0)
(-0.0599697 0.0850259 0)
(-0.0733561 0.0905579 0)
(-0.0871823 0.0946321 0)
(-0.101246 0.0973334 0)
(-0.115368 0.0987702 0)
(-0.129392 0.0990659 0)
(-0.143185 0.0983529 0)
(-0.156635 0.0967665 0)
(-0.169653 0.0944405 0)
(-0.182167 0.0915038 0)
(-0.194123 0.0880776 0)
(-0.205482 0.0842733 0)
(-0.216219 0.0801915 0)
(-0.226321 0.0759217 0)
(-0.235783 0.0715415 0)
(-0.24461 0.0671173 0)
(-0.252814 0.0627045 0)
(-0.260409 0.058348 0)
(-0.267416 0.0540833 0)
(-0.273857 0.0499372 0)
(-0.279756 0.0459283 0)
(-0.285138 0.0420683 0)
(-0.290027 0.0383626 0)
(-0.294448 0.0348109 0)
(-0.298424 0.0314084 0)
(-0.301976 0.0281457 0)
(-0.305126 0.0250102 0)
(-0.307889 0.0219859 0)
(-0.310281 0.0190544 0)
(-0.312315 0.0161951 0)
(-0.314 0.0133855 0)
(-0.315342 0.010602 0)
(-0.316345 0.00781962 0)
(-0.317009 0.0050127 0)
(-0.317331 0.00215521 0)
(-0.317305 -0.000778961 0)
(-0.316922 -0.00381568 0)
(-0.316168 -0.00698012 0)
(-0.315029 -0.0102963 0)
(-0.313483 -0.0137868 0)
(-0.311511 -0.0174719 0)
(-0.309086 -0.021369 0)
(-0.306182 -0.0254924 0)
(-0.302768 -0.0298518 0)
(-0.298814 -0.034452 0)
(-0.294285 -0.0392916 0)
(-0.289149 -0.0443623 0)
(-0.283371 -0.0496475 0)
(-0.276918 -0.0551217 0)
(-0.269759 -0.0607488 0)
(-0.261865 -0.0664812 0)
(-0.253211 -0.0722593 0)
(-0.243781 -0.0780098 0)
(-0.233563 -0.083646 0)
(-0.222557 -0.0890668 0)
(-0.210773 -0.0941569 0)
(-0.198238 -0.0987881 0)
(-0.184994 -0.10282 0)
(-0.171102 -0.106101 0)
(-0.156644 -0.108475 0)
(-0.141726 -0.10978 0)
(-0.126481 -0.109857 0)
(-0.111064 -0.108555 0)
(-0.0956609 -0.105739 0)
(-0.080483 -0.101294 0)
(-0.0657673 -0.0951388 0)
(-0.0517751 -0.0872329 0)
(-0.0387899 -0.0775856 0)
(-0.0271151 -0.0662652 0)
(-0.0170618 -0.0534072 0)
(-0.00893843 -0.0392182 0)
(-0.00318619 -0.0239785 0)
(-0.000487367 -0.00806079 0)
(-0.000486845 0.00881936 0)
(-0.00315954 0.025845 0)
(-0.00882578 0.0418413 0)
(-0.0167844 0.0564977 0)
(-0.0265783 0.069597 0)
(-0.0378893 0.0809948 0)
(-0.0504049 0.0906146 0)
(-0.0638275 0.0984407 0)
(-0.0778862 0.104509 0)
(-0.0923376 0.108898 0)
(-0.106966 0.111717 0)
(-0.121583 0.113101 0)
(-0.136029 0.113198 0)
(-0.150168 0.112163 0)
(-0.163891 0.110155 0)
(-0.177112 0.107328 0)
(-0.189764 0.10383 0)
(-0.201799 0.0997986 0)
(-0.213185 0.0953605 0)
(-0.223904 0.0906288 0)
(-0.23395 0.0857035 0)
(-0.243325 0.0806711 0)
(-0.25204 0.0756049 0)
(-0.260111 0.070566 0)
(-0.26756 0.0656036 0)
(-0.27441 0.060756 0)
(-0.280688 0.0560519 0)
(-0.286422 0.051511 0)
(-0.291639 0.0471451 0)
(-0.296367 0.0429593 0)
(-0.300631 0.0389522 0)
(-0.304457 0.0351174 0)
(-0.307868 0.0314439 0)
(-0.310885 0.0279168 0)
(-0.313526 0.0245176 0)
(-0.315807 0.0212254 0)
(-0.317742 0.0180167 0)
(-0.319341 0.0148662 0)
(-0.320611 0.011747 0)
(-0.321555 0.00863097 0)
(-0.322175 0.00548941 0)
(-0.322469 0.00229295 0)
(-0.32243 -0.000987795 0)
(-0.32205 -0.00438196 0)
(-0.321317 -0.00791798 0)
(-0.320215 -0.0116231 0)
(-0.318726 -0.0155229 0)
(-0.316828 -0.0196408 0)
(-0.314496 -0.023997 0)
(-0.311702 -0.0286082 0)
(-0.308416 -0.0334865 0)
(-0.304606 -0.0386385 0)
(-0.300236 -0.0440644 0)
(-0.295273 -0.0497564 0)
(-0.289677 -0.0556982 0)
(-0.283413 -0.0618633 0)
(-0.276445 -0.0682135 0)
(-0.268739 -0.0746982 0)
(-0.260264 -0.0812529 0)
(-0.250995 -0.087798 0)
(-0.240913 -0.0942383 0)
(-0.230009 -0.100462 0)
(-0.218285 -0.106341 0)
(-0.205756 -0.111732 0)
(-0.192454 -0.116475 0)
(-0.178433 -0.120401 0)
(-0.163765 -0.123327 0)
(-0.148552 -0.125067 0)
(-0.132921 -0.125436 0)
(-0.11703 -0.124253 0)
(-0.101068 -0.121354 0)
(-0.0852556 -0.116596 0)
(-0.0698453 -0.109869 0)
(-0.0551195 -0.101107 0)
(-0.0413892 -0.0902964 0)
(-0.0289912 -0.0774853 0)
(-0.0182743 -0.062792 0)
(-0.00958675 -0.046409 0)
(-0.00342044 -0.0286036 0)
(-0.000523504 -0.00973562 0)
(-0.000520468 0.0104774 0)
(-0.00337444 0.0303977 0)
(-0.00941629 0.0488825 0)
(-0.0178828 0.065638 0)
(-0.0282695 0.0804661 0)
(-0.0402211 0.0932444 0)
(-0.0533905 0.103921 0)
(-0.06745 0.112507 0)
(-0.0821043 0.119068 0)
(-0.0970912 0.123712 0)
(-0.112182 0.126579 0)
(-0.127181 0.127833 0)
(-0.141923 0.127651 0)
(-0.156275 0.126215 0)
(-0.170131 0.12371 0)
(-0.183408 0.120313 0)
(-0.196049 0.11619 0)
(-0.208012 0.111499 0)
(-0.219275 0.106378 0)
(-0.229827 0.100956 0)
(-0.23967 0.0953421 0)
(-0.248816 0.0896311 0)
(-0.257281 0.0839031 0)
(-0.265089 0.0782241 0)
(-0.272266 0.0726467 0)
(-0.278842 0.0672117 0)
(-0.284848 0.061949 0)
(-0.290314 0.0568787 0)
(-0.295271 0.0520124 0)
(-0.299749 0.047354 0)
(-0.303776 0.0429011 0)
(-0.307379 0.0386452 0)
(-0.310583 0.0345733 0)
(-0.313409 0.0306681 0)
(-0.315877 0.0269085 0)
(-0.318003 0.0232708 0)
(-0.319802 0.0197286 0)
(-0.321284 0.0162536 0)
(-0.322458 0.0128158 0)
(-0.323327 0.00938409 0)
(-0.323893 0.00592636 0)
(-0.324155 0.00241009 0)
(-0.324107 -0.0011974 0)
(-0.323742 -0.00492854 0)
(-0.323049 -0.00881502 0)
(-0.322011 -0.0128874 0)
(-0.320612 -0.0171744 0)
(-0.31883 -0.0217026 0)
(-0.316641 -0.0264953 0)
(-0.314017 -0.0315721 0)
(-0.310928 -0.0369477 0)
(-0.30734 -0.0426312 0)
(-0.303217 -0.0486245 0)
(-0.298523 -0.0549216 0)
(-0.293216 -0.0615069 0)
(-0.287257 -0.0683537 0)
(-0.280606 -0.0754232 0)
(-0.273222 -0.0826623 0)
(-0.265069 -0.090003 0)
(-0.256113 -0.0973603 0)
(-0.246325 -0.104631 0)
(-0.235687 -0.111695 0)
(-0.224188 -0.11841 0)
(-0.211833 -0.124619 0)
(-0.198642 -0.130143 0)
(-0.184655 -0.13479 0)
(-0.169938 -0.138355 0)
(-0.154581 -0.140624 0)
(-0.138707 -0.141379 0)
(-0.12247 -0.140409 0)
(-0.106064 -0.137514 0)
(-0.0897165 -0.132517 0)
(-0.0736952 -0.125275 0)
(-0.058304 -0.11569 0)
(-0.0438822 -0.103717 0)
(-0.0308015 -0.08938 0)
(-0.01945 -0.0727757 0)
(-0.010218 -0.0540796 0)
(-0.00364944 -0.0335466 0)
(-0.000559051 -0.0115271 0)
(-0.000553667 0.0122428 0)
(-0.0035853 0.0352404 0)
(-0.00999311 0.0563578 0)
(-0.0189506 0.0753155 0)
(-0.0299038 0.091935 0)
(-0.0424586 0.106119 0)
(-0.0562315 0.117844 0)
(-0.0708634 0.127154 0)
(-0.0860337 0.13415 0)
(-0.101462 0.138976 0)
(-0.116907 0.141807 0)
(-0.132166 0.142842 0)
(-0.147073 0.142292 0)
(-0.161497 0.14037 0)
(-0.175336 0.137288 0)
(-0.188517 0.133245 0)
(-0.20099 0.128433 0)
(-0.212725 0.123024 0)
(-0.223708 0.117175 0)
(-0.23394 0.111024 0)
(-0.243433 0.104692 0)
(-0.252205 0.0982814 0)
(-0.260283 0.0918777 0)
(-0.267697 0.085551 0)
(-0.274479 0.0793568 0)
(-0.280665 0.0733373 0)
(-0.28629 0.0675228 0)
(-0.291387 0.0619334 0)
(-0.295991 0.0565797 0)
(-0.300135 0.0514642 0)
(-0.303848 0.0465824 0)
(-0.307158 0.0419241 0)
(-0.310092 0.0374734 0)
(-0.312672 0.0332106 0)
(-0.314918 0.029112 0)
(-0.316848 0.0251508 0)
(-0.318476 0.0212977 0)
(-0.319813 0.0175215 0)
(-0.320868 0.0137891 0)
(-0.321646 0.0100661 0)
(-0.32215 0.00631747 0)
(-0.322377 0.00250734 0)
(-0.322325 -0.00140014 0)
(-0.321986 -0.00544065 0)
(-0.321349 -0.00964917 0)
(-0.320401 -0.0140595 0)
(-0.319125 -0.0187038 0)
(-0.317499 -0.0236118 0)
(-0.315502 -0.0288101 0)
(-0.313104 -0.0343216 0)
(-0.310276 -0.0401639 0)
(-0.306985 -0.046349 0)
(-0.303193 -0.0528815 0)
(-0.298861 -0.0597576 0)
(-0.293946 -0.0669633 0)
(-0.288406 -0.0744732 0)
(-0.282195 -0.0822483 0)
(-0.275267 -0.090235 0)
(-0.267578 -0.0983625 0)
(-0.259085 -0.106542 0)
(-0.249751 -0.114664 0)
(-0.239544 -0.122599 0)
(-0.228441 -0.130195 0)
(-0.216434 -0.137278 0)
(-0.203528 -0.143653 0)
(-0.18975 -0.149104 0)
(-0.175151 -0.153401 0)
(-0.159812 -0.156299 0)
(-0.143844 -0.157547 0)
(-0.1274 -0.156897 0)
(-0.110672 -0.154109 0)
(-0.0938945 -0.148965 0)
(-0.0773493 -0.141282 0)
(-0.0613614 -0.130921 0)
(-0.0462995 -0.117802 0)
(-0.0325717 -0.101918 0)
(-0.0206081 -0.0833375 0)
(-0.0108438 -0.0622181 0)
(-0.00387801 -0.0388019 0)
(-0.00059493 -0.0134338 0)
(-0.000587213 0.0141148 0)
(-0.00379627 0.0403685 0)
(-0.0105664 0.0642568 0)
(-0.0200044 0.0855114 0)
(-0.0315039 0.103974 0)
(-0.0446285 0.119575 0)
(-0.058956 0.132326 0)
(-0.0740946 0.142309 0)
(-0.0896979 0.149667 0)
(-0.105467 0.154585 0)
(-0.12115 0.157283 0)
(-0.136539 0.157999 0)
(-0.151469 0.156981 0)
(-0.165812 0.154478 0)
(-0.179477 0.15073 0)
(-0.192399 0.145966 0)
(-0.20454 0.140398 0)
(-0.215883 0.134216 0)
(-0.226426 0.127594 0)
(-0.236181 0.120681 0)
(-0.245171 0.113607 0)
(-0.253425 0.106481 0)
(-0.260978 0.0993945 0)
(-0.267867 0.09242 0)
(-0.274133 0.0856148 0)
(-0.279814 0.0790215 0)
(-0.284952 0.0726704 0)
(-0.289584 0.0665802 0)
(-0.293746 0.06076 0)
(-0.297474 0.0552104 0)
(-0.3008 0.0499245 0)
(-0.303752 0.0448894 0)
(-0.306357 0.0400869 0)
(-0.308639 0.0354941 0)
(-0.310618 0.0310844 0)
(-0.312312 0.0268284 0)
(-0.313737 0.0226936 0)
(-0.314903 0.0186457 0)
(-0.315819 0.0146487 0)
(-0.316492 0.0106653 0)
(-0.316924 0.00665714 0)
(-0.317115 0.00258545 0)
(-0.317062 -0.00158883 0)
(-0.316758 -0.00590451 0)
(-0.316195 -0.0103998 0)
(-0.315359 -0.0151119 0)
(-0.314235 -0.0200761 0)
(-0.312803 -0.0253257 0)
(-0.311041 -0.0308907 0)
(-0.308923 -0.0367974 0)
(-0.306418 -0.043067 0)
(-0.303493 -0.0497147 0)
(-0.30011 -0.0567486 0)
(-0.296229 -0.0641678 0)
(-0.291807 -0.071961 0)
(-0.286794 -0.0801049 0)
(-0.281143 -0.0885621 0)
(-0.274802 -0.0972792 0)
(-0.267717 -0.106185 0)
(-0.259839 -0.115187 0)
(-0.251119 -0.124173 0)
(-0.241511 -0.133004 0)
(-0.23098 -0.14152 0)
(-0.219501 -0.149532 0)
(-0.207064 -0.156826 0)
(-0.193677 -0.163167 0)
(-0.179376 -0.168294 0)
(-0.164227 -0.171931 0)
(-0.148329 -0.173791 0)
(-0.131826 -0.173582 0)
(-0.114908 -0.17102 0)
(-0.097814 -0.16584 0)
(-0.080837 -0.157809 0)
(-0.0643233 -0.146741 0)
(-0.0486713 -0.132511 0)
(-0.0343278 -0.115072 0)
(-0.0217681 -0.0944635 0)
(-0.0114761 -0.0708193 0)
(-0.00411102 -0.0443694 0)
(-0.000632057 -0.0154569 0)
(-0.000621949 0.0160946 0)
(-0.00401191 0.045783 0)
(-0.0111473 0.0725759 0)
(-0.0210628 0.0962137 0)
(-0.0330943 0.116559 0)
(-0.0467591 0.133574 0)
(-0.0615935 0.14731 0)
(-0.0771708 0.157896 0)
(-0.0931186 0.165523 0)
(-0.109121 0.170427 0)
(-0.124915 0.172878 0)
(-0.140292 0.173161 0)
(-0.15509 0.171565 0)
(-0.16919 0.168378 0)
(-0.18251 0.163874 0)
(-0.195 0.158308 0)
(-0.206636 0.151916 0)
(-0.217415 0.144909 0)
(-0.22735 0.137473 0)
(-0.236467 0.129769 0)
(-0.244799 0.121936 0)
(-0.252388 0.114088 0)
(-0.259277 0.106319 0)
(-0.265513 0.0987055 0)
(-0.271142 0.0913037 0)
(-0.276208 0.0841563 0)
(-0.280757 0.077292 0)
(-0.28483 0.0707277 0)
(-0.288467 0.0644702 0)
(-0.291703 0.0585173 0)
(-0.294571 0.0528596 0)
(-0.297103 0.047481 0)
(-0.299325 0.0423603 0)
(-0.301261 0.0374717 0)
(-0.302932 0.0327856 0)
(-0.304356 0.0282694 0)
(-0.305547 0.0238879 0)
(-0.306518 0.0196039 0)
(-0.307277 0.0153782 0)
(-0.307832 0.0111707 0)
(-0.308185 0.00694025 0)
(-0.308337 0.00264501 0)
(-0.308286 -0.00175701 0)
(-0.308027 -0.0063077 0)
(-0.307551 -0.0110484 0)
(-0.306848 -0.0160194 0)
(-0.305903 -0.0212595 0)
(-0.304698 -0.0268053 0)
(-0.303212 -0.0326906 0)
(-0.301421 -0.0389451 0)
(-0.299294 -0.045594 0)
(-0.2968 -0.0526565 0)
(-0.2939 -0.0601445 0)
(-0.290554 -0.0680608 0)
(-0.286716 -0.0763981 0)
(-0.282336 -0.0851364 0)
(-0.27736 -0.0942409 0)
(-0.271731 -0.10366 0)
(-0.265391 -0.113324 0)
(-0.258278 -0.12314 0)
(-0.250331 -0.132992 0)
(-0.241495 -0.142737 0)
(-0.231716 -0.152204 0)
(-0.220953 -0.161194 0)
(-0.209175 -0.169476 0)
(-0.196374 -0.176791 0)
(-0.182564 -0.182851 0)
(-0.167791 -0.187346 0)
(-0.152141 -0.189948 0)
(-0.135743 -0.190318 0)
(-0.11878 -0.188122 0)
(-0.101493 -0.183037 0)
(-0.0841836 -0.174773 0)
(-0.0672188 -0.163088 0)
(-0.051027 -0.147802 0)
(-0.0360959 -0.128822 0)
(-0.0229498 -0.106147 0)
(-0.012127 -0.0798858 0)
(-0.00435355 -0.0502551 0)
(-0.000671382 -0.0176003 0)
(-0.000658832 0.0181859 0)
(-0.00423738 0.0514902 0)
(-0.0117483 0.0813188 0)
(-0.0221461 0.107417 0)
(-0.0347018 0.129671 0)
(-0.0488809 0.148078 0)
(-0.0641743 0.162738 0)
(-0.0801184 0.173835 0)
(-0.0963145 0.181617 0)
(-0.11243 0.186381 0)
(-0.128197 0.188454 0)
(-0.143406 0.188173 0)
(-0.157902 0.185878 0)
(-0.17158 0.181897 0)
(-0.184371 0.17654 0)
(-0.196244 0.170092 0)
(-0.207191 0.162812 0)
(-0.217226 0.154929 0)
(-0.22638 0.146645 0)
(-0.234692 0.138129 0)
(-0.24221 0.129528 0)
(-0.248986 0.120959 0)
(-0.255075 0.112519 0)
(-0.26053 0.104284 0)
(-0.265404 0.0963096 0)
(-0.269749 0.0886369 0)
(-0.273612 0.0812921 0)
(-0.277039 0.0742893 0)
(-0.280069 0.067632 0)
(-0.282742 0.0613148 0)
(-0.285091 0.055325 0)
(-0.287146 0.0496431 0)
(-0.288936 0.0442447 0)
(-0.290483 0.0391009 0)
(-0.291808 0.0341789 0)
(-0.29293 0.0294432 0)
(-0.293862 0.0248556 0)
(-0.294616 0.020376 0)
(-0.295203 0.0159627 0)
(-0.295627 0.0115727 0)
(-0.295894 0.00716205 0)
(-0.296005 0.00268635 0)
(-0.295959 -0.00189925 0)
(-0.295751 -0.00663946 0)
(-0.295376 -0.0115786 0)
(-0.294823 -0.01676 0)
(-0.29408 -0.0222258 0)
(-0.293131 -0.0280161 0)
(-0.291956 -0.0341681 0)
(-0.290533 -0.0407156 0)
(-0.288835 -0.047688 0)
(-0.286829 -0.0551086 0)
(-0.284478 -0.062994 0)
(-0.281743 -0.0713518 0)
(-0.278576 -0.0801791 0)
(-0.274925 -0.0894607 0)
(-0.270733 -0.0991662 0)
(-0.26594 -0.109248 0)
(-0.260477 -0.119638 0)
(-0.254276 -0.130246 0)
(-0.247265 -0.140955 0)
(-0.239372 -0.151619 0)
(-0.23053 -0.162062 0)
(-0.220677 -0.172072 0)
(-0.209762 -0.181404 0)
(-0.197753 -0.189777 0)
(-0.18464 -0.196876 0)
(-0.170448 -0.202354 0)
(-0.155239 -0.205839 0)
(-0.139127 -0.206943 0)
(-0.122281 -0.205271 0)
(-0.104939 -0.200437 0)
(-0.0874088 -0.192084 0)
(-0.0700745 -0.179899 0)
(-0.0533954 -0.163639 0)
(-0.0379025 -0.14315 0)
(-0.024174 -0.118388 0)
(-0.0128095 -0.0894274 0)
(-0.00461102 -0.0564711 0)
(-0.000713935 -0.0198703 0)
(-0.00069899 0.0203955 0)
(-0.00447866 0.0575033 0)
(-0.0123838 0.090497 0)
(-0.0232773 0.119124 0)
(-0.0363559 0.143295 0)
(-0.0510262 0.163051 0)
(-0.0667288 0.178549 0)
(-0.0829613 0.190037 0)
(-0.0992987 0.197835 0)
(-0.115395 0.202309 0)
(-0.130977 0.203853 0)
(-0.145844 0.202865 0)
(-0.159851 0.199738 0)
(-0.172911 0.194846 0)
(-0.184974 0.188537 0)
(-0.19603 0.181127 0)
(-0.206093 0.172898 0)
(-0.215196 0.164097 0)
(-0.223388 0.154937 0)
(-0.230726 0.145598 0)
(-0.23727 0.136229 0)
(-0.243087 0.126952 0)
(-0.24824 0.117863 0)
(-0.252791 0.109035 0)
(-0.256799 0.100523 0)
(-0.26032 0.0923638 0)
(-0.263406 0.084581 0)
(-0.266104 0.0771842 0)
(-0.268456 0.0701732 0)
(-0.270501 0.0635386 0)
(-0.272273 0.0572638 0)
(-0.273803 0.0513259 0)
(-0.275116 0.0456967 0)
(-0.276237 0.0403441 0)
(-0.277185 0.0352323 0)
(-0.277977 0.0303227 0)
(-0.278628 0.0255745 0)
(-0.279148 0.0209447 0)
(-0.279547 0.0163892 0)
(-0.279832 0.0118625 0)
(-0.280008 0.00731823 0)
(-0.280075 0.00270941 0)
(-0.280035 -0.00201124 0)
(-0.279885 -0.00689105 0)
(-0.279619 -0.011977 0)
(-0.27923 -0.0173154 0)
(-0.278707 -0.0229515 0)
(-0.278038 -0.0289285 0)
(-0.277204 -0.0352876 0)
(-0.276186 -0.0420665 0)
(-0.274957 -0.0492988 0)
(-0.273489 -0.0570128 0)
(-0.271746 -0.0652299 0)
(-0.269688 -0.0739634 0)
(-0.267269 -0.083216 0)
(-0.264437 -0.0929783 0)
(-0.261131 -0.103226 0)
(-0.257286 -0.113917 0)
(-0.25283 -0.124988 0)
(-0.247684 -0.136352 0)
(-0.241767 -0.147895 0)
(-0.234992 -0.159471 0)
(-0.227274 -0.1709 0)
(-0.218531 -0.181962 0)
(-0.20869 -0.1924 0)
(-0.197693 -0.201912 0)
(-0.185502 -0.210155 0)
(-0.172113 -0.216747 0)
(-0.157561 -0.221269 0)
(-0.141937 -0.223276 0)
(-0.125391 -0.22231 0)
(-0.10815 -0.21791 0)
(-0.0905249 -0.209639 0)
(-0.072913 -0.197103 0)
(-0.055804 -0.17998 0)
(-0.0397746 -0.158045 0)
(-0.0254627 -0.131193 0)
(-0.0135378 -0.0994621 0)
(-0.00488949 -0.0630361 0)
(-0.000760882 -0.0222764 0)
(-0.000743792 0.0227332 0)
(-0.00474289 0.0638431 0)
(-0.0130707 0.100131 0)
(-0.0244829 0.131344 0)
(-0.0380895 0.157421 0)
(-0.0532295 0.178456 0)
(-0.0692874 0.194674 0)
(-0.0857197 0.206404 0)
(-0.102076 0.21405 0)
(-0.118001 0.218059 0)
(-0.133222 0.218902 0)
(-0.14755 0.217046 0)
(-0.160859 0.212944 0)
(-0.173085 0.207019 0)
(-0.184203 0.199659 0)
(-0.194229 0.19121 0)
(-0.2032 0.181977 0)
(-0.211174 0.172224 0)
(-0.218218 0.162173 0)
(-0.224408 0.152011 0)
(-0.229821 0.141889 0)
(-0.234533 0.131928 0)
(-0.238618 0.122222 0)
(-0.242146 0.112842 0)
(-0.245182 0.103839 0)
(-0.247786 0.095244 0)
(-0.250012 0.0870756 0)
(-0.251907 0.079339 0)
(-0.253517 0.072029 0)
(-0.254878 0.0651318 0)
(-0.256024 0.0586265 0)
(-0.256985 0.0524861 0)
(-0.257787 0.0466789 0)
(-0.25845 0.0411695 0)
(-0.258994 0.0359188 0)
(-0.259435 0.0308856 0)
(-0.259786 0.0260262 0)
(-0.260057 0.0212956 0)
(-0.260259 0.0166471 0)
(-0.260396 0.012033 0)
(-0.260475 0.00740493 0)
(-0.260497 0.00271375 0)
(-0.260464 -0.00209001 0)
(-0.260374 -0.0070559 0)
(-0.260225 -0.0122333 0)
(-0.260011 -0.0176713 0)
(-0.259723 -0.0234177 0)
(-0.259351 -0.0295191 0)
(-0.25888 -0.0360203 0)
(-0.258294 -0.0429628 0)
(-0.257569 -0.0503849 0)
(-0.256679 -0.0583197 0)
(-0.255591 -0.0667943 0)
(-0.254268 -0.0758281 0)
(-0.252665 -0.0854304 0)
(-0.250729 -0.0955989 0)
(-0.248399 -0.106317 0)
(-0.245608 -0.117549 0)
(-0.242278 -0.12924 0)
(-0.238325 -0.141309 0)
(-0.233654 -0.153647 0)
(-0.228168 -0.166111 0)
(-0.221763 -0.178522 0)
(-0.214337 -0.190655 0)
(-0.205792 -0.202242 0)
(-0.196039 -0.212965 0)
(-0.18501 -0.222455 0)
(-0.172668 -0.230294 0)
(-0.159013 -0.236015 0)
(-0.144104 -0.239114 0)
(-0.128067 -0.239058 0)
(-0.111109 -0.235304 0)
(-0.0935347 -0.227322 0)
(-0.0757523 -0.214621 0)
(-0.0582794 -0.196783 0)
(-0.0417408 -0.173494 0)
(-0.0268403 -0.144576 0)
(-0.0143278 -0.110016 0)
(-0.00519592 -0.0699764 0)
(-0.000813604 -0.0248312 0)
(-0.000794942 0.0252131 0)
(-0.0050388 0.0705395 0)
(-0.0138289 0.110253 0)
(-0.0257937 0.144096 0)
(-0.0399396 0.172043 0)
(-0.055527 0.194254 0)
(-0.0718784 0.21104 0)
(-0.0884071 0.222826 0)
(-0.10464 0.230115 0)
(-0.120216 0.233455 0)
(-0.134872 0.233401 0)
(-0.148438 0.230501 0)
(-0.160815 0.225272 0)
(-0.171968 0.218189 0)
(-0.181905 0.20968 0)
(-0.19067 0.200122 0)
(-0.198331 0.189842 0)
(-0.20497 0.179114 0)
(-0.210678 0.168171 0)
(-0.215547 0.1572 0)
(-0.219671 0.146353 0)
(-0.223137 0.135749 0)
(-0.226029 0.125475 0)
(-0.228424 0.115599 0)
(-0.230391 0.106162 0)
(-0.231992 0.0971929 0)
(-0.233284 0.0887021 0)
(-0.234314 0.0806891 0)
(-0.235126 0.0731434 0)
(-0.235756 0.066046 0)
(-0.236237 0.0593713 0)
(-0.236597 0.0530882 0)
(-0.236857 0.0471613 0)
(-0.23704 0.0415516 0)
(-0.23716 0.0362172 0)
(-0.237234 0.0311143 0)
(-0.237272 0.0261968 0)
(-0.237284 0.0214176 0)
(-0.23728 0.0167279 0)
(-0.237264 0.0120784 0)
(-0.237242 0.00741893 0)
(-0.237217 0.00269855 0)
(-0.237191 -0.00213389 0)
(-0.237164 -0.00712983 0)
(-0.237135 -0.0123407 0)
(-0.237101 -0.0178176 0)
(-0.237057 -0.0236112 0)
(-0.236994 -0.0297709 0)
(-0.236902 -0.0363446 0)
(-0.236767 -0.0433781 0)
(-0.23657 -0.0509138 0)
(-0.236288 -0.0589901 0)
(-0.235893 -0.0676401 0)
(-0.23535 -0.0768896 0)
(-0.234616 -0.0867555 0)
(-0.233641 -0.0972437 0)
(-0.232366 -0.108346 0)
(-0.230722 -0.120037 0)
(-0.228627 -0.13227 0)
(-0.225992 -0.144975 0)
(-0.222714 -0.158051 0)
(-0.218683 -0.171361 0)
(-0.213779 -0.184729 0)
(-0.207879 -0.197933 0)
(-0.200856 -0.210698 0)
(-0.192593 -0.222692 0)
(-0.182986 -0.233525 0)
(-0.171957 -0.242742 0)
(-0.159466 -0.249831 0)
(-0.145532 -0.254222 0)
(-0.130242 -0.255305 0)
(-0.113778 -0.252443 0)
(-0.0964285 -0.244996 0)
(-0.0786039 -0.23236 0)
(-0.0608466 -0.213999 0)
(-0.0438309 -0.189487 0)
(-0.0283339 -0.158555 0)
(-0.0151984 -0.121124 0)
(-0.00553865 -0.0773265 0)
(-0.000873786 -0.0275515 0)
(-0.000854623 0.0278542 0)
(-0.00537721 0.0776329 0)
(-0.014683 0.120904 0)
(-0.0272458 0.157405 0)
(-0.0419477 0.187157 0)
(-0.0579568 0.210401 0)
(-0.0745265 0.227556 0)
(-0.0910265 0.239166 0)
(-0.106965 0.245858 0)
(-0.121983 0.24829 0)
(-0.135837 0.247123 0)
(-0.148385 0.242988 0)
(-0.159566 0.236472 0)
(-0.169382 0.228107 0)
(-0.17788 0.218359 0)
(-0.18514 0.207634 0)
(-0.191261 0.196276 0)
(-0.196355 0.184569 0)
(-0.200534 0.172749 0)
(-0.203911 0.161003 0)
(-0.206594 0.149478 0)
(-0.208681 0.138286 0)
(-0.210265 0.127509 0)
(-0.211426 0.117204 0)
(-0.212238 0.107407 0)
(-0.212765 0.0981367 0)
(-0.213061 0.0893972 0)
(-0.213174 0.081181 0)
(-0.213146 0.0734712 0)
(-0.213011 0.0662432 0)
(-0.212797 0.0594666 0)
(-0.212531 0.0531059 0)
(-0.212232 0.0471219 0)
(-0.211918 0.0414724 0)
(-0.211603 0.036113 0)
(-0.2113 0.0309971 0)
(-0.211018 0.0260769 0)
(-0.210765 0.0213033 0)
(-0.21055 0.0166263 0)
(-0.210377 0.0119949 0)
(-0.210252 0.00735777 0)
(-0.210178 0.00266276 0)
(-0.210159 -0.00214261 0)
(-0.210195 -0.00711112 0)
(-0.210288 -0.0122957 0)
(-0.210437 -0.0177494 0)
(-0.210639 -0.0235248 0)
(-0.210891 -0.0296738 0)
(-0.211184 -0.0362476 0)
(-0.21151 -0.0432952 0)
(-0.211855 -0.0508637 0)
(-0.212199 -0.0589965 0)
(-0.212521 -0.0677326 0)
(-0.212788 -0.0771049 0)
(-0.212964 -0.0871384 0)
(-0.213001 -0.0978481 0)
(-0.212843 -0.109236 0)
(-0.212421 -0.121288 0)
(-0.211655 -0.133969 0)
(-0.210451 -0.147221 0)
(-0.208701 -0.160955 0)
(-0.206282 -0.175045 0)
(-0.203061 -0.189325 0)
(-0.198893 -0.203577 0)
(-0.193627 -0.217526 0)
(-0.187111 -0.230833 0)
(-0.179201 -0.24309 0)
(-0.169775 -0.253812 0)
(-0.158746 -0.262439 0)
(-0.146079 -0.268337 0)
(-0.131816 -0.270811 0)
(-0.116096 -0.269118 0)
(-0.0991793 -0.262497 0)
(-0.0814698 -0.250206 0)
(-0.0635278 -0.231564 0)
(-0.046077 -0.20601 0)
(-0.0299745 -0.173154 0)
(-0.0161715 -0.132831 0)
(-0.00592795 -0.0851308 0)
(-0.000943568 -0.0304588 0)
(-0.000925685 0.0306821 0)
(-0.00577192 0.0851775 0)
(-0.0156633 0.132142 0)
(-0.0288825 0.171308 0)
(-0.0441604 0.202757 0)
(-0.0605568 0.22684 0)
(-0.0772489 0.244111 0)
(-0.0935643 0.255264 0)
(-0.109 0.261071 0)
(-0.12321 0.262325 0)
(-0.135984 0.259802 0)
(-0.147221 0.254228 0)
(-0.156908 0.246266 0)
(-0.165095 0.2365 0)
(-0.171875 0.225436 0)
(-0.17737 0.213502 0)
(-0.181715 0.201055 0)
(-0.185049 0.188386 0)
(-0.187511 0.175727 0)
(-0.18923 0.163259 0)
(-0.190329 0.151123 0)
(-0.190916 0.139419 0)
(-0.191088 0.12822 0)
(-0.19093 0.117572 0)
(-0.190517 0.1075 0)
(-0.189911 0.0980152 0)
(-0.189165 0.0891115 0)
(-0.188325 0.0807742 0)
(-0.187428 0.0729796 0)
(-0.186505 0.0656973 0)
(-0.185581 0.0588916 0)
(-0.184677 0.0525229 0)
(-0.18381 0.0465483 0)
(-0.182993 0.0409226 0)
(-0.182239 0.0355989 0)
(-0.181556 0.0305287 0)
(-0.180953 0.0256625 0)
(-0.180435 0.02095 0)
(-0.180008 0.0163399 0)
(-0.179679 0.0117807 0)
(-0.17945 0.00722003 0)
(-0.179326 0.00260515 0)
(-0.179312 -0.00211717 0)
(-0.179409 -0.00700052 0)
(-0.179622 -0.0120989 0)
(-0.179951 -0.0174664 0)
(-0.180397 -0.0231573 0)
(-0.180961 -0.0292256 0)
(-0.181639 -0.0357249 0)
(-0.182427 -0.0427075 0)
(-0.183315 -0.0502245 0)
(-0.184292 -0.0583241 0)
(-0.185339 -0.0670514 0)
(-0.186432 -0.0764463 0)
(-0.18754 -0.0865424 0)
(-0.188621 -0.0973643 0)
(-0.189624 -0.108925 0)
(-0.190483 -0.121224 0)
(-0.19112 -0.13424 0)
(-0.191442 -0.147929 0)
(-0.191335 -0.162219 0)
(-0.190673 -0.176999 0)
(-0.189306 -0.192116 0)
(-0.187073 -0.207366 0)
(-0.183796 -0.222479 0)
(-0.17929 -0.237116 0)
(-0.173369 -0.250858 0)
(-0.165862 -0.263195 0)
(-0.156623 -0.273525 0)
(-0.145558 -0.281151 0)
(-0.132644 -0.285288 0)
(-0.117964 -0.285079 0)
(-0.101736 -0.279623 0)
(-0.0843388 -0.268014 0)
(-0.0663413 -0.2494 0)
(-0.0485132 -0.223044 0)
(-0.0317988 -0.188403 0)
(-0.0172747 -0.145193 0)
(-0.00637677 -0.093446 0)
(-0.00102573 -0.0335804 0)
(-0.00101194 0.0337302 0)
(-0.0062408 0.0932436 0)
(-0.0168075 0.14404 0)
(-0.0307556 0.185847 0)
(-0.0466295 0.218835 0)
(-0.0633624 0.243497 0)
(-0.0800496 0.260564 0)
(-0.0959809 0.270917 0)
(-0.110655 0.275502 0)
(-0.123755 0.275272 0)
(-0.135119 0.271131 0)
(-0.144707 0.263909 0)
(-0.152565 0.254343 0)
(-0.158803 0.243072 0)
(-0.163568 0.230632 0)
(-0.167026 0.217472 0)
(-0.169353 0.203953 0)
(-0.170716 0.190364 0)
(-0.171279 0.176929 0)
(-0.171187 0.16382 0)
(-0.170574 0.151162 0)
(-0.169555 0.139044 0)
(-0.168231 0.127523 0)
(-0.166687 0.116633 0)
(-0.164997 0.106387 0)
(-0.163219 0.0967849 0)
(-0.161404 0.0878117 0)
(-0.159591 0.0794439 0)
(-0.157813 0.0716508 0)
(-0.156095 0.0643959 0)
(-0.154458 0.0576385 0)
(-0.152917 0.0513347 0)
(-0.151485 0.0454385 0)
(-0.150171 0.0399019 0)
(-0.148983 0.034676 0)
(-0.147926 0.0297108 0)
(-0.147006 0.0249555 0)
(-0.146228 0.0203592 0)
(-0.145594 0.0158702 0)
(-0.14511 0.0114364 0)
(-0.144779 0.00700553 0)
(-0.144606 0.00252459 0)
(-0.144594 -0.00205972 0)
(-0.144749 -0.00680122 0)
(-0.145076 -0.0117542 0)
(-0.145579 -0.0169735 0)
(-0.146262 -0.0225143 0)
(-0.147128 -0.0284319 0)
(-0.148181 -0.0347819 0)
(-0.14942 -0.0416193 0)
(-0.150842 -0.0489986 0)
(-0.152442 -0.0569726 0)
(-0.15421 -0.0655918 0)
(-0.156127 -0.0749034 0)
(-0.158171 -0.0849493 0)
(-0.160307 -0.0957643 0)
(-0.162492 -0.107374 0)
(-0.164666 -0.11979 0)
(-0.166758 -0.133009 0)
(-0.168676 -0.147005 0)
(-0.170309 -0.161722 0)
(-0.171524 -0.177073 0)
(-0.172167 -0.192923 0)
(-0.172057 -0.209085 0)
(-0.170996 -0.225307 0)
(-0.168765 -0.241257 0)
(-0.165137 -0.256515 0)
(-0.159885 -0.270555 0)
(-0.1528 -0.28274 0)
(-0.143712 -0.292314 0)
(-0.132524 -0.298402 0)
(-0.119241 -0.300025 0)
(-0.104014 -0.296123 0)
(-0.0871795 -0.285603 0)
(-0.0692975 -0.267399 0)
(-0.0511754 -0.240558 0)
(-0.0338497 -0.204333 0)
(-0.018542 -0.15828 0)
(-0.00690196 -0.102343 0)
(-0.00112402 -0.0369517 0)
(-0.00111864 0.037043 0)
(-0.00680746 0.101923 0)
(-0.018164 0.156687 0)
(-0.0329275 0.201072 0)
(-0.0494115 0.235369 0)
(-0.066402 0.260268 0)
(-0.0829097 0.27673 0)
(-0.0981974 0.285867 0)
(-0.111784 0.288842 0)
(-0.123407 0.286786 0)
(-0.132974 0.28075 0)
(-0.140523 0.271671 0)
(-0.146179 0.260359 0)
(-0.15012 0.2475 0)
(-0.152555 0.233657 0)
(-0.1537 0.219285 0)
(-0.153768 0.204743 0)
(-0.152959 0.19031 0)
(-0.151455 0.176196 0)
(-0.149417 0.162553 0)
(-0.146984 0.149489 0)
(-0.144278 0.137075 0)
(-0.141397 0.125352 0)
(-0.138425 0.114338 0)
(-0.135429 0.104032 0)
(-0.132464 0.0944224 0)
(-0.129572 0.0854834 0)
(-0.126787 0.0771832 0)
(-0.124134 0.0694836 0)
(-0.121632 0.0623422 0)
(-0.119295 0.0557135 0)
(-0.117132 0.0495498 0)
(-0.115151 0.0438021 0)
(-0.113355 0.0384205 0)
(-0.111748 0.0333543 0)
(-0.110333 0.0285527 0)
(-0.10911 0.0239644 0)
(-0.108081 0.0195381 0)
(-0.107249 0.0152224 0)
(-0.106617 0.0109656 0)
(-0.106187 0.00671563 0)
(-0.105965 0.00242023 0)
(-0.105955 -0.00197342 0)
(-0.106162 -0.00651869 0)
(-0.106595 -0.0112696 0)
(-0.10726 -0.0162807 0)
(-0.108166 -0.0216076 0)
(-0.109319 -0.0273063 0)
(-0.110726 -0.0334335 0)
(-0.112395 -0.0400463 0)
(-0.11433 -0.0472017 0)
(-0.11653 -0.0549566 0)
(-0.118995 -0.0633664 0)
(-0.121716 -0.0724849 0)
(-0.124678 -0.0823621 0)
(-0.127858 -0.093043 0)
(-0.131221 -0.104565 0)
(-0.134719 -0.116957 0)
(-0.138288 -0.130229 0)
(-0.141844 -0.144377 0)
(-0.145281 -0.159369 0)
(-0.148469 -0.17514 0)
(-0.151248 -0.191582 0)
(-0.15343 -0.208534 0)
(-0.154796 -0.225768 0)
(-0.1551 -0.242972 0)
(-0.154072 -0.259735 0)
(-0.151429 -0.275529 0)
(-0.146891 -0.289694 0)
(-0.140206 -0.301424 0)
(-0.131179 -0.309757 0)
(-0.119718 -0.313587 0)
(-0.10588 -0.311684 0)
(-0.0899298 -0.302733 0)
(-0.0723931 -0.285414 0)
(-0.0541 -0.258498 0)
(-0.0361786 -0.220973 0)
(-0.0200168 -0.172174 0)
(-0.00752587 -0.111913 0)
(-0.00124356 -0.0406181 0)
(-0.00125314 0.040679 0)
(-0.0075038 0.111332 0)
(-0.0197947 0.170197 0)
(-0.0354727 0.217033 0)
(-0.0525646 0.252315 0)
(-0.0696878 0.277003 0)
(-0.0857721 0.292359 0)
(-0.100074 0.299788 0)
(-0.112163 0.300707 0)
(-0.12186 0.296457 0)
(-0.129173 0.288242 0)
(-0.13424 0.277109 0)
(-0.137281 0.263936 0)
(-0.138554 0.249444 0)
(-0.138335 0.234209 0)
(-0.136891 0.218683 0)
(-0.134474 0.20321 0)
(-0.13131 0.188049 0)
(-0.127597 0.173386 0)
(-0.123504 0.159349 0)
(-0.119176 0.146023 0)
(-0.11473 0.133456 0)
(-0.110262 0.121669 0)
(-0.105847 0.110665 0)
(-0.101546 0.100426 0)
(-0.0974038 0.0909282 0)
(-0.0934539 0.0821351 0)
(-0.0897206 0.0740062 0)
(-0.0862205 0.0664961 0)
(-0.0829642 0.0595569 0)
(-0.0799578 0.0531387 0)
(-0.0772038 0.0471907 0)
(-0.0747028 0.0416615 0)
(-0.0724535 0.0364995 0)
(-0.070454 0.0316535 0)
(-0.0687023 0.0270721 0)
(-0.0671965 0.0227043 0)
(-0.0659355 0.0184992 0)
(-0.0649192 0.0144062 0)
(-0.0641487 0.0103746 0)
(-0.0636268 0.00635347 0)
(-0.0633573 0.00229173 0)
(-0.063346 -0.00186221 0)
(-0.0636001 -0.00616053 0)
(-0.0641284 -0.0106562 0)
(-0.0649409 -0.015403 0)
(-0.0660489 -0.020456 0)
(-0.0674644 -0.0258709 0)
(-0.0691996 -0.0317049 0)
(-0.0712668 -0.0380162 0)
(-0.0736771 -0.0448636 0)
(-0.0764401 -0.052307 0)
(-0.079562 -0.0604061 0)
(-0.0830451 -0.0692202 0)
(-0.0868856 -0.0788069 0)
(-0.0910717 -0.089221 0)
(-0.0955812 -0.100512 0)
(-0.100379 -0.112723 0)
(-0.105414 -0.125884 0)
(-0.110614 -0.14001 0)
(-0.115884 -0.155096 0)
(-0.121101 -0.171104 0)
(-0.12611 -0.18796 0)
(-0.130718 -0.205534 0)
(-0.134697 -0.223634 0)
(-0.137776 -0.241978 0)
(-0.139648 -0.260182 0)
(-0.139977 -0.277731 0)
(-0.138408 -0.293959 0)
(-0.134595 -0.308021 0)
(-0.128231 -0.318886 0)
(-0.119099 -0.32532 0)
(-0.107131 -0.325909 0)
(-0.09248 -0.319091 0)
(-0.0756015 -0.303239 0)
(-0.0573198 -0.276779 0)
(-0.0388465 -0.238347 0)
(-0.0217556 -0.186974 0)
(-0.00827889 -0.122269 0)
(-0.00139165 -0.0446386 0)
(-0.00142619 0.0447171 0)
(-0.00837382 0.121626 0)
(-0.0217805 0.184703 0)
(-0.03848 0.233775 0)
(-0.0561427 0.26959 0)
(-0.0732002 0.293484 0)
(-0.0885173 0.307114 0)
(-0.10138 0.312253 0)
(-0.111451 0.310621 0)
(-0.118677 0.303789 0)
(-0.123202 0.293124 0)
(-0.125289 0.279773 0)
(-0.125268 0.264668 0)
(-0.123489 0.24855 0)
(-0.120294 0.23199 0)
(-0.116003 0.215421 0)
(-0.110899 0.19916 0)
(-0.105229 0.183431 0)
(-0.0992 0.168389 0)
(-0.0929852 0.154132 0)
(-0.0867235 0.140715 0)
(-0.0805255 0.128161 0)
(-0.0744768 0.116469 0)
(-0.0686422 0.105622 0)
(-0.0630691 0.0955891 0)
(-0.0577907 0.0863303 0)
(-0.052829 0.0778004 0)
(-0.0481969 0.06995 0)
(-0.0439003 0.0627275 0)
(-0.0399402 0.0560797 0)
(-0.0363138 0.0499533 0)
(-0.0330158 0.0442951 0)
(-0.0300394 0.039052 0)
(-0.0273774 0.0341719 0)
(-0.0250223 0.0296033 0)
(-0.0229675 0.0252953 0)
(-0.0212073 0.0211977 0)
(-0.0197376 0.017261 0)
(-0.0185558 0.0134358 0)
(-0.0176614 0.00967328 0)
(-0.0170559 0.00592425 0)
(-0.0167432 0.00213954 0)
(-0.0167292 -0.00173052 0)
(-0.0170222 -0.0057362 0)
(-0.0176329 -0.00992867 0)
(-0.0185739 -0.0143602 0)
(-0.0198598 -0.0190842 0)
(-0.0215068 -0.0241556 0)
(-0.0235324 -0.0296311 0)
(-0.0259551 -0.0355687 0)
(-0.0287933 -0.0420284 0)
(-0.0320648 -0.0490716 0)
(-0.0357857 -0.0567612 0)
(-0.0399692 -0.0651611 0)
(-0.0446236 -0.0743353 0)
(-0.0497507 -0.0843471 0)
(-0.0553435 -0.0952577 0)
(-0.0613826 -0.107124 0)
(-0.0678332 -0.119994 0)
(-0.0746411 -0.133906 0)
(-0.0817275 -0.14888 0)
(-0.0889842 -0.164912 0)
(-0.0962672 -0.181962 0)
(-0.103392 -0.199944 0)
(-0.110126 -0.218707 0)
(-0.116186 -0.238016 0)
(-0.121238 -0.257529 0)
(-0.124895 -0.276764 0)
(-0.126731 -0.29507 0)
(-0.1263 -0.311594 0)
(-0.123168 -0.325246 0)
(-0.116966 -0.334682 0)
(-0.107461 -0.338298 0)
(-0.0946475 -0.334261 0)
(-0.0788548 -0.320585 0)
(-0.0608569 -0.295261 0)
(-0.0419243 -0.256463 0)
(-0.0238316 -0.202793 0)
(-0.00920331 -0.133557 0)
(-0.00157896 -0.0490918 0)
(-0.00165396 0.049264 0)
(-0.00947974 0.132999 0)
(-0.0242272 0.200364 0)
(-0.0420513 0.251321 0)
(-0.0601826 0.287041 0)
(-0.0768608 0.309385 0)
(-0.0909236 0.320534 0)
(-0.101745 0.322713 0)
(-0.109143 0.317995 0)
(-0.113243 0.308198 0)
(-0.114364 0.294845 0)
(-0.112923 0.279168 0)
(-0.109373 0.26213 0)
(-0.104159 0.244465 0)
(-0.0976892 0.226719 0)
(-0.0903255 0.209284 0)
(-0.0823765 0.192434 0)
(-0.0740989 0.176349 0)
(-0.0657008 0.161141 0)
(-0.0573471 0.146872 0)
(-0.0491652 0.133563 0)
(-0.0412512 0.121209 0)
(-0.0336747 0.109786 0)
(-0.0264841 0.0992571 0)
(-0.0197108 0.0895751 0)
(-0.0133726 0.0806884 0)
(-0.00747691 0.0725416 0)
(-0.00202349 0.0650778 0)
(0.00299379 0.0582398 0)
(0.00758493 0.0519707 0)
(0.0117625 0.0462146 0)
(0.0155403 0.0409166 0)
(0.0189327 0.0360233 0)
(0.0219536 0.0314827 0)
(0.024616 0.0272439 0)
(0.0269314 0.0232573 0)
(0.0289094 0.0194746 0)
(0.0305573 0.0158479 0)
(0.0318802 0.0123302 0)
(0.0328805 0.00887485 0)
(0.0335576 0.00543536 0)
(0.0339084 0.00196506 0)
(0.0339264 -0.00158307 0)
(0.0336025 -0.00525671 0)
(0.0329246 -0.00910447 0)
(0.0318775 -0.0131762 0)
(0.0304435 -0.0175231 0)
(0.0286023 -0.0221982 0)
(0.0263314 -0.0272565 0)
(0.0236063 -0.0327553 0)
(0.0204013 -0.0387539 0)
(0.0166901 -0.0453146 0)
(0.0124466 -0.0525017 0)
(0.00764623 -0.0603823 0)
(0.00226736 -0.0690252 0)
(-0.00370683 -0.0785008 0)
(-0.010286 -0.0888801 0)
(-0.0174695 -0.100233 0)
(-0.025243 -0.112624 0)
(-0.0335742 -0.126115 0)
(-0.0424069 -0.140751 0)
(-0.0516554 -0.156563 0)
(-0.0611971 -0.17355 0)
(-0.0708642 -0.191673 0)
(-0.080436 -0.210835 0)
(-0.0896299 -0.230861 0)
(-0.0980953 -0.251468 0)
(-0.10541 -0.272231 0)
(-0.111084 -0.292545 0)
(-0.114572 -0.311575 0)
(-0.115304 -0.32821 0)
(-0.112733 -0.341018 0)
(-0.106419 -0.348219 0)
(-0.0961358 -0.347693 0)
(-0.0820151 -0.337039 0)
(-0.0647073 -0.313718 0)
(-0.0454916 -0.275292 0)
(-0.0263418 -0.219761 0)
(-0.0103594 -0.145962 0)
(-0.00182167 -0.0540833 0)
(-0.0019618 0.0544675 0)
(-0.0109117 0.145708 0)
(-0.0272738 0.217354 0)
(-0.0462964 0.269647 0)
(-0.0646775 0.304404 0)
(-0.0804857 0.324228 0)
(-0.0926054 0.331988 0)
(-0.10059 0.330458 0)
(-0.104497 0.322105 0)
(-0.104697 0.308997 0)
(-0.101725 0.292793 0)
(-0.0961758 0.274773 0)
(-0.0886327 0.255897 0)
(-0.0796298 0.23686 0)
(-0.0696328 0.218153 0)
(-0.0590328 0.200106 0)
(-0.0481484 0.182931 0)
(-0.0372325 0.166754 0)
(-0.0264803 0.151637 0)
(-0.0160383 0.137596 0)
(-0.00601267 0.124619 0)
(0.00352314 0.11267 0)
(0.0125217 0.101702 0)
(0.0209559 0.0916587 0)
(0.0288145 0.082478 0)
(0.0360981 0.0740969 0)
(0.0428158 0.0664518 0)
(0.048983 0.0594798 0)
(0.0546189 0.0531195 0)
(0.0597454 0.0473114 0)
(0.0643853 0.0419984 0)
(0.0685613 0.0371252 0)
(0.0722955 0.032639 0)
(0.0756085 0.0284889 0)
(0.078519 0.0246258 0)
(0.0810431 0.0210022 0)
(0.0831945 0.017572 0)
(0.0849837 0.0142903 0)
(0.0864182 0.0111128 0)
(0.0875021 0.00799602 0)
(0.0882363 0.0048965 0)
(0.0886179 0.00177087 0)
(0.0886406 -0.0014246 0)
(0.0882945 -0.0047343 0)
(0.0875661 -0.00820359 0)
(0.0864381 -0.0118791 0)
(0.0848901 -0.015809 0)
(0.082898 -0.0200435 0)
(0.0804346 -0.024635 0)
(0.0774697 -0.0296386 0)
(0.0739709 -0.0351122 0)
(0.0699033 -0.0411169 0)
(0.0652312 -0.0477174 0)
(0.0599184 -0.0549818 0)
(0.0539296 -0.0629821 0)
(0.0472323 -0.0717937 0)
(0.0397986 -0.0814949 0)
(0.0316083 -0.0921662 0)
(0.0226522 -0.103889 0)
(0.0129366 -0.116741 0)
(0.00248891 -0.130798 0)
(-0.00863549 -0.14612 0)
(-0.020345 -0.162751 0)
(-0.0325021 -0.180702 0)
(-0.0449119 -0.199937 0)
(-0.05731 -0.220352 0)
(-0.0693503 -0.241742 0)
(-0.0805943 -0.263766 0)
(-0.090505 -0.285898 0)
(-0.0984504 -0.307362 0)
(-0.103723 -0.327071 0)
(-0.105582 -0.343552 0)
(-0.103338 -0.354881 0)
(-0.0964726 -0.358656 0)
(-0.0848245 -0.352019 0)
(-0.0688115 -0.331791 0)
(-0.0496282 -0.294738 0)
(-0.0294132 -0.238011 0)
(-0.0118351 -0.159724 0)
(-0.0021453 -0.0597589 0)
(-0.00239111 0.0605375 0)
(-0.0128036 0.160085 0)
(-0.0311008 0.235852 0)
(-0.051315 0.288627 0)
(-0.0695257 0.321229 0)
(-0.0837044 0.337309 0)
(-0.0929157 0.34062 0)
(-0.0970271 0.334583 0)
(-0.0964436 0.322081 0)
(-0.0918543 0.305409 0)
(-0.0840505 0.28631 0)
(-0.0738137 0.266064 0)
(-0.0618532 0.245575 0)
(-0.0487774 0.225459 0)
(-0.0350873 0.206118 0)
(-0.0211817 0.187797 0)
(-0.00736826 0.170632 0)
(0.00612234 0.15468 0)
(0.0191235 0.139947 0)
(0.03152 0.126404 0)
(0.0432374 0.114002 0)
(0.0542327 0.102675 0)
(0.0644868 0.0923541 0)
(0.0739989 0.0829649 0)
(0.082781 0.0744336 0)
(0.0908545 0.0666878 0)
(0.0982469 0.0596573 0)
(0.104989 0.0532752 0)
(0.111115 0.0474779 0)
(0.116659 0.0422049 0)
(0.121652 0.0373992 0)
(0.126128 0.0330068 0)
(0.130115 0.0289765 0)
(0.133641 0.0252595 0)
(0.13673 0.0218096 0)
(0.139403 0.0185821 0)
(0.141676 0.0155342 0)
(0.143563 0.0126244 0)
(0.145075 0.0098119 0)
(0.146216 0.00705688 0)
(0.14699 0.00431971 0)
(0.147394 0.00156082 0)
(0.147421 -0.00125963 0)
(0.147062 -0.00418212 0)
(0.146301 -0.00724807 0)
(0.14512 -0.0105002 0)
(0.143495 -0.0139829 0)
(0.1414 -0.0177427 0)
(0.138804 -0.0218283 0)
(0.135671 -0.0262916 0)
(0.131961 -0.0311876 0)
(0.127634 -0.036575 0)
(0.122644 -0.0425169 0)
(0.116943 -0.0490807 0)
(0.110483 -0.0563391 0)
(0.103216 -0.0643699 0)
(0.0950949 -0.0732561 0)
(0.0860775 -0.0830861 0)
(0.0761291 -0.0939525 0)
(0.0652265 -0.105951 0)
(0.0533635 -0.119179 0)
(0.0405578 -0.133728 0)
(0.02686 -0.149681 0)
(0.0123647 -0.167103 0)
(-0.00277653 -0.186024 0)
(-0.0183384 -0.206417 0)
(-0.0340046 -0.228176 0)
(-0.0493483 -0.251067 0)
(-0.0638155 -0.274677 0)
(-0.0767135 -0.298342 0)
(-0.0872139 -0.32106 0)
(-0.0943811 -0.341381 0)
(-0.0972413 -0.357306 0)
(-0.0949135 -0.366188 0)
(-0.0868226 -0.364699 0)
(-0.0729989 -0.348914 0)
(-0.0543933 -0.314584 0)
(-0.0332102 -0.257665 0)
(-0.0137618 -0.175151 0)
(-0.00259177 -0.0663256 0)
(-0.00301229 0.0677807 0)
(-0.015358 0.176555 0)
(-0.0359341 0.256001 0)
(-0.0571517 0.307947 0)
(-0.0744312 0.336778 0)
(-0.0858239 0.347602 0)
(-0.0907944 0.345279 0)
(-0.089712 0.333953 0)
(-0.0834583 0.316904 0)
(-0.0731084 0.296582 0)
(-0.0597319 0.274735 0)
(-0.0442892 0.252563 0)
(-0.0275891 0.230852 0)
(-0.010281 0.210088 0)
(0.00713284 0.190553 0)
(0.0242774 0.172385 0)
(0.0408826 0.155626 0)
(0.0567626 0.140262 0)
(0.0717968 0.126239 0)
(0.0859149 0.113483 0)
(0.0990844 0.101907 0)
(0.1113 0.0914219 0)
(0.122577 0.0819372 0)
(0.132944 0.0733655 0)
(0.142439 0.0656233 0)
(0.151105 0.0586319 0)
(0.158988 0.0523177 0)
(0.166137 0.046612 0)
(0.172599 0.0414509 0)
(0.178418 0.0367752 0)
(0.183638 0.0325296 0)
(0.1883 0.0286626 0)
(0.192438 0.025126 0)
(0.196087 0.0218744 0)
(0.199276 0.018865 0)
(0.202028 0.016057 0)
(0.204364 0.0134117 0)
(0.206302 0.0108914 0)
(0.207852 0.00845957 0)
(0.209023 0.00608062 0)
(0.209816 0.00371918 0)
(0.210231 0.00134002 0)
(0.210262 -0.00109231 0)
(0.209898 -0.00361384 0)
(0.209124 -0.00626152 0)
(0.207919 -0.00907357 0)
(0.206258 -0.0120898 0)
(0.204113 -0.0153523 0)
(0.201448 -0.0189053 0)
(0.198225 -0.0227962 0)
(0.194398 -0.027076 0)
(0.18992 -0.0317996 0)
(0.184736 -0.0370264 0)
(0.17879 -0.0428214 0)
(0.172021 -0.0492553 0)
(0.164365 -0.0564055 0)
(0.155757 -0.0643565 0)
(0.146134 -0.0732006 0)
(0.135434 -0.0830377 0)
(0.123603 -0.0939757 0)
(0.110598 -0.106129 0)
(0.0963922 -0.119616 0)
(0.0809876 -0.134557 0)
(0.064423 -0.151063 0)
(0.0467897 -0.169231 0)
(0.0282504 -0.189118 0)
(0.00906196 -0.210724 0)
(-0.0103977 -0.233945 0)
(-0.0295999 -0.258518 0)
(-0.0478361 -0.283945 0)
(-0.0641984 -0.30938 0)
(-0.0775793 -0.333495 0)
(-0.0867148 -0.354314 0)
(-0.0902984 -0.369042 0)
(-0.0872095 -0.373919 0)
(-0.0768837 -0.364206 0)
(-0.0597737 -0.334393 0)
(-0.0379353 -0.278787 0)
(-0.0163393 -0.192637 0)
(-0.00323263 -0.0740868 0)
(-0.00394872 0.0766609 0)
(-0.0188841 0.195654 0)
(-0.0420292 0.277818 0)
(-0.0636875 0.326951 0)
(-0.0787166 0.34986 0)
(-0.0855993 0.353634 0)
(-0.084539 0.344456 0)
(-0.0766443 0.327199 0)
(-0.0634022 0.30544 0)
(-0.0463159 0.281654 0)
(-0.0267186 0.257471 0)
(-0.00570609 0.233908 0)
(0.0158686 0.211559 0)
(0.0373695 0.190733 0)
(0.0583415 0.171557 0)
(0.0784736 0.154047 0)
(0.0975655 0.138147 0)
(0.1155 0.123767 0)
(0.13222 0.110796 0)
(0.147714 0.0991182 0)
(0.161999 0.0886178 0)
(0.175114 0.0791838 0)
(0.187111 0.0707116 0)
(0.198051 0.0631047 0)
(0.207998 0.0562743 0)
(0.217018 0.0501392 0)
(0.225175 0.0446255 0)
(0.232533 0.0396655 0)
(0.239152 0.0351978 0)
(0.245087 0.031166 0)
(0.25039 0.0275184 0)
(0.255109 0.0242075 0)
(0.259286 0.0211892 0)
(0.262959 0.0184227 0)
(0.26616 0.0158695 0)
(0.268917 0.0134934 0)
(0.271255 0.0112602 0)
(0.27319 0.00913677 0)
(0.274737 0.00709143 0)
(0.275904 0.00509304 0)
(0.276696 0.00311099 0)
(0.277111 0.00111478 0)
(0.277144 -0.00092628 0)
(0.276783 -0.00304338 0)
(0.276014 -0.00526855 0)
(0.274816 -0.007635 0)
(0.273162 -0.0101775 0)
(0.271021 -0.0129329 0)
(0.268357 -0.0159402 0)
(0.265127 -0.0192417 0)
(0.261283 -0.0228828 0)
(0.256771 -0.0269133 0)
(0.251531 -0.0313875 0)
(0.245498 -0.0363657 0)
(0.238601 -0.0419141 0)
(0.230762 -0.0481068 0)
(0.221901 -0.0550261 0)
(0.211933 -0.0627638 0)
(0.200772 -0.0714222 0)
(0.188332 -0.081115 0)
(0.174531 -0.0919676 0)
(0.159299 -0.104117 0)
(0.142581 -0.117712 0)
(0.124349 -0.132904 0)
(0.104621 -0.149849 0)
(0.0834723 -0.168685 0)
(0.061069 -0.189521 0)
(0.0376971 -0.212394 0)
(0.0138048 -0.237222 0)
(-0.00994975 -0.263721 0)
(-0.03265 -0.291286 0)
(-0.0530823 -0.318825 0)
(-0.0697295 -0.344537 0)
(-0.0808381 -0.365639 0)
(-0.0846221 -0.378076 0)
(-0.0796725 -0.376309 0)
(-0.0655679 -0.353349 0)
(-0.0438065 -0.301282 0)
(-0.0198723 -0.212668 0)
(-0.00419349 -0.0835026 0)
(-0.00541995 0.0879047 0)
(-0.0238448 0.218011 0)
(-0.0495919 0.301004 0)
(-0.0703997 0.344371 0)
(-0.0809742 0.358598 0)
(-0.080859 0.353349 0)
(-0.0714668 0.336242 0)
(-0.0549015 0.31275 0)
(-0.0333397 0.286528 0)
(-0.00868839 0.259865 0)
(0.0175331 0.234104 0)
(0.0441888 0.209963 0)
(0.0704714 0.187769 0)
(0.0958356 0.167612 0)
(0.119935 0.149449 0)
(0.142568 0.133161 0)
(0.163637 0.118602 0)
(0.183116 0.10561 0)
(0.201028 0.0940277 0)
(0.217429 0.0837064 0)
(0.232391 0.0745091 0)
(0.246 0.0663114 0)
(0.258346 0.0590017 0)
(0.26952 0.0524803 0)
(0.279613 0.0466583 0)
(0.28871 0.0414562 0)
(0.296893 0.0368033 0)
(0.304237 0.0326361 0)
(0.310815 0.0288979 0)
(0.316689 0.0255373 0)
(0.32192 0.0225078 0)
(0.326558 0.0197673 0)
(0.330652 0.017277 0)
(0.334242 0.0150011 0)
(0.337364 0.0129066 0)
(0.340048 0.0109624 0)
(0.34232 0.0091393 0)
(0.344198 0.00740928 0)
(0.345697 0.0057455 0)
(0.346828 0.00412186 0)
(0.347595 0.00251265 0)
(0.347997 0.000892356 0)
(0.348029 -0.000764699 0)
(0.347681 -0.00248462 0)
(0.346937 -0.00429424 0)
(0.345776 -0.00622147 0)
(0.344172 -0.00829563 0)
(0.342093 -0.0105478 0)
(0.3395 -0.0130114 0)
(0.336351 -0.0157225 0)
(0.332594 -0.0187203 0)
(0.328173 -0.0220482 0)
(0.323023 -0.0257539 0)
(0.317073 -0.029891 0)
(0.310244 -0.0345193 0)
(0.302448 -0.0397062 0)
(0.293593 -0.0455284 0)
(0.283576 -0.0520725 0)
(0.272288 -0.0594376 0)
(0.259616 -0.0677364 0)
(0.245441 -0.0770975 0)
(0.229648 -0.0876665 0)
(0.212125 -0.0996076 0)
(0.192774 -0.113103 0)
(0.171524 -0.128352 0)
(0.148349 -0.145564 0)
(0.123293 -0.164944 0)
(0.0965055 -0.186671 0)
(0.0682908 -0.210856 0)
(0.0391722 -0.237466 0)
(0.0099691 -0.266211 0)
(-0.0181165 -0.296364 0)
(-0.0434245 -0.326489 0)
(-0.0638139 -0.354064 0)
(-0.0767781 -0.375008 0)
(-0.0798162 -0.383167 0)
(-0.0711323 -0.369982 0)
(-0.0509667 -0.324691 0)
(-0.0248143 -0.235801 0)
(-0.00569748 -0.0952961 0)
(-0.00781021 0.102671 0)
(-0.0308844 0.244233 0)
(-0.0585248 0.324547 0)
(-0.075839 0.357894 0)
(-0.0784341 0.360133 0)
(-0.0679119 0.34399 0)
(-0.0474474 0.318375 0)
(-0.0203213 0.288982 0)
(0.0106437 0.259169 0)
(0.0432827 0.230746 0)
(0.0760619 0.204574 0)
(0.107961 0.18096 0)
(0.138344 0.159908 0)
(0.166851 0.141269 0)
(0.193311 0.124827 0)
(0.217675 0.110348 0)
(0.239978 0.097602 0)
(0.260302 0.086378 0)
(0.278759 0.0764861 0)
(0.295472 0.0677586 0)
(0.310572 0.0600494 0)
(0.32419 0.0532311 0)
(0.336449 0.0471931 0)
(0.34747 0.0418393 0)
(0.357362 0.0370863 0)
(0.366229 0.0328608 0)
(0.374164 0.0290989 0)
(0.381255 0.0257441 0)
(0.387578 0.0227466 0)
(0.393204 0.0200619 0)
(0.398197 0.0176502 0)
(0.40261 0.0154756 0)
(0.406495 0.0135058 0)
(0.409893 0.0117109 0)
(0.412842 0.0100635 0)
(0.415373 0.0085381 0)
(0.41751 0.00711089 0)
(0.419275 0.00575913 0)
(0.420683 0.0044611 0)
(0.421744 0.00319575 0)
(0.422462 0.00194241 0)
(0.422838 0.000680597 0)
(0.422867 -0.000610291 0)
(0.422538 -0.0019512 0)
(0.421838 -0.00336369 0)
(0.420746 -0.00487023 0)
(0.419235 -0.00649449 0)
(0.417274 -0.00826172 0)
(0.414825 -0.0101991 0)
(0.411845 -0.0123361 0)
(0.408283 -0.0147052 0)
(0.40408 -0.0173424 0)
(0.399171 -0.0202879 0)
(0.393482 -0.0235868 0)
(0.386928 -0.0272904 0)
(0.379418 -0.0314572 0)
(0.370848 -0.0361545 0)
(0.361105 -0.0414599 0)
(0.350062 -0.0474634 0)
(0.337583 -0.05427 0)
(0.323522 -0.062002 0)
(0.307719 -0.0708025 0)
(0.290012 -0.0808386 0)
(0.270234 -0.0923047 0)
(0.248226 -0.105425 0)
(0.223846 -0.120454 0)
(0.196998 -0.137674 0)
(0.167655 -0.157385 0)
(0.135919 -0.179876 0)
(0.102082 -0.205375 0)
(0.0667329 -0.233957 0)
(0.0308858 -0.265369 0)
(-0.00386174 -0.298745 0)
(-0.0351767 -0.332156 0)
(-0.0599315 -0.361931 0)
(-0.0743957 -0.381762 0)
(-0.0748491 -0.381742 0)
(-0.0592081 -0.347778 0)
(-0.0317836 -0.262525 0)
(-0.00813238 -0.110621 0)
(-0.011731 0.122775 0)
(-0.0406809 0.274502 0)
(-0.0677058 0.345966 0)
(-0.0765364 0.363545 0)
(-0.0658601 0.350345 0)
(-0.040665 0.322149 0)
(-0.00631536 0.288487 0)
(0.0328161 0.254554 0)
(0.0735547 0.222865 0)
(0.113806 0.194417 0)
(0.152304 0.169414 0)
(0.188355 0.147679 0)
(0.221643 0.128881 0)
(0.252087 0.112651 0)
(0.279747 0.0986311 0)
(0.304761 0.0865003 0)
(0.327308 0.0759806 0)
(0.347584 0.0668349 0)
(0.365785 0.058863 0)
(0.382102 0.0518967 0)
(0.396714 0.0457945 0)
(0.409787 0.0404372 0)
(0.421474 0.0357242 0)
(0.431913 0.0315698 0)
(0.44123 0.027901 0)
(0.449538 0.0246552 0)
(0.456939 0.0217783 0)
(0.463524 0.0192233 0)
(0.469373 0.0169491 0)
(0.474559 0.0149195 0)
(0.479146 0.0131025 0)
(0.48319 0.0114694 0)
(0.486739 0.00999447 0)
(0.489837 0.00865436 0)
(0.492519 0.00742766 0)
(0.494817 0.00629458 0)
(0.496754 0.00523665 0)
(0.498352 0.00423646 0)
(0.499625 0.00327737 0)
(0.500582 0.00234329 0)
(0.501229 0.00141851 0)
(0.501566 0.000487444 0)
(0.501589 -0.000465562 0)
(0.501289 -0.00145642 0)
(0.500651 -0.00250154 0)
(0.499656 -0.00361805 0)
(0.498281 -0.00482404 0)
(0.496494 -0.00613886 0)
(0.49426 -0.00758344 0)
(0.491537 -0.00918066 0)
(0.488275 -0.0109558 0)
(0.484419 -0.012937 0)
(0.479903 -0.0151561 0)
(0.474654 -0.017649 0)
(0.468589 -0.020457 0)
(0.461613 -0.0236277 0)
(0.45362 -0.0272164 0)
(0.444492 -0.0312879 0)
(0.434092 -0.0359185 0)
(0.422271 -0.0411987 0)
(0.40886 -0.0472364 0)
(0.393673 -0.0541606 0)
(0.376504 -0.0621264 0)
(0.357127 -0.0713208 0)
(0.335305 -0.0819687 0)
(0.310788 -0.09434 0)
(0.283331 -0.108756 0)
(0.252716 -0.125593 0)
(0.218795 -0.145277 0)
(0.181546 -0.168263 0)
(0.141188 -0.194981 0)
(0.0983265 -0.225706 0)
(0.0541911 -0.260315 0)
(0.0109265 -0.297822 0)
(-0.0280924 -0.335568 0)
(-0.0580825 -0.367914 0)
(-0.0730405 -0.384414 0)
(-0.0672163 -0.367758 0)
(-0.0413845 -0.292821 0)
(-0.0121041 -0.131269 0)
(-0.0178639 0.150998 0)
(-0.0530718 0.307543 0)
(-0.0730797 0.359942 0)
(-0.0648134 0.354917 0)
(-0.0337592 0.323814 0)
(0.0105375 0.284198 0)
(0.0607156 0.244735 0)
(0.111956 0.209036 0)
(0.161407 0.178155 0)
(0.207577 0.152 0)
(0.249833 0.130042 0)
(0.288036 0.111642 0)
(0.322319 0.0961983 0)
(0.352944 0.0831862 0)
(0.380227 0.0721719 0)
(0.404496 0.0628021 0)
(0.426065 0.054792 0)
(0.445228 0.0479121 0)
(0.462251 0.0419774 0)
(0.477371 0.0368379 0)
(0.490801 0.0323712 0)
(0.50273 0.0284769 0)
(0.513326 0.0250719 0)
(0.522736 0.0220871 0)
(0.53109 0.0194643 0)
(0.538505 0.0171545 0)
(0.54508 0.0151158 0)
(0.550908 0.0133123 0)
(0.556065 0.0117128 0)
(0.560623 0.0102903 0)
(0.564642 0.00902097 0)
(0.568175 0.00788364 0)
(0.571269 0.00685948 0)
(0.573962 0.0059315 0)
(0.57629 0.00508423 0)
(0.57828 0.00430344 0)
(0.579956 0.00357592 0)
(0.581335 0.00288925 0)
(0.582432 0.00223162 0)
(0.583256 0.00159165 0)
(0.583811 0.000958209 0)
(0.584098 0.000320309 0)
(0.584113 -0.00033309 0)
(0.583848 -0.00101322 0)
(0.58329 -0.00173167 0)
(0.582422 -0.00250054 0)
(0.581222 -0.00333267 0)
(0.579663 -0.00424183 0)
(0.577711 -0.00524295 0)
(0.575329 -0.00635244 0)
(0.572471 -0.00758852 0)
(0.569085 -0.00897162 0)
(0.565111 -0.0105249 0)
(0.56048 -0.0122748 0)
(0.555113 -0.014252 0)
(0.548921 -0.016492 0)
(0.5418 -0.0190366 0)
(0.533634 -0.0219354 0)
(0.524288 -0.0252475 0)
(0.513608 -0.029044 0)
(0.50142 -0.0334112 0)
(0.487524 -0.0384543 0)
(0.471688 -0.0443031 0)
(0.453653 -0.051118 0)
(0.43312 -0.0590988 0)
(0.409756 -0.0684955 0)
(0.383192 -0.0796213 0)
(0.353029 -0.0928683 0)
(0.318862 -0.108723 0)
(0.280317 -0.127781 0)
(0.237133 -0.150736 0)
(0.189301 -0.178343 0)
(0.137318 -0.211261 0)
(0.0825755 -0.249705 0)
(0.0279464 -0.292664 0)
(-0.0215108 -0.336352 0)
(-0.0578614 -0.371453 0)
(-0.0706377 -0.378954 0)
(-0.0532595 -0.325081 0)
(-0.0182455 -0.159958 0)
(-0.0257989 0.191809 0)
(-0.0640163 0.338158 0)
(-0.0631438 0.355779 0)
(-0.0247478 0.322198 0)
(0.0341956 0.274173 0)
(0.100115 0.227257 0)
(0.165312 0.186844 0)
(0.226011 0.153771 0)
(0.280734 0.127224 0)
(0.329238 0.106002 0)
(0.371858 0.0889759 0)
(0.409161 0.075216 0)
(0.44177 0.063996 0)
(0.47028 0.054762 0)
(0.495232 0.0470942 0)
(0.517098 0.040674 0)
(0.536287 0.0352576 0)
(0.553151 0.0306574 0)
(0.56799 0.0267269 0)
(0.581062 0.023351 0)
(0.592589 0.0204382 0)
(0.602762 0.0179148 0)
(0.611744 0.0157209 0)
(0.619679 0.0138075 0)
(0.62669 0.012134 0)
(0.632885 0.0106665 0)
(0.638357 0.00937628 0)
(0.643189 0.00823913 0)
(0.64745 0.00723415 0)
(0.651205 0.00634332 0)
(0.654506 0.0055509 0)
(0.6574 0.00484303 0)
(0.659928 0.00420742 0)
(0.662125 0.00363305 0)
(0.664019 0.00310995 0)
(0.665636 0.00262897 0)
(0.666995 0.00218167 0)
(0.668111 0.00176013 0)
(0.668998 0.00135686 0)
(0.669661 0.000964636 0)
(0.670107 0.000576426 0)
(0.670334 0.000185282 0)
(0.67034 -0.000215767 0)
(0.670119 -0.000633815 0)
(0.669658 -0.00107619 0)
(0.668943 -0.00155055 0)
(0.667957 -0.00206505 0)
(0.666674 -0.00262843 0)
(0.665068 -0.00325024 0)
(0.663106 -0.00394098 0)
(0.660748 -0.00471239 0)
(0.657949 -0.00557766 0)
(0.654657 -0.00655187 0)
(0.650813 -0.00765232 0)
(0.646346 -0.00889918 0)
(0.641178 -0.0103161 0)
(0.635215 -0.0119309 0)
(0.628352 -0.0137773 0)
(0.620466 -0.0158956 0)
(0.611414 -0.018335 0)
(0.60103 -0.0211559 0)
(0.589119 -0.0244337 0)
(0.575453 -0.0282624 0)
(0.559764 -0.0327613 0)
(0.541733 -0.0380832 0)
(0.520986 -0.0444254 0)
(0.497079 -0.0520453 0)
(0.46949 -0.0612819 0)
(0.437612 -0.0725846 0)
(0.400755 -0.0865506 0)
(0.358176 -0.103969 0)
(0.309146 -0.125861 0)
(0.253135 -0.153485 0)
(0.190169 -0.18821 0)
(0.121535 -0.231039 0)
(0.0509697 -0.281246 0)
(-0.0135471 -0.333225 0)
(-0.0576745 -0.370407 0)
(-0.0629644 -0.353632 0)
(-0.0259683 -0.200989 0)
(-0.0288386 0.248537 0)
(-0.0568177 0.35035 0)
(-0.00945718 0.314243 0)
(0.0743398 0.252907 0)
(0.164137 0.196566 0)
(0.247804 0.15176 0)
(0.32136 0.118088 0)
(0.384264 0.0931755 0)
(0.437483 0.0746498 0)
(0.482427 0.0606817 0)
(0.520471 0.0499695 0)
(0.552805 0.0416097 0)
(0.580415 0.0349772 0)
(0.604102 0.0296359 0)
(0.624512 0.0252773 0)
(0.642167 0.0216795 0)
(0.65749 0.0186799 0)
(0.67083 0.0161574 0)
(0.682472 0.0140205 0)
(0.692654 0.0121985 0)
(0.701575 0.0106365 0)
(0.709402 0.00929108 0)
(0.716278 0.00812733 0)
(0.722323 0.0071171 0)
(0.727642 0.00623731 0)
(0.732322 0.00546887 0)
(0.736441 0.0047958 0)
(0.740065 0.00420467 0)
(0.743252 0.00368401 0)
(0.746052 0.00322396 0)
(0.748506 0.00281601 0)
(0.750653 0.00245268 0)
(0.752524 0.00212737 0)
(0.754146 0.00183419 0)
(0.755542 0.00156783 0)
(0.756731 0.00132347 0)
(0.757729 0.00109664 0)
(0.758547 0.000883168 0)
(0.759195 0.000679126 0)
(0.759679 0.000480729 0)
(0.760001 0.000284302 0)
(0.760163 8.62105e-05 0)
(0.760161 -0.000117186 0)
(0.759991 -0.000329596 0)
(0.759643 -0.000554849 0)
(0.759107 -0.000796963 0)
(0.758367 -0.00106021 0)
(0.757407 -0.00134919 0)
(0.756203 -0.00166893 0)
(0.754731 -0.00202501 0)
(0.75296 -0.00242363 0)
(0.750855 -0.00287185 0)
(0.748374 -0.00337774 0)
(0.745471 -0.00395061 0)
(0.742091 -0.00460138 0)
(0.738169 -0.00534292 0)
(0.733632 -0.00619058 0)
(0.728394 -0.00716287 0)
(0.722355 -0.00828232 0)
(0.715396 -0.00957665 0)
(0.707377 -0.0110803 0)
(0.698134 -0.0128367 0)
(0.687468 -0.014901 0)
(0.675139 -0.0173443 0)
(0.66086 -0.0202598 0)
(0.644274 -0.0237707 0)
(0.624944 -0.0280436 0)
(0.602326 -0.0333061 0)
(0.57574 -0.0398762 0)
(0.544333 -0.0482051 0)
(0.507043 -0.0589425 0)
(0.46256 -0.0730344 0)
(0.409342 -0.0918558 0)
(0.345739 -0.117363 0)
(0.270473 -0.152133 0)
(0.183773 -0.198837 0)
(0.0894569 -0.258119 0)
(-0.000141811 -0.323129 0)
(-0.0532969 -0.361859 0)
(-0.0281139 -0.257007 0)
(0.0125097 0.287146 0)
(0.0283777 0.301586 0)
(0.153572 0.215306 0)
(0.285948 0.146182 0)
(0.392737 0.100087 0)
(0.476346 0.0701786 0)
(0.541957 0.0508254 0)
(0.593696 0.038069 0)
(0.634946 0.0293816 0)
(0.668292 0.0232467 0)
(0.695613 0.0187639 0)
(0.718263 0.0153888 0)
(0.73723 0.012782 0)
(0.753251 0.0107256 0)
(0.76688 0.00907446 0)
(0.778545 0.00772924 0)
(0.788579 0.00661976 0)
(0.797245 0.00569528 0)
(0.804757 0.00491824 0)
(0.811287 0.00426031 0)
(0.816977 0.00369973 0)
(0.821945 0.00321954 0)
(0.826288 0.00280631 0)
(0.830091 0.00244929 0)
(0.833424 0.00213975 0)
(0.836346 0.00187051 0)
(0.838909 0.00163565 0)
(0.841157 0.00143017 0)
(0.843127 0.00124988 0)
(0.844854 0.00109116 0)
(0.846363 0.000950919 0)
(0.84768 0.000826454 0)
(0.848826 0.000715387 0)
(0.849816 0.000615608 0)
(0.850667 0.000525221 0)
(0.851391 0.000442506 0)
(0.851997 0.000365878 0)
(0.852493 0.000293865 0)
(0.852884 0.000225076 0)
(0.853175 0.000158177 0)
(0.853368 9.18759e-05 0)
(0.853461 2.4893e-05 0)
(0.853455 -4.40531e-05 0)
(0.853345 -0.000116267 0)
(0.853125 -0.0001931 0)
(0.852789 -0.000275969 0)
(0.852327 -0.000366383 0)
(0.851728 -0.000465976 0)
(0.850976 -0.000576533 0)
(0.850056 -0.000700038 0)
(0.848948 -0.000838716 0)
(0.847629 -0.000995097 0)
(0.846072 -0.00117209 0)
(0.844247 -0.00137306 0)
(0.842117 -0.00160199 0)
(0.839641 -0.00186359 0)
(0.836769 -0.00216349 0)
(0.833445 -0.00250856 0)
(0.829602 -0.0029072 0)
(0.825159 -0.00336984 0)
(0.820021 -0.00390957 0)
(0.814076 -0.00454303 0)
(0.807183 -0.00529167 0)
(0.799174 -0.00618356 0)
(0.78984 -0.00725602 0)
(0.778919 -0.00855963 0)
(0.766078 -0.0101644 0)
(0.750887 -0.0121696 0)
(0.732788 -0.0147198 0)
(0.711032 -0.0180327 0)
(0.684609 -0.0224467 0)
(0.652125 -0.0285073 0)
(0.611633 -0.0371221 0)
(0.560417 -0.0498359 0)
(0.494862 -0.0692663 0)
(0.410491 -0.0996067 0)
(0.301675 -0.146917 0)
(0.165471 -0.218332 0)
(0.0351169 -0.307048 0)
(0.015388 -0.292123 0)
(0.303508 0.146746 0)
(0.403596 0.127489 0)
(0.566939 0.0751018 0)
(0.684866 0.0426288 0)
(0.754924 0.0249635 0)
(0.799685 0.0153254 0)
(0.830668 0.00997622 0)
(0.853119 0.00689951 0)
(0.870011 0.00503025 0)
(0.883144 0.00382295 0)
(0.893616 0.00299758 0)
(0.902128 0.0024056 0)
(0.90915 0.00196438 0)
(0.91501 0.00162548 0)
(0.919947 0.00135899 0)
(0.924136 0.0011455 0)
(0.927713 0.000971911 0)
(0.930782 0.000829029 0)
(0.933427 0.000710234 0)
(0.935713 0.000610633 0)
(0.937695 0.000526534 0)
(0.939417 0.0004551 0)
(0.940916 0.000394116 0)
(0.942223 0.000341828 0)
(0.943363 0.000296826 0)
(0.94436 0.000257965 0)
(0.94523 0.000224306 0)
(0.945991 0.000195064 0)
(0.946656 0.000169585 0)
(0.947237 0.000147311 0)
(0.947743 0.000127767 0)
(0.948183 0.000110539 0)
(0.948565 9.52666e-05 0)
(0.948894 8.16327e-05 0)
(0.949177 6.93525e-05 0)
(0.949416 5.81692e-05 0)
(0.949616 4.78474e-05 0)
(0.94978 3.8169e-05 0)
(0.949908 2.89284e-05 0)
(0.950003 1.99294e-05 0)
(0.950064 1.09814e-05 0)
(0.950093 1.89614e-06 0)
(0.950088 -7.51493e-06 0)
(0.950048 -1.74444e-05 0)
(0.949971 -2.80917e-05 0)
(0.949854 -3.9667e-05 0)
(0.949694 -5.23947e-05 0)
(0.949487 -6.65182e-05 0)
(0.949227 -8.23053e-05 0)
(0.948908 -0.000100054 0)
(0.948525 -0.000120102 0)
(0.948067 -0.000142833 0)
(0.947526 -0.000168691 0)
(0.946891 -0.000198196 0)
(0.946148 -0.000231962 0)
(0.945282 -0.000270724 0)
(0.944275 -0.000315369 0)
(0.943107 -0.000366984 0)
(0.941753 -0.000426912 0)
(0.940183 -0.000496838 0)
(0.938363 -0.0005789 0)
(0.936249 -0.000675851 0)
(0.933789 -0.000791291 0)
(0.930919 -0.000930005 0)
(0.927558 -0.00109848 0)
(0.923603 -0.00130573 0)
(0.918923 -0.00156458 0)
(0.913343 -0.00189393 0)
(0.906628 -0.00232273 0)
(0.898454 -0.00289754 0)
(0.888355 -0.00369726 0)
(0.875637 -0.00486349 0)
(0.859214 -0.00666421 0)
(0.837296 -0.00962723 0)
(0.806895 -0.0148037 0)
(0.762709 -0.0242386 0)
(0.693099 -0.0418097 0)
(0.574765 -0.0745619 0)
(0.408893 -0.12782 0)
(0.305856 -0.147637 0)
)
;

boundaryField
{
    movingWall
    {
        type            fixedValue;
        value           uniform (1 0 0);
    }
    fixedWalls
    {
        type            noSlip;
    }
    frontAndBack
    {
        type            empty;
    }
}


// ************************************************************************* //
