/*--------------------------------*- C++ -*----------------------------------*\
  =========                 |
  \\      /  F ield         | OpenFOAM: The Open Source CFD Toolbox
   \\    /   O peration     | Website:  https://openfoam.org
    \\  /    A nd           | Version:  7
     \\/     M anipulation  |
\*---------------------------------------------------------------------------*/
FoamFile
{
    version     2.0;
    format      ascii;
    class       surfaceScalarField;
    location    "0.5";
    object      phi;
}
// * * * * * * * * * * * * * * * * * * * * * * * * * * * * * * * * * * * * * //

dimensions      [0 3 -1 0 0 0 0];

internalField   nonuniform List<scalar> 
6280
(
3.71911e-10
-3.72092e-10
1.26193e-09
-8.90001e-10
2.23676e-09
-9.74859e-10
3.01196e-09
-7.75159e-10
3.44712e-09
-4.3511e-10
3.49016e-09
-4.29995e-11
3.14092e-09
3.49238e-10
2.42804e-09
7.12873e-10
1.39323e-09
1.03484e-09
8.1426e-11
1.31183e-09
-1.4655e-09
1.54696e-09
-3.21255e-09
1.74706e-09
-5.13331e-09
1.92076e-09
-7.21077e-09
2.07745e-09
-9.4373e-09
2.22652e-09
-1.18141e-08
2.37682e-09
-1.43506e-08
2.53641e-09
-1.7063e-08
2.71245e-09
-1.99744e-08
2.91131e-09
-2.31129e-08
3.13856e-09
-2.6512e-08
3.39916e-09
-3.02096e-08
3.69758e-09
-3.42476e-08
4.038e-09
-3.8672e-08
4.4244e-09
-4.35327e-08
4.86067e-09
-4.88834e-08
5.35063e-09
-5.47815e-08
5.8981e-09
-6.12883e-08
6.50678e-09
-6.84685e-08
7.18027e-09
-7.63904e-08
7.92186e-09
-8.51247e-08
8.73436e-09
-9.47447e-08
9.61993e-09
-1.05324e-07
1.05797e-08
-1.16938e-07
1.16134e-08
-1.29657e-07
1.27193e-08
-1.4355e-07
1.38932e-08
-1.58679e-07
1.51285e-08
-1.75094e-07
1.64155e-08
-1.92835e-07
1.77408e-08
-2.11922e-07
1.90869e-08
-2.32354e-07
2.04317e-08
-2.54102e-07
2.17479e-08
-2.77105e-07
2.30029e-08
-3.01263e-07
2.41584e-08
-3.26433e-07
2.517e-08
-3.52421e-07
2.59883e-08
-3.7898e-07
2.65583e-08
-4.058e-07
2.68209e-08
-4.32514e-07
2.67137e-08
-4.58687e-07
2.6173e-08
-4.83823e-07
2.51361e-08
-5.07367e-07
2.35435e-08
-5.2871e-07
2.13431e-08
-5.47204e-07
1.84939e-08
-5.62174e-07
1.49706e-08
-5.72943e-07
1.07689e-08
-5.78852e-07
5.90903e-09
-5.79323e-07
4.70914e-10
-5.73794e-07
-5.52876e-09
-5.61913e-07
-1.18811e-08
-5.43458e-07
-1.84549e-08
-5.18421e-07
-2.5037e-08
-4.87038e-07
-3.13837e-08
-4.4981e-07
-3.72273e-08
-4.07522e-07
-4.22885e-08
-3.61227e-07
-4.62952e-08
-3.12223e-07
-4.90032e-08
-2.62005e-07
-5.02189e-08
-2.12183e-07
-4.98211e-08
-1.64406e-07
-4.77778e-08
-1.2025e-07
-4.41558e-08
-8.11286e-08
-3.91213e-08
-4.8199e-08
-3.29296e-08
-2.22911e-08
-2.59079e-08
-3.85221e-09
-1.8439e-08
7.11052e-09
-1.09627e-08
1.10969e-08
-3.98639e-09
9.2846e-09
1.81228e-09
4.07953e-09
5.20507e-09
4.07955e-09
9.04757e-10
-1.27681e-09
2.47934e-09
-2.46458e-09
3.99749e-09
-2.49307e-09
4.97913e-09
-1.75686e-09
5.14035e-09
-5.96316e-10
4.35119e-09
7.4621e-10
2.58825e-09
2.1122e-09
-1.05232e-10
3.40636e-09
-3.65043e-09
4.58002e-09
-7.95567e-09
5.61704e-09
-1.29315e-08
6.52277e-09
-1.85009e-08
7.31645e-09
-2.46055e-08
8.02532e-09
-3.12084e-08
8.68036e-09
-3.82954e-08
9.31344e-09
-4.5874e-08
9.95543e-09
-5.39727e-08
1.06351e-08
-6.26389e-08
1.13786e-08
-7.19371e-08
1.22096e-08
-8.19474e-08
1.31488e-08
-9.27635e-08
1.42153e-08
-1.04492e-07
1.54259e-08
-1.17251e-07
1.67966e-08
-1.31168e-07
1.83421e-08
-1.46384e-07
2.00765e-08
-1.63047e-07
2.20133e-08
-1.81314e-07
2.41653e-08
-2.01352e-07
2.65445e-08
-2.23333e-07
2.91616e-08
-2.47437e-07
3.20256e-08
-2.73845e-07
3.51428e-08
-3.02741e-07
3.8516e-08
-3.34305e-07
4.21435e-08
-3.6871e-07
4.60178e-08
-4.06114e-07
5.01238e-08
-4.46659e-07
5.44378e-08
-4.90456e-07
5.89258e-08
-5.37582e-07
6.35416e-08
-5.88067e-07
6.82252e-08
-6.41881e-07
7.29017e-08
-6.98929e-07
7.74795e-08
-7.59031e-07
8.18496e-08
-8.21913e-07
8.58849e-08
-8.87195e-07
8.94404e-08
-9.54379e-07
9.23541e-08
-1.02284e-06
9.44485e-08
-1.09181e-06
9.55336e-08
-1.1604e-06
9.54108e-08
-1.22757e-06
9.38783e-08
-1.29213e-06
9.07378e-08
-1.3528e-06
8.58031e-08
-1.40817e-06
7.89095e-08
-1.45675e-06
6.99253e-08
-1.49702e-06
5.87641e-08
-1.52745e-06
4.53989e-08
-1.54655e-06
2.9876e-08
-1.55298e-06
1.23304e-08
-1.5455e-06
-7.00306e-09
-1.52322e-06
-2.78088e-08
-1.4855e-06
-4.95986e-08
-1.43215e-06
-7.18128e-08
-1.36341e-06
-9.37723e-08
-1.28009e-06
-1.14707e-07
-1.18353e-06
-1.33787e-07
-1.07566e-06
-1.50158e-07
-9.58955e-07
-1.62998e-07
-8.36385e-07
-1.71574e-07
-7.11299e-07
-1.75304e-07
-5.87296e-07
-1.73824e-07
-4.68042e-07
-1.67032e-07
-3.57074e-07
-1.55124e-07
-2.5759e-07
-1.38605e-07
-1.72252e-07
-1.18268e-07
-1.03e-07
-9.51597e-08
-5.08962e-08
-7.0543e-08
-1.59777e-08
-4.58813e-08
2.93185e-09
-2.28959e-08
8.50038e-09
-3.75625e-09
5.15321e-09
8.55225e-09
9.23269e-09
1.00912e-09
-2.28597e-09
2.5279e-09
-3.98327e-09
3.6767e-09
-3.64181e-09
3.90061e-09
-1.98076e-09
2.86702e-09
4.37236e-10
4.18494e-10
3.19473e-09
-3.47531e-09
6.00603e-09
-8.76196e-09
8.69305e-09
-1.53421e-08
1.11602e-08
-2.30976e-08
1.33726e-08
-3.19124e-08
1.53375e-08
-4.16863e-08
1.70904e-08
-5.23447e-08
1.86837e-08
-6.38428e-08
2.01784e-08
-7.61679e-08
2.16385e-08
-8.93394e-08
2.31269e-08
-1.03407e-07
2.47029e-08
-1.1845e-07
2.64211e-08
-1.34571e-07
2.83311e-08
-1.519e-07
3.04773e-08
-1.70585e-07
3.29001e-08
-1.90794e-07
3.56358e-08
-2.12716e-07
3.87179e-08
-2.36551e-07
4.21774e-08
-2.62518e-07
4.60433e-08
-2.90847e-07
5.03424e-08
-3.21781e-07
5.50997e-08
-3.55574e-07
6.03368e-08
-3.92484e-07
6.60721e-08
-4.32777e-07
7.23184e-08
-4.76716e-07
7.90818e-08
-5.2456e-07
8.63598e-08
-5.76554e-07
9.41381e-08
-6.32925e-07
1.02389e-07
-6.93868e-07
1.11067e-07
-7.59537e-07
1.20107e-07
-8.30032e-07
1.29421e-07
-9.05386e-07
1.38896e-07
-9.85548e-07
1.48386e-07
-1.07036e-06
1.57719e-07
-1.15957e-06
1.66685e-07
-1.25277e-06
1.75044e-07
-1.3494e-06
1.82519e-07
-1.44876e-06
1.88804e-07
-1.54997e-06
1.93563e-07
-1.65196e-06
1.96437e-07
-1.75348e-06
1.97052e-07
-1.8531e-06
1.9503e-07
-1.94922e-06
1.89995e-07
-2.04007e-06
1.81597e-07
-2.12379e-06
1.69519e-07
-2.19838e-06
1.53502e-07
-2.26182e-06
1.33361e-07
-2.31207e-06
1.09011e-07
-2.34715e-06
8.04846e-08
-2.36523e-06
4.79573e-08
-2.36468e-06
1.17756e-08
-2.34411e-06
-2.75721e-08
-2.30256e-06
-6.93564e-08
-2.23949e-06
-1.1267e-07
-2.15489e-06
-1.56412e-07
-2.04936e-06
-1.99303e-07
-1.92415e-06
-2.39913e-07
-1.78122e-06
-2.76717e-07
-1.62322e-06
-3.08158e-07
-1.45348e-06
-3.32739e-07
-1.27594e-06
-3.4912e-07
-1.09501e-06
-3.56231e-07
-9.15455e-07
-3.53379e-07
-7.42141e-07
-3.40346e-07
-5.79809e-07
-3.17456e-07
-4.32807e-07
-2.85606e-07
-3.04821e-07
-2.46254e-07
-1.98609e-07
-2.01372e-07
-1.15769e-07
-1.53383e-07
-5.65197e-08
-1.0513e-07
-1.94972e-08
-5.99185e-08
-1.55961e-09
-2.16938e-08
2.42851e-09
4.56413e-09
1.16612e-08
7.99256e-10
-3.08528e-09
1.69219e-09
-4.87624e-09
1.76735e-09
-3.71692e-09
4.65857e-10
-6.79223e-10
-2.5351e-09
3.43818e-09
-7.37957e-09
8.03917e-09
-1.40815e-08
1.27079e-08
-2.25697e-08
1.71812e-08
-3.27253e-08
2.13158e-08
-4.44115e-08
2.50588e-08
-5.74961e-08
2.8422e-08
-7.18672e-08
3.14615e-08
-8.74442e-08
3.42607e-08
-1.04184e-07
3.69178e-08
-1.22081e-07
3.95361e-08
-1.41173e-07
4.22184e-08
-1.61532e-07
4.50624e-08
-1.8327e-07
4.81583e-08
-2.06527e-07
5.15889e-08
-2.31479e-07
5.54286e-08
-2.58323e-07
5.97449e-08
-2.87286e-07
6.45987e-08
-3.18614e-07
7.00457e-08
-3.52574e-07
7.61368e-08
-3.89449e-07
8.29186e-08
-4.2954e-07
9.04332e-08
-4.73158e-07
9.87175e-08
-5.20623e-07
1.07802e-07
-5.72261e-07
1.1771e-07
-6.28394e-07
1.28452e-07
-6.89339e-07
1.40027e-07
-7.55395e-07
1.52415e-07
-8.26834e-07
1.65577e-07
-9.03891e-07
1.79446e-07
-9.86749e-07
1.93925e-07
-1.07552e-06
2.08882e-07
-1.17025e-06
2.24144e-07
-1.27085e-06
2.39497e-07
-1.37714e-06
2.54674e-07
-1.48878e-06
2.69363e-07
-1.60529e-06
2.83195e-07
-1.726e-06
2.95756e-07
-1.85006e-06
3.0658e-07
-1.97642e-06
3.15159e-07
-2.10381e-06
3.20954e-07
-2.23077e-06
3.234e-07
-2.35564e-06
3.21923e-07
-2.47657e-06
3.1596e-07
-2.59155e-06
3.04974e-07
-2.69843e-06
2.88481e-07
-2.79499e-06
2.6607e-07
-2.87892e-06
2.37432e-07
-2.94794e-06
2.02389e-07
-2.99985e-06
1.60916e-07
-3.03254e-06
1.13174e-07
-3.04411e-06
5.953e-08
-3.03297e-06
6.35936e-10
-2.99778e-06
-6.27624e-08
-2.93771e-06
-1.29426e-07
-2.85238e-06
-1.97995e-07
-2.742e-06
-2.66798e-07
-2.60738e-06
-3.33921e-07
-2.45005e-06
-3.97244e-07
-2.27225e-06
-4.54513e-07
-2.07699e-06
-5.03427e-07
-1.86797e-06
-5.41756e-07
-1.6496e-06
-5.67487e-07
-1.42686e-06
-5.78977e-07
-1.20511e-06
-5.7512e-07
-9.89965e-07
-5.55495e-07
-7.86935e-07
-5.20486e-07
-6.01189e-07
-4.71352e-07
-4.37209e-07
-4.10234e-07
-2.98474e-07
-3.40107e-07
-1.87163e-07
-2.64694e-07
-1.03902e-07
-1.88392e-07
-4.75544e-08
-1.16266e-07
-1.50934e-08
-5.41548e-08
-1.55748e-09
-8.9718e-09
1.01038e-08
3.88032e-10
-3.4733e-09
2.1241e-10
-4.70068e-09
-1.36116e-09
-2.14335e-09
-4.8318e-09
2.79142e-09
-1.0467e-08
9.07343e-09
-1.83626e-08
1.59347e-08
-2.84928e-08
2.28381e-08
-4.07546e-08
2.9443e-08
-5.5004e-08
3.55653e-08
-7.10857e-08
4.11405e-08
-8.88552e-08
4.61915e-08
-1.08195e-07
5.08012e-08
-1.29025e-07
5.50906e-08
-1.51308e-07
5.92012e-08
-1.75055e-07
6.32825e-08
-2.0032e-07
6.74833e-08
-2.27203e-07
7.19454e-08
-2.55845e-07
7.68008e-08
-2.86426e-07
8.21701e-08
-3.19161e-07
8.81629e-08
-3.54293e-07
9.48777e-08
-3.92098e-07
1.02404e-07
-4.32874e-07
1.10821e-07
-4.7694e-07
1.20203e-07
-5.24635e-07
1.30614e-07
-5.76313e-07
1.4211e-07
-6.32334e-07
1.54739e-07
-6.93069e-07
1.68536e-07
-7.5888e-07
1.83522e-07
-8.30126e-07
1.99697e-07
-9.07142e-07
2.17043e-07
-9.90233e-07
2.35507e-07
-1.07966e-06
2.55006e-07
-1.17563e-06
2.75413e-07
-1.27826e-06
2.96557e-07
-1.38759e-06
3.18209e-07
-1.50353e-06
3.40084e-07
-1.62586e-06
3.6183e-07
-1.75422e-06
3.83027e-07
-1.88804e-06
4.03189e-07
-2.02661e-06
4.21759e-07
-2.16897e-06
4.38117e-07
-2.31397e-06
4.51587e-07
-2.46026e-06
4.61448e-07
-2.60625e-06
4.66945e-07
-2.75017e-06
4.67316e-07
-2.89005e-06
4.61806e-07
-3.02379e-06
4.49693e-07
-3.14913e-06
4.3032e-07
-3.26377e-06
4.03118e-07
-3.36534e-06
3.67639e-07
-3.45149e-06
3.23585e-07
-3.51994e-06
2.70841e-07
-3.56853e-06
2.095e-07
-3.59525e-06
1.39896e-07
-3.59835e-06
6.26302e-08
-3.57632e-06
-2.13978e-08
-3.52807e-06
-1.11008e-07
-3.45285e-06
-2.04645e-07
-3.3504e-06
-3.00442e-07
-3.221e-06
-3.962e-07
-3.06551e-06
-4.89409e-07
-2.88546e-06
-5.77293e-07
-2.68309e-06
-6.56883e-07
-2.46139e-06
-7.25128e-07
-2.22411e-06
-7.79034e-07
-1.97576e-06
-8.15841e-07
-1.7215e-06
-8.3324e-07
-1.46703e-06
-8.29585e-07
-1.21841e-06
-8.04118e-07
-9.8174e-07
-7.57156e-07
-7.62881e-07
-6.90212e-07
-5.67064e-07
-6.0605e-07
-3.98531e-07
-5.08641e-07
-2.60172e-07
-4.03053e-07
-1.53242e-07
-2.95321e-07
-7.71574e-08
-1.92351e-07
-2.94129e-08
-1.01899e-07
-5.66348e-09
-3.27213e-08
4.44027e-09
-1.61072e-10
-3.31219e-09
-1.74566e-09
-3.11611e-09
-5.43832e-09
1.54925e-09
-1.16219e-08
8.97498e-09
-2.04674e-08
1.7919e-08
-3.1992e-08
2.74592e-08
-4.61076e-08
3.69537e-08
-6.26639e-08
4.59993e-08
-8.1483e-08
5.43844e-08
-1.02387e-07
6.20445e-08
-1.25219e-07
6.90232e-08
-1.49857e-07
7.54392e-08
-1.76224e-07
8.14582e-08
-2.04295e-07
8.72722e-08
-2.34095e-07
9.30825e-08
-2.65701e-07
9.90892e-08
-2.99239e-07
1.05483e-07
-3.3488e-07
1.12442e-07
-3.72837e-07
1.20127e-07
-4.13362e-07
1.28688e-07
-4.56739e-07
1.38255e-07
-5.03283e-07
1.48948e-07
-5.53334e-07
1.60872e-07
-6.07254e-07
1.74123e-07
-6.6542e-07
1.8878e-07
-7.28223e-07
2.04913e-07
-7.96057e-07
2.22573e-07
-8.69316e-07
2.41794e-07
-9.4838e-07
2.62586e-07
-1.03361e-06
2.84928e-07
-1.12533e-06
3.08766e-07
-1.22383e-06
3.34003e-07
-1.32931e-06
3.60488e-07
-1.44191e-06
3.88015e-07
-1.56166e-06
4.16308e-07
-1.68847e-06
4.45019e-07
-1.82211e-06
4.7372e-07
-1.96218e-06
5.01896e-07
-2.1081e-06
5.28949e-07
-2.2591e-06
5.54195e-07
-2.41421e-06
5.7687e-07
-2.57224e-06
5.96143e-07
-2.73177e-06
6.11122e-07
-2.89121e-06
6.20882e-07
-3.04874e-06
6.24479e-07
-3.20241e-06
6.20979e-07
-3.35009e-06
6.09488e-07
-3.48958e-06
5.89182e-07
-3.61859e-06
5.59336e-07
-3.73484e-06
5.1936e-07
-3.83602e-06
4.68827e-07
-3.91994e-06
4.07503e-07
-3.98448e-06
3.35379e-07
-4.02767e-06
2.52693e-07
-4.04774e-06
1.59964e-07
-4.04312e-06
5.80116e-08
-4.01251e-06
-5.20159e-08
-3.95489e-06
-1.68622e-07
-3.86961e-06
-2.89931e-07
-3.75636e-06
-4.13682e-07
-3.61534e-06
-5.37225e-07
-3.44722e-06
-6.5753e-07
-3.25329e-06
-7.71227e-07
-3.03549e-06
-8.74677e-07
-2.79654e-06
-9.64079e-07
-2.53994e-06
-1.03564e-06
-2.27001e-06
-1.08577e-06
-1.99189e-06
-1.11136e-06
-1.71141e-06
-1.11006e-06
-1.43494e-06
-1.08059e-06
-1.16911e-06
-1.02298e-06
-9.20475e-07
-9.38851e-07
-6.95084e-07
-8.31442e-07
-4.98073e-07
-7.05652e-07
-3.33237e-07
-5.67888e-07
-2.02697e-07
-4.25861e-07
-1.06677e-07
-2.88371e-07
-4.34571e-08
-1.65119e-07
-9.52332e-09
-6.6655e-08
-5.0831e-09
-8.10357e-10
-2.50182e-09
-4.07439e-09
1.47972e-10
-1.02733e-08
7.74818e-09
-1.96301e-08
1.83317e-08
-3.2183e-08
3.04719e-08
-4.78416e-08
4.31179e-08
-6.64339e-08
5.5546e-08
-8.77462e-08
6.73116e-08
-1.11556e-07
7.81939e-08
-1.37656e-07
8.81443e-08
-1.65873e-07
9.72404e-08
-1.96081e-07
1.05647e-07
-2.28207e-07
1.13585e-07
-2.62237e-07
1.21302e-07
-2.98212e-07
1.29058e-07
-3.36231e-07
1.37108e-07
-3.76445e-07
1.45696e-07
-4.19052e-07
1.55049e-07
-4.64296e-07
1.65372e-07
-5.1246e-07
1.76851e-07
-5.63859e-07
1.89654e-07
-6.1884e-07
2.03929e-07
-6.77774e-07
2.19807e-07
-7.41051e-07
2.37399e-07
-8.09072e-07
2.56802e-07
-8.82248e-07
2.78089e-07
-9.60985e-07
3.0131e-07
-1.04568e-06
3.26488e-07
-1.1367e-06
3.5361e-07
-1.2344e-06
3.82622e-07
-1.33905e-06
4.13417e-07
-1.45088e-06
4.45833e-07
-1.57003e-06
4.79635e-07
-1.69652e-06
5.14511e-07
-1.83028e-06
5.50063e-07
-1.97106e-06
5.85798e-07
-2.11846e-06
6.21121e-07
-2.2719e-06
6.55341e-07
-2.43062e-06
6.87662e-07
-2.59362e-06
7.17198e-07
-2.75973e-06
7.42978e-07
-2.92755e-06
7.63965e-07
-3.0955e-06
7.79078e-07
-3.26184e-06
7.87214e-07
-3.42464e-06
7.87279e-07
-3.58188e-06
7.78224e-07
-3.73146e-06
7.59069e-07
-3.87123e-06
7.28949e-07
-3.99903e-06
6.87133e-07
-4.11273e-06
6.33066e-07
-4.21029e-06
5.66387e-07
-4.28975e-06
4.86963e-07
-4.34928e-06
3.94904e-07
-4.38718e-06
2.90593e-07
-4.40192e-06
1.74705e-07
-4.39214e-06
4.82313e-08
-4.35666e-06
-8.7491e-08
-4.29453e-06
-2.30755e-07
-4.20501e-06
-3.79448e-07
-4.08766e-06
-5.31029e-07
-3.94238e-06
-6.82506e-07
-3.76948e-06
-8.30434e-07
-3.56978e-06
-9.7093e-07
-3.34472e-06
-1.09973e-06
-3.09648e-06
-1.21231e-06
-2.82809e-06
-1.30403e-06
-2.54349e-06
-1.37037e-06
-2.24757e-06
-1.40727e-06
-1.94617e-06
-1.41147e-06
-1.64588e-06
-1.38088e-06
-1.35383e-06
-1.31503e-06
-1.07733e-06
-1.21536e-06
-8.2338e-07
-1.08539e-06
-5.98209e-07
-9.30822e-07
-4.0675e-07
-7.59347e-07
-2.52237e-07
-5.80374e-07
-1.35939e-07
-4.04668e-07
-5.71027e-08
-2.43956e-07
-1.3123e-08
-1.10635e-07
-1.82061e-08
-1.54021e-09
-9.61637e-10
-6.70308e-09
5.31089e-09
-1.5734e-08
1.6779e-08
-2.86567e-08
3.12544e-08
-4.53452e-08
4.71604e-08
-6.55753e-08
6.33479e-08
-8.90695e-08
7.90402e-08
-1.15535e-07
9.37772e-08
-1.44693e-07
1.07352e-07
-1.76299e-07
1.1975e-07
-2.1016e-07
1.31101e-07
-2.46141e-07
1.41629e-07
-2.84173e-07
1.51616e-07
-3.2425e-07
1.61378e-07
-3.66429e-07
1.71237e-07
-4.10829e-07
1.81508e-07
-4.57623e-07
1.9249e-07
-5.07033e-07
2.04459e-07
-5.59328e-07
2.17666e-07
-6.14814e-07
2.32337e-07
-6.7383e-07
2.48671e-07
-7.36745e-07
2.66844e-07
-8.03946e-07
2.87009e-07
-8.7584e-07
3.09292e-07
-9.52835e-07
3.33798e-07
-1.03534e-06
3.60597e-07
-1.12376e-06
3.89731e-07
-1.21847e-06
4.21198e-07
-1.31981e-06
4.54952e-07
-1.42808e-06
4.90886e-07
-1.54349e-06
5.28831e-07
-1.6662e-06
5.68537e-07
-1.79623e-06
6.09667e-07
-1.9335e-06
6.51786e-07
-2.07779e-06
6.94352e-07
-2.22871e-06
7.36711e-07
-2.38568e-06
7.78095e-07
-2.54796e-06
8.17622e-07
-2.7146e-06
8.54303e-07
-2.88446e-06
8.87053e-07
-3.05619e-06
9.14715e-07
-3.2283e-06
9.36073e-07
-3.39911e-06
9.4989e-07
-3.56683e-06
9.54935e-07
-3.72957e-06
9.50019e-07
-3.88538e-06
9.34032e-07
-4.03229e-06
9.05976e-07
-4.16834e-06
8.64996e-07
-4.29162e-06
8.10413e-07
-4.40029e-06
7.41744e-07
-4.49263e-06
6.58726e-07
-4.567e-06
5.61331e-07
-4.62188e-06
4.49783e-07
-4.65586e-06
3.24575e-07
-4.66765e-06
1.86489e-07
-4.65603e-06
3.66159e-08
-4.61991e-06
-1.23608e-07
-4.55829e-06
-2.92374e-07
-4.4703e-06
-4.67448e-07
-4.35519e-06
-6.4613e-07
-4.21249e-06
-8.25213e-07
-4.04197e-06
-1.00095e-06
-3.84385e-06
-1.16905e-06
-3.61889e-06
-1.3247e-06
-3.36855e-06
-1.46266e-06
-3.09516e-06
-1.57741e-06
-2.80209e-06
-1.66345e-06
-2.49381e-06
-1.71555e-06
-2.17597e-06
-1.7293e-06
-1.8553e-06
-1.70155e-06
-1.53939e-06
-1.63094e-06
-1.23635e-06
-1.51839e-06
-9.54291e-07
-1.36745e-06
-7.00733e-07
-1.18438e-06
-4.82014e-07
-9.78066e-07
-3.02759e-07
-7.59629e-07
-1.65527e-07
-5.41901e-07
-7.06924e-08
-3.3879e-07
-1.66062e-08
-1.64721e-07
-3.48123e-08
-2.33751e-09
1.37585e-09
-9.588e-09
1.25614e-08
-2.17292e-08
2.89203e-08
-3.85561e-08
4.80813e-08
-5.97492e-08
6.83535e-08
-8.49258e-08
8.85245e-08
-1.13683e-07
1.07798e-07
-1.45634e-07
1.25728e-07
-1.80431e-07
1.42149e-07
-2.17785e-07
1.57104e-07
-2.57476e-07
1.70792e-07
-2.99357e-07
1.8351e-07
-3.43358e-07
1.95617e-07
-3.89479e-07
2.075e-07
-4.37793e-07
2.19551e-07
-4.88433e-07
2.32148e-07
-5.4159e-07
2.45647e-07
-5.97505e-07
2.60374e-07
-6.56464e-07
2.76625e-07
-7.18789e-07
2.94662e-07
-7.84835e-07
3.14716e-07
-8.54979e-07
3.36988e-07
-9.29615e-07
3.61645e-07
-1.00915e-06
3.88825e-07
-1.09398e-06
4.18631e-07
-1.18451e-06
4.51125e-07
-1.2811e-06
4.86326e-07
-1.38411e-06
5.242e-07
-1.4938e-06
5.64651e-07
-1.61043e-06
6.07509e-07
-1.73412e-06
6.52521e-07
-1.86492e-06
6.99339e-07
-2.00276e-06
7.47505e-07
-2.14742e-06
7.96447e-07
-2.29854e-06
8.45471e-07
-2.45558e-06
8.93755e-07
-2.61784e-06
9.40351e-07
-2.78441e-06
9.84195e-07
-2.95422e-06
1.02412e-06
-3.12602e-06
1.05886e-06
-3.29841e-06
1.0871e-06
-3.46982e-06
1.10749e-06
-3.63862e-06
1.11869e-06
-3.80307e-06
1.11938e-06
-3.96141e-06
1.10836e-06
-4.11187e-06
1.08449e-06
-4.25272e-06
1.04682e-06
-4.38228e-06
9.94558e-07
-4.49897e-06
9.27102e-07
-4.60129e-06
8.44071e-07
-4.68787e-06
7.45301e-07
-4.7574e-06
6.30863e-07
-4.80868e-06
5.01063e-07
-4.84056e-06
3.56459e-07
-4.85195e-06
1.97873e-07
-4.84175e-06
2.64167e-08
-4.80889e-06
-1.56469e-07
-4.75228e-06
-3.48982e-07
-4.67084e-06
-5.48885e-07
-4.56352e-06
-7.53449e-07
-4.42936e-06
-9.5938e-07
-4.26755e-06
-1.16276e-06
-4.0776e-06
-1.359e-06
-3.85946e-06
-1.54284e-06
-3.61374e-06
-1.70838e-06
-3.3419e-06
-1.84925e-06
-3.0465e-06
-1.95884e-06
-2.73139e-06
-2.03067e-06
-2.40181e-06
-2.05888e-06
-2.06446e-06
-2.0389e-06
-1.7273e-06
-1.9681e-06
-1.39922e-06
-1.84647e-06
-1.08954e-06
-1.67714e-06
-8.07279e-07
-1.46664e-06
-5.60469e-07
-1.22488e-06
-3.55428e-07
-9.64671e-07
-1.96277e-07
-7.01052e-07
-8.47252e-08
-4.50342e-07
-2.01612e-08
-2.29285e-07
-5.49735e-08
-3.19605e-09
4.57191e-09
-1.26999e-08
2.20653e-08
-2.81959e-08
4.44163e-08
-4.92216e-08
6.9107e-08
-7.52376e-08
9.43695e-08
-1.0568e-07
1.18967e-07
-1.40002e-07
1.4212e-07
-1.77706e-07
1.63432e-07
-2.18365e-07
1.82808e-07
-2.61637e-07
2.00376e-07
-3.07267e-07
2.16422e-07
-3.55094e-07
2.31336e-07
-4.0504e-07
2.45563e-07
-4.5711e-07
2.59571e-07
-5.11386e-07
2.73826e-07
-5.68011e-07
2.88773e-07
-6.27189e-07
3.04825e-07
-6.89174e-07
3.22359e-07
-7.54261e-07
3.41712e-07
-8.22781e-07
3.63182e-07
-8.95091e-07
3.87027e-07
-9.71568e-07
4.13465e-07
-1.0526e-06
4.42676e-07
-1.13857e-06
4.748e-07
-1.22987e-06
5.09931e-07
-1.32686e-06
5.48113e-07
-1.42987e-06
5.89332e-07
-1.53918e-06
6.3351e-07
-1.65502e-06
6.80488e-07
-1.77753e-06
7.30019e-07
-1.90676e-06
7.81756e-07
-2.04266e-06
8.35237e-07
-2.18503e-06
8.89876e-07
-2.33354e-06
9.44958e-07
-2.4877e-06
9.99629e-07
-2.64685e-06
1.0529e-06
-2.81016e-06
1.10366e-06
-2.97665e-06
1.15068e-06
-3.14516e-06
1.19263e-06
-3.3144e-06
1.2281e-06
-3.48297e-06
1.25566e-06
-3.64936e-06
1.27388e-06
-3.81203e-06
1.28135e-06
-3.9694e-06
1.27675e-06
-4.11991e-06
1.25887e-06
-4.26206e-06
1.22664e-06
-4.39441e-06
1.17917e-06
-4.51561e-06
1.11576e-06
-4.62444e-06
1.03593e-06
-4.71975e-06
9.39382e-07
-4.8005e-06
8.26054e-07
-4.86573e-06
6.96086e-07
-4.9145e-06
5.49831e-07
-4.9459e-06
3.87859e-07
-4.95899e-06
2.10972e-07
-4.9528e-06
2.02232e-08
-4.92625e-06
-1.83024e-07
-4.87815e-06
-3.97076e-07
-4.80724e-06
-6.198e-07
-4.71213e-06
-8.48559e-07
-4.5914e-06
-1.08011e-06
-4.44367e-06
-1.31049e-06
-4.26769e-06
-1.53498e-06
-4.06256e-06
-1.74797e-06
-3.8279e-06
-1.94303e-06
-3.56417e-06
-2.11299e-06
-3.2729e-06
-2.25011e-06
-2.95705e-06
-2.34652e-06
-2.62121e-06
-2.39472e-06
-2.27175e-06
-2.38836e-06
-1.9168e-06
-2.32306e-06
-1.56594e-06
-2.19733e-06
-1.22971e-06
-2.01337e-06
-9.18804e-07
-1.77754e-06
-6.43202e-07
-1.50048e-06
-4.11252e-07
-1.19662e-06
-2.28975e-07
-8.83328e-07
-9.96788e-08
-5.79638e-07
-2.39617e-08
-3.05002e-07
-7.89352e-08
-4.11205e-09
8.68395e-09
-1.60206e-08
3.39739e-08
-3.5091e-08
6.34867e-08
-6.05756e-08
9.45916e-08
-9.169e-08
1.25484e-07
-1.27667e-07
1.54944e-07
-1.67798e-07
1.82251e-07
-2.11461e-07
2.07095e-07
-2.58139e-07
2.29486e-07
-3.07426e-07
2.49663e-07
-3.5903e-07
2.68026e-07
-4.12764e-07
2.8507e-07
-4.68543e-07
3.01342e-07
-5.26371e-07
3.17399e-07
-5.8633e-07
3.33786e-07
-6.48573e-07
3.51016e-07
-7.13308e-07
3.69561e-07
-7.80795e-07
3.89846e-07
-8.51331e-07
4.12248e-07
-9.25244e-07
4.37096e-07
-1.00289e-06
4.64669e-07
-1.08462e-06
4.952e-07
-1.17082e-06
5.28873e-07
-1.26184e-06
5.65822e-07
-1.35803e-06
6.06123e-07
-1.45971e-06
6.49793e-07
-1.56716e-06
6.96777e-07
-1.68059e-06
7.46938e-07
-1.80014e-06
8.00046e-07
-1.92589e-06
8.55768e-07
-2.05779e-06
9.1365e-07
-2.19566e-06
9.73112e-07
-2.33922e-06
1.03344e-06
-2.48802e-06
1.09376e-06
-2.64147e-06
1.15308e-06
-2.79883e-06
1.21026e-06
-2.95919e-06
1.26403e-06
-3.12152e-06
1.31301e-06
-3.28466e-06
1.35576e-06
-3.44734e-06
1.39078e-06
-3.60822e-06
1.41655e-06
-3.76594e-06
1.4316e-06
-3.9191e-06
1.43451e-06
-4.06634e-06
1.424e-06
-4.20638e-06
1.39891e-06
-4.338e-06
1.35826e-06
-4.46009e-06
1.30125e-06
-4.57163e-06
1.22731e-06
-4.67175e-06
1.13604e-06
-4.75963e-06
1.02726e-06
-4.83455e-06
9.00973e-07
-4.89582e-06
7.57362e-07
-4.94278e-06
5.9679e-07
-4.97472e-06
4.19796e-07
-4.99085e-06
2.27107e-07
-4.99029e-06
1.96606e-08
-4.97199e-06
-2.01326e-07
-4.93472e-06
-4.34349e-07
-4.87704e-06
-6.77476e-07
-4.79733e-06
-9.28271e-07
-4.69377e-06
-1.18367e-06
-4.56444e-06
-1.43983e-06
-4.40739e-06
-1.69202e-06
-4.22086e-06
-1.9345e-06
-4.00343e-06
-2.16046e-06
-3.75441e-06
-2.36201e-06
-3.47413e-06
-2.53039e-06
-3.16437e-06
-2.65628e-06
-2.82873e-06
-2.73036e-06
-2.47292e-06
-2.74416e-06
-2.10491e-06
-2.69107e-06
-1.73474e-06
-2.5675e-06
-1.37406e-06
-2.37405e-06
-1.03531e-06
-2.11628e-06
-7.30673e-07
-1.80512e-06
-4.70862e-07
-1.45643e-06
-2.6419e-07
-1.09e-06
-1.15921e-07
-7.27906e-07
-2.81423e-08
-3.92781e-07
-1.07078e-07
-5.0836e-09
1.37676e-08
-1.95394e-08
4.84297e-08
-4.23858e-08
8.63331e-08
-7.25629e-08
1.24769e-07
-1.09016e-07
1.61937e-07
-1.50754e-07
1.96681e-07
-1.96887e-07
2.28384e-07
-2.46658e-07
2.56866e-07
-2.99446e-07
2.82275e-07
-3.54777e-07
3.04994e-07
-4.1231e-07
3.25559e-07
-4.71833e-07
3.44593e-07
-5.33244e-07
3.62753e-07
-5.96541e-07
3.80696e-07
-6.61804e-07
3.99049e-07
-7.29186e-07
4.18398e-07
-7.98896e-07
4.3927e-07
-8.71189e-07
4.62139e-07
-9.46358e-07
4.87417e-07
-1.02472e-06
5.15458e-07
-1.10661e-06
5.46559e-07
-1.19237e-06
5.80961e-07
-1.28234e-06
6.18844e-07
-1.37685e-06
6.60328e-07
-1.47619e-06
7.05466e-07
-1.58063e-06
7.54236e-07
-1.69039e-06
8.06533e-07
-1.8056e-06
8.62153e-07
-1.92635e-06
9.20789e-07
-2.05259e-06
9.8201e-07
-2.1842e-06
1.04526e-06
-2.32091e-06
1.10983e-06
-2.46235e-06
1.17487e-06
-2.60798e-06
1.23939e-06
-2.75715e-06
1.30225e-06
-2.90905e-06
1.36217e-06
-3.06278e-06
1.41775e-06
-3.21729e-06
1.46752e-06
-3.37147e-06
1.50994e-06
-3.52414e-06
1.54345e-06
-3.67409e-06
1.5665e-06
-3.82012e-06
1.57763e-06
-3.96106e-06
1.57545e-06
-4.0958e-06
1.55874e-06
-4.22333e-06
1.52644e-06
-4.34274e-06
1.47767e-06
-4.45323e-06
1.41175e-06
-4.55412e-06
1.3282e-06
-4.64482e-06
1.22674e-06
-4.72483e-06
1.10727e-06
-4.7937e-06
9.69846e-07
-4.85101e-06
8.14667e-07
-4.8963e-06
6.42077e-07
-4.92905e-06
4.52551e-07
-4.94866e-06
2.4671e-07
-4.95433e-06
2.53353e-08
-4.9451e-06
-2.10556e-07
-4.91975e-06
-4.59699e-07
-4.87679e-06
-7.20441e-07
-4.81442e-06
-9.90641e-07
-4.73055e-06
-1.26753e-06
-4.62283e-06
-1.54754e-06
-4.48872e-06
-1.82614e-06
-4.32561e-06
-2.09761e-06
-4.1311e-06
-2.35497e-06
-3.90326e-06
-2.58985e-06
-3.64104e-06
-2.7926e-06
-3.34481e-06
-2.95251e-06
-3.0168e-06
-3.05837e-06
-2.66167e-06
-3.0993e-06
-2.28675e-06
-3.06599e-06
-1.90218e-06
-2.95208e-06
-1.52048e-06
-2.75574e-06
-1.15579e-06
-2.48097e-06
-8.22618e-07
-2.13829e-06
-5.34411e-07
-1.74464e-06
-3.02207e-07
-1.32221e-06
-1.33678e-07
-8.96435e-07
-3.27917e-08
-4.93668e-07
-1.39869e-07
-6.11037e-09
1.98779e-08
-2.32512e-08
6.55706e-08
-5.00642e-08
1.13146e-07
-8.51479e-08
1.59852e-07
-1.27152e-07
2.03941e-07
-1.74839e-07
2.44368e-07
-2.27123e-07
2.80669e-07
-2.83095e-07
3.12838e-07
-3.42026e-07
3.41205e-07
-4.0336e-07
3.66328e-07
-4.66706e-07
3.88905e-07
-5.31817e-07
4.09704e-07
-5.98573e-07
4.29509e-07
-6.66959e-07
4.49081e-07
-7.37048e-07
4.69139e-07
-8.08987e-07
4.90336e-07
-8.82977e-07
5.1326e-07
-9.59264e-07
5.38426e-07
-1.03813e-06
5.66279e-07
-1.11986e-06
5.97196e-07
-1.20479e-06
6.31483e-07
-1.29321e-06
6.69381e-07
-1.38543e-06
7.11064e-07
-1.48173e-06
7.56629e-07
-1.58236e-06
8.06097e-07
-1.68752e-06
8.594e-07
-1.79737e-06
9.16376e-07
-1.91197e-06
9.76751e-07
-2.03131e-06
1.04013e-06
-2.15529e-06
1.10599e-06
-2.2837e-06
1.17366e-06
-2.41619e-06
1.24232e-06
-2.55233e-06
1.31101e-06
-2.69154e-06
1.3786e-06
-2.83311e-06
1.44383e-06
-2.97625e-06
1.50531e-06
-3.12006e-06
1.56156e-06
-3.26355e-06
1.61102e-06
-3.40571e-06
1.6521e-06
-3.54549e-06
1.68322e-06
-3.68184e-06
1.70285e-06
-3.81377e-06
1.70956e-06
-3.94035e-06
1.70203e-06
-4.06074e-06
1.67913e-06
-4.17419e-06
1.6399e-06
-4.28009e-06
1.58357e-06
-4.37793e-06
1.50958e-06
-4.4673e-06
1.41757e-06
-4.54789e-06
1.30734e-06
-4.61947e-06
1.17885e-06
-4.6818e-06
1.03218e-06
-4.7347e-06
8.67561e-07
-4.7779e-06
6.8528e-07
-4.81109e-06
4.85739e-07
-4.83381e-06
2.6943e-07
-4.84543e-06
3.69632e-08
-4.84512e-06
-2.10871e-07
-4.83174e-06
-4.73083e-07
-4.80383e-06
-7.48348e-07
-4.75957e-06
-1.0349e-06
-4.69673e-06
-1.33037e-06
-4.61266e-06
-1.63161e-06
-4.50436e-06
-1.93443e-06
-4.36855e-06
-2.23342e-06
-4.20186e-06
-2.52165e-06
-4.00116e-06
-2.79056e-06
-3.76395e-06
-3.02982e-06
-3.48893e-06
-3.22753e-06
-3.17668e-06
-3.37062e-06
-2.83029e-06
-3.44569e-06
-2.45598e-06
-3.44029e-06
-2.06344e-06
-3.34462e-06
-1.66565e-06
-3.15353e-06
-1.27822e-06
-2.8684e-06
-9.18037e-07
-2.49848e-06
-6.01558e-07
-2.06112e-06
-3.43017e-07
-1.58075e-06
-1.53031e-07
-1.08642e-06
-3.79556e-08
-6.08743e-07
-1.77825e-07
-7.19338e-09
2.70713e-08
-2.71568e-08
8.5534e-08
-5.81215e-08
1.44111e-07
-9.83134e-08
2.00044e-07
-1.46059e-07
2.51687e-07
-1.99853e-07
2.98162e-07
-2.58397e-07
3.39213e-07
-3.20618e-07
3.75058e-07
-3.85665e-07
4.06252e-07
-4.52899e-07
4.33562e-07
-5.2187e-07
4.57877e-07
-5.92294e-07
4.80128e-07
-6.64025e-07
5.0124e-07
-7.37032e-07
5.22088e-07
-8.11376e-07
5.43483e-07
-8.8719e-07
5.66151e-07
-9.64665e-07
5.90734e-07
-1.04403e-06
6.1779e-07
-1.12554e-06
6.47791e-07
-1.20947e-06
6.81129e-07
-1.29611e-06
7.18118e-07
-1.38572e-06
7.58994e-07
-1.47857e-06
8.03913e-07
-1.57489e-06
8.52947e-07
-1.67487e-06
9.06078e-07
-1.77866e-06
9.63189e-07
-1.88634e-06
1.02405e-06
-1.99791e-06
1.08832e-06
-2.1133e-06
1.15552e-06
-2.23234e-06
1.22503e-06
-2.35474e-06
1.29607e-06
-2.48014e-06
1.36772e-06
-2.60803e-06
1.4389e-06
-2.73783e-06
1.5084e-06
-2.86884e-06
1.57484e-06
-3.00029e-06
1.63676e-06
-3.13134e-06
1.69261e-06
-3.26111e-06
1.74079e-06
-3.3887e-06
1.77969e-06
-3.51324e-06
1.80776e-06
-3.63387e-06
1.82349e-06
-3.74982e-06
1.82551e-06
-3.8604e-06
1.81261e-06
-3.96502e-06
1.78374e-06
-4.06319e-06
1.73807e-06
-4.15455e-06
1.67493e-06
-4.23886e-06
1.59389e-06
-4.31594e-06
1.49466e-06
-4.38572e-06
1.37712e-06
-4.44816e-06
1.24128e-06
-4.50325e-06
1.08728e-06
-4.55099e-06
9.15292e-07
-4.5913e-06
7.2559e-07
-4.62404e-06
5.18485e-07
-4.64896e-06
2.94345e-07
-4.6656e-06
5.36076e-08
-4.6733e-06
-2.03174e-07
-4.67109e-06
-4.75293e-07
-4.65765e-06
-7.61785e-07
-4.63125e-06
-1.06131e-06
-4.58964e-06
-1.37198e-06
-4.53008e-06
-1.69117e-06
-4.44926e-06
-2.01525e-06
-4.3434e-06
-2.33928e-06
-4.20835e-06
-2.65671e-06
-4.03984e-06
-2.95906e-06
-3.83393e-06
-3.23572e-06
-3.58758e-06
-3.47388e-06
-3.29939e-06
-3.65882e-06
-2.97048e-06
-3.7746e-06
-2.60539e-06
-3.80538e-06
-2.21269e-06
-3.73731e-06
-1.80526e-06
-3.56097e-06
-1.39973e-06
-3.27393e-06
-1.01526e-06
-2.88295e-06
-6.715e-07
-2.40488e-06
-3.86336e-07
-1.86591e-06
-1.73932e-07
-1.29882e-06
-4.36432e-08
-7.39032e-07
-2.21468e-07
-8.33531e-09
3.54066e-08
-3.12625e-08
1.08461e-07
-6.65651e-08
1.79414e-07
-1.12061e-07
2.45541e-07
-1.65726e-07
3.05352e-07
-2.25762e-07
3.58198e-07
-2.90641e-07
4.04092e-07
-3.59113e-07
4.4353e-07
-4.30199e-07
4.77338e-07
-5.03169e-07
5.06532e-07
-5.77511e-07
5.32219e-07
-6.52899e-07
5.55516e-07
-7.29158e-07
5.77499e-07
-8.06236e-07
5.99167e-07
-8.84179e-07
6.21425e-07
-9.63102e-07
6.45074e-07
-1.04318e-06
6.70809e-07
-1.12461e-06
6.99226e-07
-1.20764e-06
7.30819e-07
-1.29251e-06
7.65995e-07
-1.37946e-06
8.05067e-07
-1.46872e-06
8.48261e-07
-1.56052e-06
8.95713e-07
-1.65504e-06
9.47462e-07
-1.75241e-06
1.00345e-06
-1.85272e-06
1.0635e-06
-1.95601e-06
1.12734e-06
-2.06221e-06
1.19452e-06
-2.17119e-06
1.26451e-06
-2.28274e-06
1.33658e-06
-2.39654e-06
1.40987e-06
-2.51218e-06
1.48336e-06
-2.62917e-06
1.55589e-06
-2.74691e-06
1.62614e-06
-2.86477e-06
1.69269e-06
-2.98204e-06
1.75402e-06
-3.09796e-06
1.80853e-06
-3.21179e-06
1.85462e-06
-3.32278e-06
1.89069e-06
-3.43024e-06
1.91522e-06
-3.53352e-06
1.92677e-06
-3.63207e-06
1.92406e-06
-3.72542e-06
1.90595e-06
-3.81321e-06
1.87153e-06
-3.8952e-06
1.82006e-06
-3.97124e-06
1.75098e-06
-4.04131e-06
1.66395e-06
-4.10543e-06
1.55878e-06
-4.16371e-06
1.4354e-06
-4.2163e-06
1.29387e-06
-4.26335e-06
1.13433e-06
-4.30503e-06
9.56972e-07
-4.34145e-06
7.62007e-07
-4.37264e-06
5.49676e-07
-4.39853e-06
3.20234e-07
-4.41888e-06
7.39548e-08
-4.43322e-06
-1.88828e-07
-4.44082e-06
-4.67692e-07
-4.44057e-06
-7.62033e-07
-4.43092e-06
-1.07096e-06
-4.40978e-06
-1.39312e-06
-4.37445e-06
-1.72651e-06
-4.32152e-06
-2.06817e-06
-4.24692e-06
-2.41388e-06
-4.14593e-06
-2.75771e-06
-4.01337e-06
-3.09163e-06
-3.84396e-06
-3.40513e-06
-3.63291e-06
-3.68493e-06
-3.3767e-06
-3.91502e-06
-3.07414e-06
-4.07716e-06
-2.72749e-06
-4.15203e-06
-2.34355e-06
-4.12126e-06
-1.93428e-06
-3.97023e-06
-1.51677e-06
-3.69145e-06
-1.11205e-06
-3.28766e-06
-7.43032e-07
-2.7739e-06
-4.31639e-07
-2.1773e-06
-1.96218e-07
-1.53425e-06
-4.98341e-08
-8.85416e-07
-2.71302e-07
-9.54077e-09
4.49474e-08
-3.55819e-08
1.34502e-07
-7.54165e-08
2.19248e-07
-1.26416e-07
2.9654e-07
-1.8617e-07
3.65106e-07
-2.52566e-07
4.24595e-07
-3.23827e-07
4.75352e-07
-3.98515e-07
5.18218e-07
-4.75515e-07
5.54338e-07
-5.54002e-07
5.85019e-07
-6.33398e-07
6.11615e-07
-7.13333e-07
6.3545e-07
-7.936e-07
6.57767e-07
-8.74127e-07
6.79693e-07
-9.54935e-07
7.02234e-07
-1.03612e-06
7.26262e-07
-1.11784e-06
7.52526e-07
-1.20027e-06
7.81655e-07
-1.28362e-06
8.14167e-07
-1.36809e-06
8.50472e-07
-1.45391e-06
8.90883e-07
-1.54126e-06
9.35611e-07
-1.63031e-06
9.84767e-07
-1.72121e-06
1.03836e-06
-1.81404e-06
1.09628e-06
-1.90883e-06
1.1583e-06
-2.00558e-06
1.22408e-06
-2.10418e-06
1.29312e-06
-2.20446e-06
1.36479e-06
-2.30618e-06
1.4383e-06
-2.40901e-06
1.51269e-06
-2.51253e-06
1.58689e-06
-2.61628e-06
1.65964e-06
-2.71971e-06
1.72957e-06
-2.82224e-06
1.79522e-06
-2.92326e-06
1.85504e-06
-3.02214e-06
1.90741e-06
-3.11828e-06
1.95076e-06
-3.21111e-06
1.98352e-06
-3.30012e-06
2.00422e-06
-3.38485e-06
2.01151e-06
-3.46498e-06
2.00418e-06
-3.54023e-06
1.98121e-06
-3.61048e-06
1.94178e-06
-3.67566e-06
1.88524e-06
-3.73583e-06
1.81116e-06
-3.79113e-06
1.71925e-06
-3.84176e-06
1.60941e-06
-3.88798e-06
1.48161e-06
-3.93008e-06
1.33597e-06
-3.96837e-06
1.17262e-06
-4.00315e-06
9.91751e-07
-4.03468e-06
7.93544e-07
-4.06319e-06
5.78179e-07
-4.08876e-06
3.4581e-07
-4.11138e-06
9.65725e-08
-4.13081e-06
-1.694e-07
-4.14655e-06
-4.51947e-07
-4.15777e-06
-7.50812e-07
-4.16319e-06
-1.06554e-06
-4.16096e-06
-1.39535e-06
-4.14857e-06
-1.73889e-06
-4.12276e-06
-2.09399e-06
-4.07936e-06
-2.45728e-06
-4.01335e-06
-2.82372e-06
-3.9189e-06
-3.18608e-06
-3.78966e-06
-3.53437e-06
-3.61922e-06
-3.85537e-06
-3.40195e-06
-4.1323e-06
-3.1341e-06
-4.34501e-06
-2.8152e-06
-4.47092e-06
-2.44955e-06
-4.48692e-06
-2.04736e-06
-4.37242e-06
-1.6253e-06
-4.1135e-06
-1.20574e-06
-3.70722e-06
-8.14617e-07
-3.16503e-06
-4.78196e-07
-2.51373e-06
-2.19634e-07
-1.79281e-06
-5.64836e-08
-1.04857e-06
-3.27786e-07
-1.08168e-08
5.57642e-08
-4.01371e-08
1.63822e-07
-8.47139e-08
2.63825e-07
-1.41426e-07
3.53253e-07
-2.07442e-07
4.31122e-07
-2.80306e-07
4.97458e-07
-3.57974e-07
5.5302e-07
-4.38809e-07
5.99053e-07
-5.21554e-07
6.37084e-07
-6.05286e-07
6.6875e-07
-6.89359e-07
6.95689e-07
-7.73359e-07
7.1945e-07
-8.57049e-07
7.41457e-07
-9.4033e-07
7.62974e-07
-1.0232e-06
7.85108e-07
-1.10575e-06
8.08806e-07
-1.18809e-06
8.34867e-07
-1.27038e-06
8.6395e-07
-1.35281e-06
8.96592e-07
-1.43554e-06
9.33208e-07
-1.51876e-06
9.74103e-07
-1.60262e-06
1.01947e-06
-1.68726e-06
1.0694e-06
-1.77276e-06
1.12386e-06
-1.85918e-06
1.1827e-06
-1.94652e-06
1.24564e-06
-2.03472e-06
1.31229e-06
-2.12367e-06
1.38207e-06
-2.21316e-06
1.45429e-06
-2.30296e-06
1.52809e-06
-2.39273e-06
1.60246e-06
-2.4821e-06
1.67625e-06
-2.57063e-06
1.74817e-06
-2.65786e-06
1.81681e-06
-2.7433e-06
1.88066e-06
-2.82645e-06
1.93818e-06
-2.90682e-06
1.98779e-06
-2.98398e-06
2.02791e-06
-3.05751e-06
2.05705e-06
-3.1271e-06
2.07381e-06
-3.19249e-06
2.0769e-06
-3.25354e-06
2.06522e-06
-3.31018e-06
2.03785e-06
-3.36244e-06
1.99404e-06
-3.41046e-06
1.93326e-06
-3.45445e-06
1.85514e-06
-3.49467e-06
1.75948e-06
-3.53148e-06
1.64622e-06
-3.56526e-06
1.51539e-06
-3.59642e-06
1.36713e-06
-3.62539e-06
1.20159e-06
-3.6526e-06
1.01896e-06
-3.67844e-06
8.19389e-07
-3.70328e-06
6.03017e-07
-3.72739e-06
3.6992e-07
-3.75094e-06
1.20115e-07
-3.7739e-06
-1.46434e-07
-3.79605e-06
-4.29798e-07
-3.81683e-06
-7.30035e-07
-3.83526e-06
-1.04711e-06
-3.84984e-06
-1.38077e-06
-3.85838e-06
-1.73035e-06
-3.85788e-06
-2.0945e-06
-3.84435e-06
-2.47081e-06
-3.81275e-06
-2.85532e-06
-3.75692e-06
-3.24191e-06
-3.66974e-06
-3.62155e-06
-3.54351e-06
-3.9816e-06
-3.37064e-06
-4.30517e-06
-3.14478e-06
-4.57087e-06
-2.86241e-06
-4.75329e-06
-2.52467e-06
-4.82466e-06
-2.13915e-06
-4.75794e-06
-1.7211e-06
-4.53155e-06
-1.29336e-06
-4.13496e-06
-8.84464e-07
-3.57392e-06
-5.25114e-07
-2.87307e-06
-2.43848e-07
-2.07407e-06
-6.35275e-08
-1.22889e-06
-3.91313e-07
-1.21737e-08
6.7938e-08
-4.49611e-08
1.9661e-07
-9.45158e-08
3.1338e-07
-1.57171e-07
4.15908e-07
-2.29632e-07
5.03583e-07
-3.09069e-07
5.76895e-07
-3.93151e-07
6.37102e-07
-4.80033e-07
6.85935e-07
-5.68311e-07
7.25362e-07
-6.56963e-07
7.57402e-07
-7.45279e-07
7.84005e-07
-8.328e-07
8.06972e-07
-9.19262e-07
8.27918e-07
-1.00454e-06
8.48254e-07
-1.08862e-06
8.6919e-07
-1.17156e-06
8.91745e-07
-1.25346e-06
9.16767e-07
-1.33446e-06
9.44947e-07
-1.4147e-06
9.76833e-07
-1.49434e-06
1.01284e-06
-1.57351e-06
1.05328e-06
-1.65234e-06
1.09831e-06
-1.73094e-06
1.14799e-06
-1.80936e-06
1.20228e-06
-1.88762e-06
1.26096e-06
-1.96571e-06
1.32373e-06
-2.04354e-06
1.39012e-06
-2.12098e-06
1.45951e-06
-2.19785e-06
1.53116e-06
-2.27391e-06
1.60415e-06
-2.34886e-06
1.67741e-06
-2.42237e-06
1.74977e-06
-2.49409e-06
1.81989e-06
-2.56364e-06
1.88635e-06
-2.63063e-06
1.94765e-06
-2.69469e-06
2.00225e-06
-2.7555e-06
2.0486e-06
-2.81277e-06
2.08518e-06
-2.86627e-06
2.11055e-06
-2.91586e-06
2.12339e-06
-2.96146e-06
2.1225e-06
-3.0031e-06
2.10687e-06
-3.0409e-06
2.07564e-06
-3.07504e-06
2.02818e-06
-3.1058e-06
1.96402e-06
-3.13352e-06
1.88286e-06
-3.1586e-06
1.78456e-06
-3.1815e-06
1.66911e-06
-3.2027e-06
1.53659e-06
-3.22271e-06
1.38714e-06
-3.24206e-06
1.22094e-06
-3.26128e-06
1.03818e-06
-3.28088e-06
8.38988e-07
-3.30134e-06
6.23475e-07
-3.32308e-06
3.91657e-07
-3.34642e-06
1.43457e-07
-3.37155e-06
-1.21298e-07
-3.39848e-06
-4.02874e-07
-3.42691e-06
-7.01602e-07
-3.4562e-06
-1.01782e-06
-3.48521e-06
-1.35176e-06
-3.51215e-06
-1.70341e-06
-3.53442e-06
-2.07223e-06
-3.54841e-06
-2.45682e-06
-3.54932e-06
-2.85441e-06
-3.53101e-06
-3.26022e-06
-3.486e-06
-3.66655e-06
-3.40568e-06
-4.06192e-06
-3.28081e-06
-4.43003e-06
-3.10264e-06
-4.74904e-06
-2.86447e-06
-4.99147e-06
-2.56378e-06
-5.12534e-06
-2.2047e-06
-5.11702e-06
-1.79997e-06
-4.93628e-06
-1.37181e-06
-4.56312e-06
-9.50625e-07
-3.99511e-06
-5.71384e-07
-3.25232e-06
-2.68466e-07
-2.37699e-06
-7.08855e-08
-1.42647e-06
-4.62199e-07
-1.36259e-08
8.15638e-08
-5.01003e-08
2.33084e-07
-1.04906e-07
3.68185e-07
-1.73767e-07
4.84769e-07
-2.52874e-07
5.8269e-07
-3.38991e-07
6.63012e-07
-4.29481e-07
7.27591e-07
-5.22279e-07
7.78734e-07
-6.15835e-07
8.18918e-07
-7.09029e-07
8.50596e-07
-8.01091e-07
8.76067e-07
-8.91527e-07
8.97407e-07
-9.80046e-07
9.16437e-07
-1.06651e-06
9.34718e-07
-1.15089e-06
9.53565e-07
-1.23321e-06
9.74072e-07
-1.31358e-06
9.97133e-07
-1.3921e-06
1.02346e-06
-1.46889e-06
1.05363e-06
-1.54409e-06
1.08804e-06
-1.61781e-06
1.12699e-06
-1.69014e-06
1.17064e-06
-1.76118e-06
1.21903e-06
-1.83094e-06
1.27204e-06
-1.89945e-06
1.32947e-06
-1.96667e-06
1.39095e-06
-2.03251e-06
1.45596e-06
-2.09685e-06
1.52386e-06
-2.15953e-06
1.59384e-06
-2.22034e-06
1.66495e-06
-2.27903e-06
1.73611e-06
-2.33535e-06
1.80609e-06
-2.38903e-06
1.87356e-06
-2.43978e-06
1.9371e-06
-2.48735e-06
1.99522e-06
-2.53151e-06
2.04641e-06
-2.57208e-06
2.08917e-06
-2.60893e-06
2.12203e-06
-2.64201e-06
2.14364e-06
-2.67134e-06
2.15272e-06
-2.69702e-06
2.14818e-06
-2.71923e-06
2.12907e-06
-2.73822e-06
2.09464e-06
-2.75434e-06
2.0443e-06
-2.76798e-06
1.97766e-06
-2.77961e-06
1.89448e-06
-2.78971e-06
1.79467e-06
-2.79883e-06
1.67824e-06
-2.80755e-06
1.54531e-06
-2.81646e-06
1.39605e-06
-2.82615e-06
1.23064e-06
-2.83724e-06
1.04926e-06
-2.85032e-06
8.52069e-07
-2.86597e-06
6.39122e-07
-2.88471e-06
4.10398e-07
-2.907e-06
1.65751e-07
-2.9332e-06
-9.51019e-08
-2.96349e-06
-3.72585e-07
-2.99783e-06
-6.67253e-07
-3.0359e-06
-9.79756e-07
-3.0769e-06
-1.31076e-06
-3.11949e-06
-1.66082e-06
-3.16156e-06
-2.03016e-06
-3.20001e-06
-2.41837e-06
-3.23051e-06
-2.82391e-06
-3.24729e-06
-3.24344e-06
-3.2429e-06
-3.67094e-06
-3.20827e-06
-4.09655e-06
-3.13304e-06
-4.50526e-06
-3.00637e-06
-4.87571e-06
-2.81848e-06
-5.17936e-06
-2.56299e-06
-5.38083e-06
-2.2398e-06
-5.44021e-06
-1.85805e-06
-5.31802e-06
-1.43808e-06
-4.9831e-06
-1.0111e-06
-4.42209e-06
-6.15928e-07
-3.64749e-06
-2.9306e-07
-2.69986e-06
-7.84661e-08
-1.64106e-06
-5.40665e-07
-1.51931e-08
9.67569e-08
-5.56186e-08
2.7351e-07
-1.16e-07
4.28567e-07
-1.91374e-07
5.60143e-07
-2.77357e-07
6.68674e-07
-3.70269e-07
7.55923e-07
-4.67144e-07
8.24467e-07
-5.65695e-07
8.77285e-07
-6.64223e-07
9.17446e-07
-7.6152e-07
9.47893e-07
-8.56767e-07
9.71314e-07
-9.4944e-07
9.90081e-07
-1.03924e-06
1.00623e-06
-1.12601e-06
1.02149e-06
-1.20972e-06
1.03727e-06
-1.29039e-06
1.05475e-06
-1.3681e-06
1.07485e-06
-1.44296e-06
1.09832e-06
-1.51506e-06
1.12573e-06
-1.58452e-06
1.1575e-06
-1.65145e-06
1.19392e-06
-1.71591e-06
1.23511e-06
-1.77797e-06
1.28109e-06
-1.83768e-06
1.33174e-06
-1.89501e-06
1.38681e-06
-1.94995e-06
1.44588e-06
-2.00242e-06
1.50843e-06
-2.05233e-06
1.57376e-06
-2.09955e-06
1.64105e-06
-2.14391e-06
1.70931e-06
-2.18524e-06
1.77745e-06
-2.22337e-06
1.84422e-06
-2.25813e-06
1.90831e-06
-2.28934e-06
1.96831e-06
-2.31688e-06
2.02276e-06
-2.34067e-06
2.0702e-06
-2.36067e-06
2.10917e-06
-2.37692e-06
2.13828e-06
-2.38951e-06
2.15623e-06
-2.39862e-06
2.16184e-06
-2.40451e-06
2.15407e-06
-2.4075e-06
2.13206e-06
-2.40798e-06
2.09512e-06
-2.4064e-06
2.04273e-06
-2.40328e-06
1.97454e-06
-2.39917e-06
1.89037e-06
-2.39465e-06
1.79015e-06
-2.39035e-06
1.67393e-06
-2.3869e-06
1.54186e-06
-2.38495e-06
1.3941e-06
-2.38517e-06
1.23086e-06
-2.38822e-06
1.05231e-06
-2.39475e-06
8.58604e-07
-2.40541e-06
6.49781e-07
-2.4208e-06
4.25786e-07
-2.44147e-06
1.86419e-07
-2.46788e-06
-6.8687e-08
-2.50039e-06
-3.40078e-07
-2.53916e-06
-6.28485e-07
-2.58411e-06
-9.34809e-07
-2.6348e-06
-1.26007e-06
-2.69031e-06
-1.6053e-06
-2.74906e-06
-1.97141e-06
-2.80855e-06
-2.35888e-06
-2.86511e-06
-2.76735e-06
-2.91355e-06
-3.195e-06
-2.94688e-06
-3.63761e-06
-2.95608e-06
-4.08734e-06
-2.93018e-06
-4.53116e-06
-2.8568e-06
-4.9491e-06
-2.72344e-06
-5.31272e-06
-2.51983e-06
-5.58444e-06
-2.24118e-06
-5.71886e-06
-1.89199e-06
-5.66721e-06
-1.48933e-06
-5.38576e-06
-1.06394e-06
-4.84748e-06
-6.57667e-07
-4.05376e-06
-3.17186e-07
-3.04034e-06
-8.61726e-08
-1.87208e-06
-6.26838e-07
-1.69022e-08
1.13659e-07
-6.16026e-08
3.1821e-07
-1.27953e-07
4.94917e-07
-2.10205e-07
6.42395e-07
-3.03332e-07
7.61801e-07
-4.03161e-07
8.55753e-07
-5.06383e-07
9.27688e-07
-6.10479e-07
9.81381e-07
-7.13612e-07
1.02058e-06
-8.145e-07
1.04878e-06
-9.12289e-07
1.0691e-06
-1.00644e-06
1.08424e-06
-1.09666e-06
1.09645e-06
-1.1828e-06
1.10763e-06
-1.26482e-06
1.1193e-06
-1.34276e-06
1.13268e-06
-1.41669e-06
1.14877e-06
-1.4867e-06
1.16833e-06
-1.5529e-06
1.19193e-06
-1.61539e-06
1.21999e-06
-1.67426e-06
1.25279e-06
-1.72959e-06
1.29044e-06
-1.78143e-06
1.33293e-06
-1.82982e-06
1.38013e-06
-1.87477e-06
1.43176e-06
-1.91626e-06
1.48737e-06
-1.95424e-06
1.54642e-06
-1.98867e-06
1.60819e-06
-2.01945e-06
1.67183e-06
-2.04649e-06
1.73635e-06
-2.06969e-06
1.80065e-06
-2.08898e-06
1.86351e-06
-2.10428e-06
1.92361e-06
-2.11556e-06
1.97959e-06
-2.12281e-06
2.03001e-06
-2.12608e-06
2.07347e-06
-2.1255e-06
2.10858e-06
-2.12123e-06
2.13401e-06
-2.11353e-06
2.14853e-06
-2.10272e-06
2.15103e-06
-2.08919e-06
2.14054e-06
-2.07339e-06
2.11626e-06
-2.05582e-06
2.07756e-06
-2.03706e-06
2.02397e-06
-2.0177e-06
1.95519e-06
-1.99839e-06
1.87105e-06
-1.97977e-06
1.77153e-06
-1.96253e-06
1.6567e-06
-1.94736e-06
1.52669e-06
-1.93497e-06
1.38171e-06
-1.92606e-06
1.22194e-06
-1.92132e-06
1.04757e-06
-1.92144e-06
8.58733e-07
-1.92712e-06
6.55456e-07
-1.93899e-06
4.37656e-07
-1.95766e-06
2.05091e-07
-1.98368e-06
-4.26656e-08
-2.01751e-06
-3.06253e-07
-2.05946e-06
-5.86536e-07
-2.10966e-06
-8.84603e-07
-2.16798e-06
-1.20174e-06
-2.23389e-06
-1.53939e-06
-2.30631e-06
-1.899e-06
-2.38337e-06
-2.28182e-06
-2.46215e-06
-2.68857e-06
-2.53828e-06
-3.11888e-06
-2.60551e-06
-3.57038e-06
-2.65535e-06
-4.0375e-06
-2.67681e-06
-4.5097e-06
-2.65659e-06
-4.96932e-06
-2.58007e-06
-5.38925e-06
-2.43334e-06
-5.73117e-06
-2.20669e-06
-5.9455e-06
-1.89915e-06
-5.97475e-06
-1.52314e-06
-5.76178e-06
-1.10735e-06
-5.26327e-06
-6.95573e-07
-4.46553e-06
-3.4042e-07
-3.39549e-06
-9.39108e-08
-2.11858e-06
-7.20748e-07
-1.87896e-08
1.32449e-07
-6.81684e-08
3.67589e-07
-1.40972e-07
5.67721e-07
-2.30543e-07
7.31965e-07
-3.31123e-07
8.62382e-07
-4.38001e-07
9.62631e-07
-5.47499e-07
1.03719e-06
-6.56873e-07
1.09075e-06
-7.64163e-07
1.12787e-06
-8.68033e-07
1.15265e-06
-9.67617e-07
1.16869e-06
-1.0624e-06
1.17901e-06
-1.15209e-06
1.18614e-06
-1.23657e-06
1.19211e-06
-1.31583e-06
1.19855e-06
-1.38991e-06
1.20677e-06
-1.4589e-06
1.21777e-06
-1.5229e-06
1.23233e-06
-1.58203e-06
1.25105e-06
-1.63637e-06
1.27434e-06
-1.68603e-06
1.30245e-06
-1.73109e-06
1.33549e-06
-1.77161e-06
1.37345e-06
-1.80764e-06
1.41616e-06
-1.83921e-06
1.46332e-06
-1.86632e-06
1.51448e-06
-1.88897e-06
1.56907e-06
-1.90714e-06
1.62636e-06
-1.92082e-06
1.68551e-06
-1.92999e-06
1.74552e-06
-1.93463e-06
1.80529e-06
-1.93475e-06
1.86364e-06
-1.9304e-06
1.91926e-06
-1.92166e-06
1.97084e-06
-1.90865e-06
2.017e-06
-1.89156e-06
2.05639e-06
-1.87065e-06
2.08767e-06
-1.84623e-06
2.10959e-06
-1.81868e-06
2.12098e-06
-1.78845e-06
2.1208e-06
-1.75605e-06
2.10814e-06
-1.72206e-06
2.08227e-06
-1.68709e-06
2.04258e-06
-1.65178e-06
1.98866e-06
-1.61683e-06
1.92023e-06
-1.58294e-06
1.83716e-06
-1.55083e-06
1.73942e-06
-1.52124e-06
1.6271e-06
-1.49489e-06
1.50035e-06
-1.47253e-06
1.35935e-06
-1.45488e-06
1.20429e-06
-1.44267e-06
1.03536e-06
-1.43661e-06
8.5267e-07
-1.43739e-06
6.56232e-07
-1.44567e-06
4.4594e-07
-1.4621e-06
2.2152e-07
-1.48726e-06
-1.75019e-08
-1.52168e-06
-2.71832e-07
-1.56579e-06
-5.42426e-07
-1.61989e-06
-8.3051e-07
-1.68406e-06
-1.13757e-06
-1.75813e-06
-1.46533e-06
-1.84146e-06
-1.81566e-06
-1.93283e-06
-2.19045e-06
-2.03007e-06
-2.59133e-06
-2.12973e-06
-3.01921e-06
-2.22657e-06
-3.47354e-06
-2.31299e-06
-3.95108e-06
-2.37854e-06
-4.44415e-06
-2.40973e-06
-4.93813e-06
-2.39049e-06
-5.40849e-06
-2.30384e-06
-5.81782e-06
-2.13524e-06
-6.11411e-06
-1.87763e-06
-6.23236e-06
-1.53749e-06
-6.10191e-06
-1.13977e-06
-5.66099e-06
-7.28741e-07
-4.87656e-06
-3.62388e-07
-3.76184e-06
-1.016e-07
-2.37937e-06
-8.22349e-07
-2.09049e-08
1.53354e-07
-7.54723e-08
4.22157e-07
-1.55331e-07
6.4758e-07
-2.52755e-07
8.29389e-07
-3.61148e-07
9.70775e-07
-4.75202e-07
1.07668e-06
-5.90856e-07
1.15284e-06
-7.05151e-07
1.20505e-06
-8.16031e-07
1.23875e-06
-9.22139e-07
1.25876e-06
-1.02264e-06
1.26918e-06
-1.11704e-06
1.27342e-06
-1.20513e-06
1.27423e-06
-1.28682e-06
1.27381e-06
-1.36215e-06
1.27388e-06
-1.4312e-06
1.27581e-06
-1.49407e-06
1.28064e-06
-1.5509e-06
1.28916e-06
-1.60181e-06
1.30196e-06
-1.64691e-06
1.31944e-06
-1.68631e-06
1.34185e-06
-1.72011e-06
1.36929e-06
-1.74839e-06
1.40173e-06
-1.77121e-06
1.43898e-06
-1.78862e-06
1.48074e-06
-1.80068e-06
1.52654e-06
-1.80742e-06
1.57581e-06
-1.80889e-06
1.62782e-06
-1.80511e-06
1.68173e-06
-1.79615e-06
1.73656e-06
-1.7821e-06
1.79124e-06
-1.76305e-06
1.84459e-06
-1.73916e-06
1.89537e-06
-1.71061e-06
1.9423e-06
-1.67768e-06
1.98407e-06
-1.64065e-06
2.01937e-06
-1.59992e-06
2.04694e-06
-1.55591e-06
2.06559e-06
-1.50915e-06
2.07421e-06
-1.46019e-06
2.07184e-06
-1.40965e-06
2.0576e-06
-1.3582e-06
2.03082e-06
-1.30655e-06
1.99093e-06
-1.25543e-06
1.93754e-06
-1.20559e-06
1.8704e-06
-1.15781e-06
1.78938e-06
-1.11286e-06
1.69447e-06
-1.07151e-06
1.58575e-06
-1.03452e-06
1.46336e-06
-1.00266e-06
1.32749e-06
-9.76676e-07
1.17831e-06
-9.57294e-07
1.01598e-06
-9.4523e-07
8.40605e-07
-9.41178e-07
6.5218e-07
-9.4581e-07
4.50572e-07
-9.59769e-07
2.35479e-07
-9.83664e-07
6.39344e-09
-1.01806e-06
-2.37439e-07
-1.06345e-06
-4.9703e-07
-1.12026e-06
-7.73699e-07
-1.18877e-06
-1.06906e-06
-1.26907e-06
-1.38503e-06
-1.36094e-06
-1.72379e-06
-1.46369e-06
-2.0877e-06
-1.57592e-06
-2.4791e-06
-1.69513e-06
-2.90001e-06
-1.81719e-06
-3.35148e-06
-1.9357e-06
-3.83257e-06
-2.04127e-06
-4.33859e-06
-2.12086e-06
-4.85854e-06
-2.15777e-06
-5.37158e-06
-2.13269e-06
-5.84289e-06
-2.02666e-06
-6.22014e-06
-1.82626e-06
-6.43276e-06
-1.53089e-06
-6.39728e-06
-1.15996e-06
-6.03192e-06
-7.56436e-07
-5.28009e-06
-3.82807e-07
-4.13547e-06
-1.09186e-07
-2.65299e-06
-9.31534e-07
-2.33158e-08
1.76669e-07
-8.37252e-08
4.82566e-07
-1.71393e-07
7.35248e-07
-2.77317e-07
9.35313e-07
-3.93929e-07
1.08739e-06
-5.15262e-07
1.19802e-06
-6.36864e-07
1.27444e-06
-7.55586e-07
1.32377e-06
-8.69319e-07
1.35248e-06
-9.76736e-07
1.36618e-06
-1.07707e-06
1.36951e-06
-1.16992e-06
1.36628e-06
-1.25516e-06
1.35947e-06
-1.33278e-06
1.35143e-06
-1.4029e-06
1.34399e-06
-1.46564e-06
1.33855e-06
-1.52116e-06
1.33617e-06
-1.56963e-06
1.33763e-06
-1.61121e-06
1.34353e-06
-1.64603e-06
1.35426e-06
-1.67422e-06
1.37004e-06
-1.6959e-06
1.39098e-06
-1.71117e-06
1.41701e-06
-1.72013e-06
1.44794e-06
-1.72287e-06
1.48347e-06
-1.71946e-06
1.52313e-06
-1.70999e-06
1.56634e-06
-1.69456e-06
1.61239e-06
-1.67327e-06
1.66044e-06
-1.64626e-06
1.70955e-06
-1.61369e-06
1.75867e-06
-1.57577e-06
1.80666e-06
-1.53273e-06
1.85234e-06
-1.48489e-06
1.89446e-06
-1.43261e-06
1.93178e-06
-1.37631e-06
1.96307e-06
-1.31648e-06
1.98711e-06
-1.25368e-06
2.00278e-06
-1.18851e-06
2.00905e-06
-1.12165e-06
2.00497e-06
-1.0538e-06
1.98976e-06
-9.85726e-07
1.96274e-06
-9.1821e-07
1.92341e-06
-8.52053e-07
1.87138e-06
-7.88074e-07
1.80642e-06
-7.2709e-07
1.72839e-06
-6.69917e-07
1.6373e-06
-6.17362e-07
1.5332e-06
-5.70215e-07
1.41622e-06
-5.29253e-07
1.28652e-06
-4.95228e-07
1.14428e-06
-4.68874e-07
9.89627e-07
-4.509e-07
8.22632e-07
-4.41995e-07
6.43275e-07
-4.4282e-07
4.51398e-07
-4.54016e-07
2.46675e-07
-4.76194e-07
2.85717e-08
-5.0994e-07
-2.03693e-07
-5.55807e-07
-4.51163e-07
-6.1429e-07
-7.15216e-07
-6.8582e-07
-9.97532e-07
-7.70706e-07
-1.30015e-06
-8.6907e-07
-1.62543e-06
-9.8071e-07
-1.97606e-06
-1.1049e-06
-2.35491e-06
-1.24005e-06
-2.76486e-06
-1.38321e-06
-3.20833e-06
-1.52934e-06
-3.68643e-06
-1.67045e-06
-4.19747e-06
-1.79461e-06
-4.73438e-06
-1.88532e-06
-5.28087e-06
-1.92184e-06
-5.80637e-06
-1.88143e-06
-6.26055e-06
-1.74442e-06
-6.56977e-06
-1.50223e-06
-6.63947e-06
-1.16694e-06
-6.36722e-06
-7.78129e-07
-5.6689e-06
-4.01517e-07
-4.51209e-06
-1.16655e-07
-2.93786e-06
-1.04819e-06
-2.61171e-08
2.02786e-07
-9.32157e-08
5.49664e-07
-1.89645e-07
8.31677e-07
-3.04847e-07
1.05051e-06
-4.30119e-07
1.21266e-06
-5.58771e-07
1.32667e-06
-6.85965e-07
1.40164e-06
-8.0841e-07
1.44622e-06
-9.2401e-07
1.46808e-06
-1.03153e-06
1.4737e-06
-1.13035e-06
1.46833e-06
-1.22021e-06
1.45614e-06
-1.30111e-06
1.44037e-06
-1.37318e-06
1.4235e-06
-1.43662e-06
1.40743e-06
-1.49165e-06
1.39358e-06
-1.53849e-06
1.38301e-06
-1.57738e-06
1.37652e-06
-1.60849e-06
1.37465e-06
-1.63202e-06
1.37779e-06
-1.64813e-06
1.38615e-06
-1.65695e-06
1.3998e-06
-1.65862e-06
1.41868e-06
-1.65326e-06
1.44259e-06
-1.64099e-06
1.4712e-06
-1.62194e-06
1.50408e-06
-1.59622e-06
1.54063e-06
-1.564e-06
1.58017e-06
-1.52543e-06
1.62188e-06
-1.48073e-06
1.66485e-06
-1.43012e-06
1.70806e-06
-1.3739e-06
1.75044e-06
-1.31241e-06
1.79084e-06
-1.24604e-06
1.82809e-06
-1.17525e-06
1.861e-06
-1.10057e-06
1.88838e-06
-1.02258e-06
1.90912e-06
-9.41929e-07
1.92213e-06
-8.59323e-07
1.92644e-06
-7.75515e-07
1.92116e-06
-6.91301e-07
1.90554e-06
-6.07507e-07
1.87895e-06
-5.24983e-07
1.84089e-06
-4.44591e-07
1.79099e-06
-3.67198e-07
1.72903e-06
-2.93664e-07
1.65486e-06
-2.2484e-07
1.56847e-06
-1.61556e-07
1.46991e-06
-1.04625e-07
1.35929e-06
-5.48301e-08
1.23673e-06
-1.29303e-08
1.10238e-06
2.03451e-08
9.56352e-07
4.42927e-08
7.98685e-07
5.82352e-08
6.29332e-07
6.15197e-08
4.48113e-07
5.35142e-08
2.5468e-07
3.36034e-08
4.84825e-08
1.1843e-09
-1.71274e-07
-4.43113e-08
-4.05668e-07
-1.03469e-07
-6.56058e-07
-1.7683e-07
-9.24172e-07
-2.64884e-07
-1.21209e-06
-3.68028e-07
-1.52229e-06
-4.86472e-07
-1.85761e-06
-6.20081e-07
-2.2213e-06
-7.681e-07
-2.61684e-06
-9.28701e-07
-3.04772e-06
-1.09829e-06
-3.51684e-06
-1.27052e-06
-4.02525e-06
-1.43504e-06
-4.56985e-06
-1.57637e-06
-5.13955e-06
-1.67332e-06
-5.70943e-06
-1.70032e-06
-6.23354e-06
-1.63183e-06
-6.63826e-06
-1.45072e-06
-6.82058e-06
-1.15999e-06
-6.65794e-06
-7.93515e-07
-6.03538e-06
-4.18526e-07
-4.88708e-06
-1.24057e-07
-3.23232e-06
-1.17225e-06
-2.94429e-08
2.32229e-07
-1.04343e-07
6.24565e-07
-2.10738e-07
9.38072e-07
-3.36146e-07
1.17592e-06
-4.70526e-07
1.34704e-06
-6.06404e-07
1.46255e-06
-7.38591e-07
1.53382e-06
-8.63733e-07
1.57136e-06
-9.79844e-07
1.58419e-06
-1.08589e-06
1.57975e-06
-1.18146e-06
1.5639e-06
-1.26652e-06
1.5412e-06
-1.34127e-06
1.51511e-06
-1.40599e-06
1.48823e-06
-1.46104e-06
1.46248e-06
-1.50675e-06
1.43929e-06
-1.54343e-06
1.4197e-06
-1.57138e-06
1.40447e-06
-1.59086e-06
1.39413e-06
-1.60209e-06
1.38902e-06
-1.60526e-06
1.38932e-06
-1.60057e-06
1.3951e-06
-1.58815e-06
1.40626e-06
-1.56817e-06
1.42261e-06
-1.54078e-06
1.44381e-06
-1.50612e-06
1.46942e-06
-1.46436e-06
1.49888e-06
-1.41571e-06
1.53151e-06
-1.36037e-06
1.56654e-06
-1.2986e-06
1.60308e-06
-1.23072e-06
1.64017e-06
-1.15706e-06
1.67679e-06
-1.07805e-06
1.71184e-06
-9.9417e-07
1.74421e-06
-9.05947e-07
1.77277e-06
-8.1399e-07
1.79642e-06
-7.18964e-07
1.81409e-06
-6.21596e-07
1.82476e-06
-5.22664e-07
1.82751e-06
-4.22992e-07
1.82149e-06
-3.2344e-07
1.80599e-06
-2.24893e-07
1.7804e-06
-1.28255e-07
1.74425e-06
-3.44358e-08
1.69717e-06
5.56599e-08
1.63893e-06
1.41136e-07
1.56938e-06
2.21117e-07
1.48849e-06
2.9475e-07
1.39628e-06
3.6121e-07
1.29283e-06
4.19705e-07
1.17824e-06
4.69474e-07
1.05261e-06
5.09789e-07
9.16037e-07
5.39952e-07
7.68521e-07
5.59294e-07
6.0999e-07
5.67167e-07
4.4024e-07
5.62942e-07
2.58906e-07
5.45999e-07
6.54256e-08
5.15722e-07
-1.40997e-07
4.71481e-07
-3.61427e-07
4.12651e-07
-5.97228e-07
3.38586e-07
-8.50107e-07
2.48636e-07
-1.12214e-06
1.42173e-07
-1.41582e-06
1.8642e-08
-1.73408e-06
-1.22326e-07
-2.08033e-06
-2.80706e-07
-2.45846e-06
-4.55703e-07
-2.87273e-06
-6.45122e-07
-3.32742e-06
-8.44373e-07
-3.826e-06
-1.04508e-06
-4.36915e-06
-1.23342e-06
-4.9512e-06
-1.38881e-06
-5.55404e-06
-1.48395e-06
-6.1384e-06
-1.48817e-06
-6.63404e-06
-1.37559e-06
-6.93316e-06
-1.13853e-06
-6.895e-06
-8.0249e-07
-6.37141e-06
-4.34042e-07
-5.25552e-06
-1.31532e-07
-3.53483e-06
-1.30378e-06
-3.34884e-08
2.65718e-07
-1.17672e-07
7.08748e-07
-2.35563e-07
1.05596e-06
-3.72256e-07
1.31261e-06
-5.16132e-07
1.49092e-06
-6.58894e-07
1.60531e-06
-7.95079e-07
1.67001e-06
-9.21405e-07
1.69768e-06
-1.03614e-06
1.69893e-06
-1.13857e-06
1.68218e-06
-1.22862e-06
1.65395e-06
-1.30657e-06
1.61915e-06
-1.37288e-06
1.58142e-06
-1.42807e-06
1.54341e-06
-1.47265e-06
1.50706e-06
-1.50712e-06
1.47376e-06
-1.53192e-06
1.44449e-06
-1.54741e-06
1.41997e-06
-1.55394e-06
1.40066e-06
-1.55178e-06
1.38685e-06
-1.54117e-06
1.37871e-06
-1.52232e-06
1.37625e-06
-1.49541e-06
1.37935e-06
-1.46062e-06
1.38782e-06
-1.41812e-06
1.4013e-06
-1.36808e-06
1.41938e-06
-1.3107e-06
1.4415e-06
-1.2462e-06
1.46701e-06
-1.17483e-06
1.49517e-06
-1.09689e-06
1.52514e-06
-1.01273e-06
1.55602e-06
-9.22756e-07
1.58681e-06
-8.27433e-07
1.61651e-06
-7.27294e-07
1.64407e-06
-6.22936e-07
1.66841e-06
-5.15023e-07
1.68851e-06
-4.04281e-07
1.70335e-06
-2.91494e-07
1.71198e-06
-1.77494e-07
1.71351e-06
-6.31582e-08
1.70716e-06
5.06049e-08
1.69223e-06
1.62865e-07
1.66814e-06
2.72678e-07
1.63444e-06
3.79101e-07
1.59075e-06
4.81195e-07
1.53683e-06
5.78042e-07
1.47254e-06
6.68742e-07
1.39779e-06
7.52427e-07
1.31259e-06
8.28262e-07
1.21699e-06
8.95446e-07
1.11105e-06
9.53214e-07
9.94846e-07
1.00084e-06
8.68415e-07
1.03761e-06
7.31743e-07
1.06288e-06
5.84726e-07
1.07598e-06
4.27141e-07
1.07627e-06
2.58612e-07
1.06312e-06
7.85734e-08
1.03589e-06
-1.13759e-07
9.93888e-07
-3.19429e-07
9.36427e-07
-5.39767e-07
8.62756e-07
-7.76436e-07
7.7208e-07
-1.03147e-06
6.63565e-07
-1.30731e-06
5.36358e-07
-1.60688e-06
3.89665e-07
-1.93364e-06
2.22887e-07
-2.29168e-06
3.59082e-08
-2.68575e-06
-1.70369e-07
-3.12115e-06
-3.93111e-07
-3.60326e-06
-6.26106e-07
-4.13616e-06
-8.57792e-07
-4.71952e-06
-1.06912e-06
-5.34271e-06
-1.23233e-06
-5.97518e-06
-1.31272e-06
-6.55366e-06
-1.27582e-06
-6.97006e-06
-1.10186e-06
-7.06896e-06
-8.05085e-07
-6.66819e-06
-4.48518e-07
-5.61209e-06
-1.39348e-07
-3.844e-06
-1.44313e-06
-3.85459e-08
3.04264e-07
-1.3401e-07
8.04213e-07
-2.65339e-07
1.18729e-06
-4.14523e-07
1.4618e-06
-5.681e-07
1.64449e-06
-7.16959e-07
1.75417e-06
-8.55521e-07
1.80857e-06
-9.80783e-07
1.82295e-06
-1.09147e-06
1.80961e-06
-1.18738e-06
1.77808e-06
-1.2689e-06
1.73547e-06
-1.33673e-06
1.68699e-06
-1.39169e-06
1.63638e-06
-1.43457e-06
1.5863e-06
-1.46613e-06
1.53862e-06
-1.48703e-06
1.49466e-06
-1.49786e-06
1.45532e-06
-1.49909e-06
1.4212e-06
-1.49114e-06
1.39271e-06
-1.47435e-06
1.37006e-06
-1.449e-06
1.35336e-06
-1.41531e-06
1.34256e-06
-1.37351e-06
1.33755e-06
-1.32377e-06
1.33807e-06
-1.26627e-06
1.34381e-06
-1.2012e-06
1.35431e-06
-1.12876e-06
1.36906e-06
-1.04918e-06
1.38743e-06
-9.62733e-07
1.40872e-06
-8.69727e-07
1.43214e-06
-7.70535e-07
1.45682e-06
-6.65586e-07
1.48186e-06
-5.55378e-07
1.50631e-06
-4.40472e-07
1.52916e-06
-3.21502e-07
1.54944e-06
-1.99165e-07
1.56618e-06
-7.4223e-08
1.57841e-06
5.25049e-08
1.58525e-06
1.80151e-07
1.58586e-06
3.07806e-07
1.5795e-06
4.3453e-07
1.5655e-06
5.59363e-07
1.54331e-06
6.81336e-07
1.51246e-06
7.99482e-07
1.47261e-06
9.1284e-07
1.42348e-06
1.02047e-06
1.36491e-06
1.12147e-06
1.2968e-06
1.21494e-06
1.21912e-06
1.30004e-06
1.13189e-06
1.37596e-06
1.03513e-06
1.44193e-06
9.28875e-07
1.49721e-06
8.13134e-07
1.5411e-06
6.87861e-07
1.5729e-06
5.52926e-07
1.59195e-06
4.08092e-07
1.59758e-06
2.52976e-07
1.58913e-06
8.70243e-08
1.5659e-06
-9.05273e-08
1.52715e-06
-2.80681e-07
1.4721e-06
-4.84715e-07
1.39988e-06
-7.0422e-07
1.30956e-06
-9.41143e-07
1.20009e-06
-1.19784e-06
1.07037e-06
-1.47715e-06
9.19227e-07
-1.78249e-06
7.45529e-07
-2.11798e-06
5.48385e-07
-2.4886e-06
3.27547e-07
-2.90031e-06
8.41929e-08
-3.3599e-06
-1.77702e-07
-3.87426e-06
-4.49233e-07
-4.44799e-06
-7.1376e-07
-5.07819e-06
-9.44426e-07
-5.74451e-06
-1.10387e-06
-6.39422e-06
-1.14969e-06
-6.92424e-06
-1.04892e-06
-7.16973e-06
-8.01338e-07
-6.91577e-06
-4.62686e-07
-5.95074e-06
-1.47973e-07
-4.15872e-06
-1.5911e-06
-4.50661e-08
3.4933e-07
-1.54543e-07
9.1369e-07
-3.0175e-07
1.3345e-06
-4.64674e-07
1.62472e-06
-6.27736e-07
1.80755e-06
-7.81135e-07
1.90757e-06
-9.19463e-07
1.9469e-06
-1.04032e-06
1.9438e-06
-1.14317e-06
1.91247e-06
-1.22855e-06
1.86346e-06
-1.29751e-06
1.80443e-06
-1.35129e-06
1.74076e-06
-1.39113e-06
1.67622e-06
-1.4182e-06
1.61336e-06
-1.43351e-06
1.55394e-06
-1.43796e-06
1.4991e-06
-1.43226e-06
1.44962e-06
-1.41704e-06
1.40598e-06
-1.39277e-06
1.36844e-06
-1.35986e-06
1.33715e-06
-1.31862e-06
1.31212e-06
-1.26931e-06
1.29325e-06
-1.21214e-06
1.28038e-06
-1.1473e-06
1.27323e-06
-1.07494e-06
1.27145e-06
-9.95257e-07
1.27462e-06
-9.08428e-07
1.28223e-06
-8.14671e-07
1.29368e-06
-7.14244e-07
1.30829e-06
-6.07451e-07
1.32534e-06
-4.94656e-07
1.34403e-06
-3.76285e-07
1.36349e-06
-2.52833e-07
1.38285e-06
-1.24868e-07
1.4012e-06
6.9752e-09
1.4176e-06
1.41989e-07
1.43116e-06
2.79404e-07
1.44099e-06
4.1839e-07
1.44626e-06
5.58068e-07
1.44618e-06
6.97517e-07
1.44005e-06
8.35784e-07
1.42724e-06
9.71899e-07
1.4072e-06
1.10488e-06
1.37948e-06
1.23374e-06
1.34374e-06
1.35752e-06
1.2997e-06
1.47527e-06
1.24716e-06
1.58605e-06
1.18602e-06
1.68897e-06
1.1162e-06
1.78318e-06
1.03768e-06
1.86784e-06
9.50461e-07
1.94218e-06
8.54536e-07
2.00544e-06
7.4988e-07
2.05688e-06
6.3642e-07
2.09579e-06
5.1401e-07
2.12148e-06
3.82401e-07
2.13324e-06
2.41217e-07
2.13035e-06
8.99218e-08
2.11203e-06
-7.22109e-08
2.07748e-06
-2.46128e-07
2.02579e-06
-4.33032e-07
1.95599e-06
-6.34418e-07
1.86697e-06
-8.52119e-07
1.75749e-06
-1.08836e-06
1.62618e-06
-1.34585e-06
1.47155e-06
-1.62786e-06
1.29201e-06
-1.93844e-06
1.086e-06
-2.2826e-06
8.52287e-07
-2.66659e-06
5.90545e-07
-3.09816e-06
3.02578e-07
-3.58629e-06
-5.57793e-09
-4.13983e-06
-3.20544e-07
-4.76322e-06
-6.1763e-07
-5.44743e-06
-8.58568e-07
-6.15328e-06
-9.94221e-07
-6.78859e-06
-9.77751e-07
-7.1862e-06
-7.91035e-07
-7.10248e-06
-4.77581e-07
-6.2642e-06
-1.58175e-07
-4.47812e-06
-1.74927e-06
-5.3768e-08
4.03098e-07
-1.81036e-07
1.04096e-06
-3.47126e-07
1.50059e-06
-5.24846e-07
1.80244e-06
-6.96324e-07
1.97903e-06
-8.51399e-07
2.06264e-06
-9.85338e-07
2.08084e-06
-1.09682e-06
2.05529e-06
-1.18646e-06
2.00211e-06
-1.25582e-06
1.93282e-06
-1.3068e-06
1.85541e-06
-1.34134e-06
1.7753e-06
-1.36122e-06
1.6961e-06
-1.36802e-06
1.62016e-06
-1.36306e-06
1.54898e-06
-1.34746e-06
1.4835e-06
-1.32211e-06
1.42428e-06
-1.28775e-06
1.37161e-06
-1.24493e-06
1.32563e-06
-1.19411e-06
1.28633e-06
-1.13561e-06
1.25362e-06
-1.0697e-06
1.22734e-06
-9.96573e-07
1.20725e-06
-9.16395e-07
1.19305e-06
-8.29302e-07
1.18436e-06
-7.35433e-07
1.18075e-06
-6.34935e-07
1.18173e-06
-5.27984e-07
1.18672e-06
-4.14796e-07
1.1951e-06
-2.95636e-07
1.20618e-06
-1.70829e-07
1.21922e-06
-4.07659e-08
1.23343e-06
9.40897e-08
1.248e-06
2.33201e-07
1.26208e-06
3.75957e-07
1.27485e-06
5.21675e-07
1.28544e-06
6.69604e-07
1.29307e-06
8.18931e-07
1.29693e-06
9.68791e-07
1.29632e-06
1.11827e-06
1.29057e-06
1.26644e-06
1.27907e-06
1.41231e-06
1.26132e-06
1.55492e-06
1.23688e-06
1.69327e-06
1.20538e-06
1.82641e-06
1.16656e-06
1.95338e-06
1.1202e-06
2.07323e-06
1.06617e-06
2.18506e-06
1.00437e-06
2.288e-06
9.34739e-07
2.38121e-06
8.57252e-07
2.46388e-06
7.71871e-07
2.53521e-06
6.78543e-07
2.59446e-06
5.77175e-07
2.64086e-06
4.67607e-07
2.67367e-06
3.49592e-07
2.69212e-06
2.22767e-07
2.69541e-06
8.66277e-08
2.6827e-06
-5.95012e-08
2.65307e-06
-2.16495e-07
2.6055e-06
-3.8546e-07
2.53885e-06
-5.67773e-07
2.45186e-06
-7.65125e-07
2.34308e-06
-9.7958e-07
2.21089e-06
-1.21366e-06
2.05347e-06
-1.47045e-06
1.86885e-06
-1.75381e-06
1.65488e-06
-2.06863e-06
1.40948e-06
-2.4212e-06
1.13103e-06
-2.81971e-06
8.19285e-07
-3.27455e-06
4.77306e-07
-3.79785e-06
1.1479e-07
-4.40071e-06
-2.47261e-07
-5.08538e-06
-5.71678e-07
-5.82886e-06
-8.04429e-07
-6.55584e-06
-8.84811e-07
-7.10582e-06
-7.73249e-07
-7.21404e-06
-4.94511e-07
-6.54293e-06
-1.71194e-07
-4.80144e-06
-1.92047e-06
-6.58383e-08
4.68936e-07
-2.16154e-07
1.19127e-06
-4.0464e-07
1.68907e-06
-5.97506e-07
1.99531e-06
-7.74684e-07
2.15621e-06
-9.26387e-07
2.21435e-06
-1.04938e-06
2.20383e-06
-1.14415e-06
2.15005e-06
-1.21295e-06
2.07091e-06
-1.25875e-06
1.97862e-06
-1.28455e-06
1.88121e-06
-1.29311e-06
1.78387e-06
-1.28686e-06
1.68984e-06
-1.26779e-06
1.6011e-06
-1.23759e-06
1.51878e-06
-1.19759e-06
1.44349e-06
-1.14883e-06
1.37552e-06
-1.09215e-06
1.31492e-06
-1.02815e-06
1.26163e-06
-9.57306e-07
1.21548e-06
-8.79942e-07
1.17626e-06
-7.96293e-07
1.14369e-06
-7.06517e-07
1.11748e-06
-6.10721e-07
1.09725e-06
-5.08985e-07
1.08262e-06
-4.01379e-07
1.07315e-06
-2.87983e-07
1.06834e-06
-1.689e-07
1.06764e-06
-4.42726e-08
1.07048e-06
8.57061e-08
1.0762e-06
2.20782e-07
1.08414e-06
3.60632e-07
1.09358e-06
5.04859e-07
1.10377e-06
6.52988e-07
1.11396e-06
8.04467e-07
1.12337e-06
9.58666e-07
1.13124e-06
1.11488e-06
1.13685e-06
1.27236e-06
1.13946e-06
1.43025e-06
1.13843e-06
1.5877e-06
1.13312e-06
1.74378e-06
1.12299e-06
1.89756e-06
1.10754e-06
2.04807e-06
1.08637e-06
2.19435e-06
1.05911e-06
2.33542e-06
1.02548e-06
2.47034e-06
9.85284e-07
2.59817e-06
9.38345e-07
2.71798e-06
8.84554e-07
2.82889e-06
8.23829e-07
2.93003e-06
7.5611e-07
3.02056e-06
6.81338e-07
3.09967e-06
5.9944e-07
3.16653e-06
5.10309e-07
3.22036e-06
4.13784e-07
3.26032e-06
3.09626e-07
3.28559e-06
1.97498e-07
3.29528e-06
7.69379e-08
3.28844e-06
-5.2664e-08
3.26404e-06
-1.92095e-07
3.22093e-06
-3.42348e-07
3.15782e-06
-5.0466e-07
3.07325e-06
-6.80556e-07
2.96558e-06
-8.71906e-07
2.83293e-06
-1.08101e-06
2.67319e-06
-1.31071e-06
2.484e-06
-1.56462e-06
2.26272e-06
-1.84735e-06
2.00656e-06
-2.16503e-06
1.71274e-06
-2.52589e-06
1.37921e-06
-2.94102e-06
1.00614e-06
-3.42478e-06
5.99031e-07
-3.9936e-06
1.74047e-07
-4.66039e-06
-2.35114e-07
-5.4197e-06
-5.72236e-07
-6.21871e-06
-7.63798e-07
-6.91426e-06
-7.45456e-07
-7.23239e-06
-5.1483e-07
-6.77356e-06
-1.88997e-07
-5.12727e-06
-2.10947e-06
-8.32967e-08
5.52233e-07
-2.63939e-07
1.37192e-06
-4.78449e-07
1.90359e-06
-6.84984e-07
2.20184e-06
-8.6207e-07
2.3333e-06
-1.00173e-06
2.354e-06
-1.10354e-06
2.30565e-06
-1.17078e-06
2.21728e-06
-1.20804e-06
2.10818e-06
-1.22009e-06
1.99067e-06
-1.21127e-06
1.87239e-06
-1.18529e-06
1.75789e-06
-1.14522e-06
1.64978e-06
-1.09355e-06
1.54942e-06
-1.03223e-06
1.45745e-06
-9.62772e-07
1.37404e-06
-8.8634e-07
1.29909e-06
-8.03791e-07
1.23238e-06
-7.15745e-07
1.17359e-06
-6.22632e-07
1.12237e-06
-5.24727e-07
1.07835e-06
-4.22191e-07
1.04116e-06
-3.15099e-07
1.01039e-06
-2.03469e-07
9.85622e-07
-8.72824e-08
9.66437e-07
3.3492e-08
9.52375e-07
1.58879e-07
9.42949e-07
2.8888e-07
9.37641e-07
4.23457e-07
9.359e-07
5.62522e-07
9.37139e-07
7.05925e-07
9.40742e-07
8.53441e-07
9.46065e-07
1.00477e-06
9.5244e-07
1.15954e-06
9.59191e-07
1.31727e-06
9.65632e-07
1.47743e-06
9.71084e-07
1.63939e-06
9.74884e-07
1.80246e-06
9.76395e-07
1.96588e-06
9.75012e-07
2.12882e-06
9.70176e-07
2.29044e-06
9.61379e-07
2.44981e-06
9.48168e-07
2.60603e-06
9.3015e-07
2.75814e-06
9.06993e-07
2.9052e-06
8.78423e-07
3.04626e-06
8.44223e-07
3.18038e-06
8.04222e-07
3.30665e-06
7.58293e-07
3.42414e-06
7.0634e-07
3.53196e-06
6.48282e-07
3.62925e-06
5.84048e-07
3.71514e-06
5.13552e-07
3.78876e-06
4.36685e-07
3.84926e-06
3.5329e-07
3.89573e-06
2.63149e-07
3.92727e-06
1.6596e-07
3.94289e-06
6.13158e-08
3.94155e-06
-5.13174e-08
3.92208e-06
-1.72625e-07
3.8832e-06
-3.03469e-07
3.82347e-06
-4.44931e-07
3.74126e-06
-5.98344e-07
3.63471e-06
-7.6536e-07
3.50173e-06
-9.48022e-07
3.33991e-06
-1.1489e-06
3.14654e-06
-1.37125e-06
2.91855e-06
-1.61936e-06
2.6525e-06
-1.89898e-06
2.34467e-06
-2.21806e-06
1.99138e-06
-2.58773e-06
1.59007e-06
-3.02347e-06
1.14192e-06
-3.54544e-06
6.57066e-07
-4.17554e-06
1.63206e-07
-4.92584e-06
-2.85006e-07
-5.7705e-06
-6.03871e-07
-6.59539e-06
-7.01931e-07
-7.13433e-06
-5.39258e-07
-6.93623e-06
-2.14577e-07
-5.45195e-06
-2.32404e-06
-1.09665e-07
6.61897e-07
-3.30444e-07
1.59269e-06
-5.7344e-07
2.14658e-06
-7.88015e-07
2.41642e-06
-9.53589e-07
2.49887e-06
-1.06658e-06
2.467e-06
-1.13143e-06
2.37049e-06
-1.15548e-06
2.24134e-06
-1.14647e-06
2.09917e-06
-1.11135e-06
1.95555e-06
-1.05595e-06
1.81699e-06
-9.84974e-07
1.68691e-06
-9.02097e-07
1.5669e-06
-8.10151e-07
1.45748e-06
-7.11272e-07
1.35858e-06
-6.07043e-07
1.26981e-06
-4.98606e-07
1.19065e-06
-3.86754e-07
1.12052e-06
-2.72009e-07
1.05884e-06
-1.5468e-07
1.00504e-06
-3.49133e-08
9.58587e-07
8.72696e-08
9.18976e-07
2.11934e-07
8.8572e-07
3.39207e-07
8.58349e-07
4.69249e-07
8.36396e-07
6.02232e-07
8.19392e-07
7.38321e-07
8.06859e-07
8.77657e-07
7.98305e-07
1.02034e-06
7.93219e-07
1.16641e-06
7.91067e-07
1.31585e-06
7.913e-07
1.46857e-06
7.93346e-07
1.62439e-06
7.96621e-07
1.78305e-06
8.00531e-07
1.9442e-06
8.04481e-07
2.10741e-06
8.07877e-07
2.27215e-06
8.10142e-07
2.43783e-06
8.10716e-07
2.60377e-06
8.0907e-07
2.76924e-06
8.04709e-07
2.93344e-06
7.97182e-07
3.09552e-06
7.86082e-07
3.25462e-06
7.71052e-07
3.40983e-06
7.51787e-07
3.56022e-06
7.28029e-07
3.70487e-06
6.99571e-07
3.84285e-06
6.66245e-07
3.97322e-06
6.2792e-07
4.09507e-06
5.84494e-07
4.20747e-06
5.3588e-07
4.30952e-06
4.81999e-07
4.4003e-06
4.22768e-07
4.47891e-06
3.58079e-07
4.54441e-06
2.87793e-07
4.59584e-06
2.11721e-07
4.63219e-06
1.29604e-07
4.65241e-06
4.11005e-08
4.65533e-06
-5.42407e-08
4.6397e-06
-1.56989e-07
4.60409e-06
-2.67869e-07
4.54695e-06
-3.87787e-07
4.46648e-06
-5.17873e-07
4.36065e-06
-6.59533e-07
4.22716e-06
-8.14528e-07
4.06336e-06
-9.85093e-07
3.86622e-06
-1.17412e-06
3.6323e-06
-1.38543e-06
3.35759e-06
-1.62428e-06
3.03754e-06
-1.89801e-06
2.66708e-06
-2.21728e-06
2.2412e-06
-2.59759e-06
1.75672e-06
-3.06096e-06
1.21692e-06
-3.63574e-06
6.40804e-07
-4.34972e-06
7.66985e-08
-5.20639e-06
-3.86827e-07
-6.13187e-06
-6.30817e-07
-6.89034e-06
-5.66133e-07
-7.00092e-06
-2.521e-07
-5.76599e-06
-2.57614e-06
-1.51157e-07
8.13055e-07
-4.24263e-07
1.8658e-06
-6.9357e-07
2.41589e-06
-9.01686e-07
2.62453e-06
-1.03426e-06
2.63144e-06
-1.09651e-06
2.52925e-06
-1.10056e-06
2.37454e-06
-1.05942e-06
2.2002e-06
-9.84624e-07
2.02438e-06
-8.8555e-07
1.85647e-06
-7.6945e-07
1.70089e-06
-6.41788e-07
1.55925e-06
-5.0659e-07
1.4317e-06
-3.66765e-07
1.31765e-06
-2.24369e-07
1.21618e-06
-8.08095e-08
1.12625e-06
6.29971e-08
1.04685e-06
2.06503e-07
9.77017e-07
3.4944e-07
9.15903e-07
4.91749e-07
8.62731e-07
6.33524e-07
8.16813e-07
7.7497e-07
7.77529e-07
9.16373e-07
7.44318e-07
1.05806e-06
7.1666e-07
1.20039e-06
6.94066e-07
1.34372e-06
6.76065e-07
1.48838e-06
6.62193e-07
1.6347e-06
6.51992e-07
1.78292e-06
6.44997e-07
1.93325e-06
6.40735e-07
2.08582e-06
6.38726e-07
2.24069e-06
6.38478e-07
2.39782e-06
6.39493e-07
2.55708e-06
6.41268e-07
2.71826e-06
6.43299e-07
2.88105e-06
6.45087e-07
3.04505e-06
6.46144e-07
3.20977e-06
6.46e-07
3.37463e-06
6.44206e-07
3.539e-06
6.40343e-07
3.70215e-06
6.34023e-07
3.86334e-06
6.24899e-07
4.02173e-06
6.12661e-07
4.17648e-06
5.9704e-07
4.32669e-06
5.7781e-07
4.47148e-06
5.54782e-07
4.60992e-06
5.27804e-07
4.74109e-06
4.96754e-07
4.86405e-06
4.61533e-07
4.97787e-06
4.22059e-07
5.08161e-06
3.78259e-07
5.17432e-06
3.30054e-07
5.25505e-06
2.77355e-07
5.3228e-06
2.20044e-07
5.37655e-06
1.57967e-07
5.41524e-06
9.09182e-08
5.43771e-06
1.86276e-08
5.44275e-06
-5.92773e-08
5.42899e-06
-1.43233e-07
5.39495e-06
-2.33823e-07
5.33894e-06
-3.31776e-07
5.25907e-06
-4.38003e-07
5.15319e-06
-5.53653e-07
5.01884e-06
-6.8018e-07
4.8532e-06
-8.19452e-07
4.653e-06
-9.73924e-07
4.41447e-06
-1.1469e-06
4.13314e-06
-1.34295e-06
3.80377e-06
-1.56863e-06
3.4201e-06
-1.83361e-06
2.97494e-06
-2.15243e-06
2.46102e-06
-2.54704e-06
1.87432e-06
-3.04904e-06
1.22259e-06
-3.698e-06
5.41853e-07
-4.52566e-06
-8.23829e-08
-5.50763e-06
-5.08814e-07
-6.4639e-06
-5.87332e-07
-6.9224e-06
-3.0616e-07
-6.04716e-06
-2.8823e-06
-2.1853e-07
1.03158e-06
-5.55668e-07
2.20294e-06
-8.35789e-07
2.69601e-06
-1.00483e-06
2.79357e-06
-1.06557e-06
2.69219e-06
-1.03883e-06
2.50251e-06
-9.47755e-07
2.28347e-06
-8.12339e-07
2.06478e-06
-6.48071e-07
1.86011e-06
-4.6631e-07
1.67471e-06
-2.75096e-07
1.50967e-06
-7.99852e-08
1.36414e-06
1.15289e-07
1.23643e-06
3.08297e-07
1.12465e-06
4.97542e-07
1.02693e-06
6.82187e-07
9.41604e-07
8.61866e-07
8.67167e-07
1.03654e-06
8.02343e-07
1.20641e-06
7.46036e-07
1.37182e-06
6.97313e-07
1.53326e-06
6.55375e-07
1.69126e-06
6.1953e-07
1.8464e-06
5.89176e-07
1.99929e-06
5.63777e-07
2.15051e-06
5.42844e-07
2.30065e-06
5.25926e-07
2.45025e-06
5.12595e-07
2.5998e-06
5.02439e-07
2.74974e-06
4.95053e-07
2.90044e-06
4.90033e-07
3.05219e-06
4.86978e-07
3.20519e-06
4.85481e-07
3.35955e-06
4.85137e-07
3.51528e-06
4.85538e-07
3.6723e-06
4.86278e-07
3.83043e-06
4.86959e-07
3.98938e-06
4.8719e-07
4.14879e-06
4.86592e-07
4.30819e-06
4.84808e-07
4.46703e-06
4.815e-07
4.6247e-06
4.76357e-07
4.7805e-06
4.69096e-07
4.93369e-06
4.59467e-07
5.08348e-06
4.47249e-07
5.22904e-06
4.32257e-07
5.36949e-06
4.14333e-07
5.50394e-06
3.9335e-07
5.63149e-06
3.69206e-07
5.7512e-06
3.41817e-07
5.86215e-06
3.11115e-07
5.96337e-06
2.77039e-07
6.05389e-06
2.39528e-07
6.13274e-06
1.9851e-07
6.19888e-06
1.539e-07
6.25127e-06
1.05581e-07
6.28878e-06
5.34009e-08
6.31024e-06
-2.82419e-09
6.31438e-06
-6.34203e-08
6.2998e-06
-1.28657e-07
6.26498e-06
-1.98996e-07
6.20818e-06
-2.74984e-07
6.1275e-06
-3.57316e-07
6.02072e-06
-4.46874e-07
5.88533e-06
-5.44792e-07
5.71843e-06
-6.5255e-07
5.51662e-06
-7.72119e-07
5.27592e-06
-9.06194e-07
4.99154e-06
-1.05857e-06
4.65767e-06
-1.23477e-06
4.2671e-06
-1.44304e-06
3.81083e-06
-1.69616e-06
3.27796e-06
-2.01418e-06
2.65726e-06
-2.42834e-06
1.94346e-06
-2.98419e-06
1.15381e-06
-3.736e-06
3.58015e-07
-4.71184e-06
-2.91634e-07
-5.81426e-06
-5.78929e-07
-6.6351e-06
-3.77955e-07
-6.24813e-06
-3.26026e-06
-3.28289e-07
1.35987e-06
-7.28769e-07
2.60342e-06
-9.70534e-07
2.93778e-06
-1.0331e-06
2.85614e-06
-9.56035e-07
2.61512e-06
-7.83937e-07
2.33041e-06
-5.53283e-07
2.05281e-06
-2.90468e-07
1.80197e-06
-1.3304e-08
1.58294e-06
2.66741e-07
1.39467e-06
5.42548e-07
1.23387e-06
8.09925e-07
1.09676e-06
1.0666e-06
9.79755e-07
1.31153e-06
8.79708e-07
1.54451e-06
7.93961e-07
1.76579e-06
7.20318e-07
1.97599e-06
6.56975e-07
2.17587e-06
6.02461e-07
2.36633e-06
5.55573e-07
2.54833e-06
5.1532e-07
2.72282e-06
4.80883e-07
2.89077e-06
4.51577e-07
3.05313e-06
4.2682e-07
3.2108e-06
4.06109e-07
3.36464e-06
3.89004e-07
3.51546e-06
3.75106e-07
3.664e-06
3.64049e-07
3.81095e-06
3.55491e-07
3.9569e-06
3.49102e-07
4.10237e-06
3.44564e-07
4.24779e-06
3.41562e-07
4.39348e-06
3.39785e-07
4.53969e-06
3.38926e-07
4.68655e-06
3.38677e-07
4.83409e-06
3.38736e-07
4.98225e-06
3.38807e-07
5.13084e-06
3.38598e-07
5.2796e-06
3.37832e-07
5.42816e-06
3.36243e-07
5.57608e-06
3.33582e-07
5.72282e-06
3.29619e-07
5.86777e-06
3.24145e-07
6.01026e-06
3.16974e-07
6.14957e-06
3.07943e-07
6.28491e-06
2.96914e-07
6.41547e-06
2.83771e-07
6.5404e-06
2.68419e-07
6.65883e-06
2.50782e-07
6.76984e-06
2.30801e-07
6.87253e-06
2.08427e-07
6.96595e-06
1.83618e-07
7.04915e-06
1.56332e-07
7.12114e-06
1.26523e-07
7.1809e-06
9.41334e-08
7.22739e-06
5.90912e-08
7.25949e-06
2.13069e-08
7.27606e-06
-1.93999e-08
7.27582e-06
-6.31755e-08
7.25741e-06
-1.10244e-07
7.21932e-06
-1.60914e-07
7.1599e-06
-2.15565e-07
7.07727e-06
-2.74683e-07
6.96929e-06
-3.38897e-07
6.83352e-06
-4.09019e-07
6.6671e-06
-4.8613e-07
6.46668e-06
-5.71694e-07
6.22823e-06
-6.67742e-07
5.94684e-06
-7.77184e-07
5.61638e-06
-9.04305e-07
5.22897e-06
-1.05563e-06
4.77423e-06
-1.24143e-06
4.23838e-06
-1.47832e-06
3.60376e-06
-1.79372e-06
2.8517e-06
-2.23213e-06
1.97522e-06
-2.85953e-06
1.01269e-06
-3.74931e-06
1.03337e-07
-4.9049e-06
-4.81958e-07
-6.04981e-06
-4.5391e-07
-6.27618e-06
-3.71417e-06
-4.96528e-07
1.8564e-06
-9.05411e-07
3.0123e-06
-9.83149e-07
3.01551e-06
-8.14083e-07
2.68707e-06
-5.00732e-07
2.30177e-06
-1.14607e-07
1.94429e-06
2.98927e-07
1.63928e-06
7.13022e-07
1.38787e-06
1.11297e-06
1.183e-06
1.49147e-06
1.01617e-06
1.84556e-06
8.79784e-07
2.17469e-06
7.67626e-07
2.47968e-06
6.74764e-07
2.76203e-06
5.97359e-07
3.02355e-06
5.32441e-07
3.26616e-06
4.77709e-07
3.49176e-06
4.31375e-07
3.70218e-06
3.92041e-07
3.89915e-06
3.58604e-07
4.08428e-06
3.30187e-07
4.25908e-06
3.06083e-07
4.42494e-06
2.85718e-07
4.58314e-06
2.68616e-07
4.73488e-06
2.54376e-07
4.88123e-06
2.42652e-07
5.02319e-06
2.33144e-07
5.16166e-06
2.25579e-07
5.29744e-06
2.19707e-07
5.43125e-06
2.15296e-07
5.56369e-06
2.12121e-07
5.69529e-06
2.09967e-07
5.82645e-06
2.08624e-07
5.95749e-06
2.07885e-07
6.08862e-06
2.07545e-07
6.21995e-06
2.07406e-07
6.35148e-06
2.07273e-07
6.48313e-06
2.06955e-07
6.61469e-06
2.06273e-07
6.74588e-06
2.05053e-07
6.87633e-06
2.03134e-07
7.00558e-06
2.00368e-07
7.1331e-06
1.96621e-07
7.2583e-06
1.91773e-07
7.38053e-06
1.85721e-07
7.49906e-06
1.78376e-07
7.61317e-06
1.69667e-07
7.72205e-06
1.59536e-07
7.8249e-06
1.47936e-07
7.92087e-06
1.34833e-07
8.00909e-06
1.20199e-07
8.0887e-06
1.04013e-07
8.15878e-06
8.62526e-08
8.21841e-06
6.68939e-08
8.26663e-06
4.5905e-08
8.30249e-06
2.32405e-08
8.32486e-06
-1.0653e-09
8.33278e-06
-2.73271e-08
8.32502e-06
-5.54148e-08
8.30034e-06
-8.55607e-08
8.25736e-06
-1.17936e-07
8.19457e-06
-1.52773e-07
8.11026e-06
-1.90374e-07
8.0025e-06
-2.31131e-07
7.86904e-06
-2.75562e-07
7.70727e-06
-3.24364e-07
7.51407e-06
-3.78496e-07
7.28564e-06
-4.39311e-07
7.01723e-06
-5.08774e-07
6.70275e-06
-5.89823e-07
6.33412e-06
-6.86997e-07
5.90024e-06
-8.07548e-07
5.38543e-06
-9.63511e-07
4.7673e-06
-1.17559e-06
4.01538e-06
-1.48021e-06
3.09632e-06
-1.94047e-06
2.00098e-06
-2.65397e-06
8.16569e-07
-3.72049e-06
-1.68033e-07
-5.06521e-06
-4.82032e-07
-5.96218e-06
-4.1962e-06
-7.00293e-07
2.55669e-06
-8.68341e-07
3.18035e-06
-5.11005e-07
2.65818e-06
7.46803e-08
2.10139e-06
7.24657e-07
1.65179e-06
1.36526e-06
1.30369e-06
1.96432e-06
1.04021e-06
2.51004e-06
8.42149e-07
3.00092e-06
6.92112e-07
3.44019e-06
5.76901e-07
3.83283e-06
4.87144e-07
4.18423e-06
4.16224e-07
4.49956e-06
3.59437e-07
4.7835e-06
3.13417e-07
5.04021e-06
2.75729e-07
5.27333e-06
2.44596e-07
5.486e-06
2.18699e-07
5.68099e-06
1.9705e-07
5.8607e-06
1.78895e-07
6.02724e-06
1.63652e-07
6.18245e-06
1.50866e-07
6.328e-06
1.40172e-07
6.46534e-06
1.31278e-07
6.59577e-06
1.23941e-07
6.72047e-06
1.17957e-07
6.84046e-06
1.13149e-07
6.95668e-06
1.09361e-07
7.06993e-06
1.06454e-07
7.18093e-06
1.04296e-07
7.29029e-06
1.02767e-07
7.3985e-06
1.01749e-07
7.506e-06
1.01128e-07
7.61309e-06
1.00797e-07
7.71999e-06
1.00646e-07
7.82682e-06
1.00571e-07
7.93363e-06
1.00471e-07
8.04033e-06
1.00249e-07
8.1468e-06
9.98095e-08
8.25278e-06
9.90657e-08
8.35798e-06
9.79354e-08
8.462e-06
9.63436e-08
8.5644e-06
9.4223e-08
8.66466e-06
9.15147e-08
8.76221e-06
8.81683e-08
8.85645e-06
8.41417e-08
8.94671e-06
7.94012e-08
9.03233e-06
7.3921e-08
9.11258e-06
6.76818e-08
9.18675e-06
6.067e-08
9.25407e-06
5.28763e-08
9.31379e-06
4.42938e-08
9.36512e-06
3.49165e-08
9.40728e-06
2.47373e-08
9.43944e-06
1.37448e-08
9.46075e-06
1.92687e-09
9.47043e-06
-1.07388e-08
9.46742e-06
-2.43223e-08
9.45084e-06
-3.88308e-08
9.41962e-06
-5.43431e-08
9.37263e-06
-7.09493e-08
9.30863e-06
-8.87641e-08
9.22619e-06
-1.07938e-07
9.12373e-06
-1.28668e-07
8.99939e-06
-1.51222e-07
8.85098e-06
-1.75959e-07
8.67587e-06
-2.03386e-07
8.47079e-06
-2.34225e-07
8.23155e-06
-2.69539e-07
7.95267e-06
-3.10938e-07
7.6266e-06
-3.60932e-07
7.24264e-06
-4.23589e-07
6.78491e-06
-5.05781e-07
6.22905e-06
-6.19724e-07
5.5372e-06
-7.88367e-07
4.65349e-06
-1.05676e-06
3.51245e-06
-1.51293e-06
2.10054e-06
-2.30857e-06
6.25202e-07
-3.58987e-06
-2.9245e-07
-5.04453e-06
-4.48865e-06
-5.11379e-07
3.06807e-06
2.69917e-07
2.39905e-06
1.44011e-06
1.48799e-06
2.53475e-06
1.00674e-06
3.47471e-06
7.11832e-07
4.26547e-06
5.1293e-07
4.92687e-06
3.78811e-07
5.4809e-06
2.88123e-07
5.94768e-06
2.25328e-07
6.34405e-06
1.8054e-07
6.68348e-06
1.47713e-07
6.97665e-06
1.23055e-07
7.23197e-06
1.04117e-07
7.4561e-06
8.92874e-08
7.65434e-06
7.74835e-08
7.83097e-06
6.79634e-08
7.98947e-06
6.02065e-08
8.13268e-06
5.38395e-08
8.26298e-06
4.85887e-08
8.38239e-06
4.42495e-08
8.49259e-06
4.06659e-08
8.59504e-06
3.77163e-08
8.69102e-06
3.53044e-08
8.78161e-06
3.33516e-08
8.86777e-06
3.17927e-08
8.95035e-06
3.0572e-08
9.03007e-06
2.96406e-08
9.10757e-06
2.89549e-08
9.18339e-06
2.84746e-08
9.25799e-06
2.8162e-08
9.33176e-06
2.79812e-08
9.40499e-06
2.78976e-08
9.47791e-06
2.7878e-08
9.55067e-06
2.78897e-08
9.62334e-06
2.79014e-08
9.69592e-06
2.78826e-08
9.76837e-06
2.78043e-08
9.84054e-06
2.76392e-08
9.91224e-06
2.73615e-08
9.98323e-06
2.69478e-08
1.00532e-05
2.6377e-08
1.01218e-05
2.56305e-08
1.01886e-05
2.46925e-08
1.02532e-05
2.35501e-08
1.03152e-05
2.21928e-08
1.0374e-05
2.06132e-08
1.04291e-05
1.8806e-08
1.048e-05
1.67681e-08
1.05262e-05
1.44981e-08
1.0567e-05
1.19958e-08
1.06021e-05
9.26138e-09
1.06307e-05
6.29532e-09
1.06523e-05
3.09917e-09
1.06664e-05
-3.16981e-10
1.06723e-05
-4.00208e-09
1.06695e-05
-7.90137e-09
1.06572e-05
-1.20624e-08
1.06349e-05
-1.64886e-08
1.06017e-05
-2.11975e-08
1.0557e-05
-2.62166e-08
1.04998e-05
-3.15801e-08
1.04292e-05
-3.73331e-08
1.03441e-05
-4.35359e-08
1.02431e-05
-5.02704e-08
1.01248e-05
-5.76501e-08
9.98728e-06
-6.58351e-08
9.82811e-06
-7.50578e-08
9.64424e-06
-8.56638e-08
9.43148e-06
-9.81803e-08
9.18398e-06
-1.13436e-07
8.89317e-06
-1.32778e-07
8.54589e-06
-1.585e-07
8.12091e-06
-1.94743e-07
7.58216e-06
-2.49619e-07
6.86621e-06
-3.40807e-07
5.86456e-06
-5.11276e-07
4.42873e-06
-8.72749e-07
2.50762e-06
-1.66875e-06
5.8189e-07
-3.1188e-06
-3.90676e-06
3.06807e-06
5.46713e-06
6.95511e-06
7.96186e-06
8.67369e-06
9.18662e-06
9.56543e-06
9.85355e-06
1.00789e-05
1.02594e-05
1.04071e-05
1.05302e-05
1.06343e-05
1.07236e-05
1.08011e-05
1.0869e-05
1.09292e-05
1.09831e-05
1.10317e-05
1.10759e-05
1.11166e-05
1.11543e-05
1.11896e-05
1.1223e-05
1.12548e-05
1.12853e-05
1.1315e-05
1.13439e-05
1.13724e-05
1.14006e-05
1.14285e-05
1.14564e-05
1.14843e-05
1.15122e-05
1.15401e-05
1.1568e-05
1.15958e-05
1.16234e-05
1.16508e-05
1.16777e-05
1.17041e-05
1.17297e-05
1.17544e-05
1.1778e-05
1.18002e-05
1.18208e-05
1.18396e-05
1.18564e-05
1.18709e-05
1.18829e-05
1.18921e-05
1.18984e-05
1.19015e-05
1.19012e-05
1.18972e-05
1.18893e-05
1.18772e-05
1.18607e-05
1.18396e-05
1.18133e-05
1.17818e-05
1.17444e-05
1.17009e-05
1.16506e-05
1.1593e-05
1.15271e-05
1.14521e-05
1.13664e-05
1.12682e-05
1.11548e-05
1.1022e-05
1.08635e-05
1.06688e-05
1.04192e-05
1.00783e-05
9.56707e-06
8.69432e-06
7.02557e-06
3.90676e-06
)
;

boundaryField
{
    movingWall
    {
        type            calculated;
        value           uniform 0;
    }
    fixedWalls
    {
        type            calculated;
        value           uniform 0;
    }
    frontAndBack
    {
        type            empty;
        value           nonuniform 0();
    }
}


// ************************************************************************* //
