/*--------------------------------*- C++ -*----------------------------------*\
  =========                 |
  \\      /  F ield         | OpenFOAM: The Open Source CFD Toolbox
   \\    /   O peration     | Website:  https://openfoam.org
    \\  /    A nd           | Version:  7
     \\/     M anipulation  |
\*---------------------------------------------------------------------------*/
FoamFile
{
    version     2.0;
    format      ascii;
    class       volVectorField;
    location    "0.5";
    object      U;
}
// * * * * * * * * * * * * * * * * * * * * * * * * * * * * * * * * * * * * * //

dimensions      [0 1 -1 0 0 0 0];

internalField   nonuniform List<vector> 
3200
(
(1.21499e-05 -1.20698e-05 0)
(6.18882e-05 -3.12521e-05 0)
(0.000140911 -3.58301e-05 0)
(0.000214677 -3.07953e-05 0)
(0.00026483 -2.13471e-05 0)
(0.000284482 -1.05373e-05 0)
(0.000272086 -4.82537e-10 0)
(0.000229079 9.44818e-06 0)
(0.000158481 1.74993e-05 0)
(6.39044e-05 2.4126e-05 0)
(-5.10887e-05 2.94722e-05 0)
(-0.000183369 3.37713e-05 0)
(-0.000330449 3.72883e-05 0)
(-0.00049058 4.02939e-05 0)
(-0.00066278 4.30494e-05 0)
(-0.000846802 4.57918e-05 0)
(-0.00104308 4.87274e-05 0)
(-0.00125265 5.2035e-05 0)
(-0.00147711 5.58694e-05 0)
(-0.00171851 6.03637e-05 0)
(-0.00197934 6.56336e-05 0)
(-0.00226243 7.17823e-05 0)
(-0.00257101 7.89075e-05 0)
(-0.00290859 8.71052e-05 0)
(-0.003279 9.64732e-05 0)
(-0.0036864 0.000107113 0)
(-0.00413523 0.000119129 0)
(-0.00463024 0.000132634 0)
(-0.00517648 0.00014774 0)
(-0.00577929 0.000164563 0)
(-0.00644423 0.000183216 0)
(-0.00717708 0.000203805 0)
(-0.00798377 0.000226423 0)
(-0.00887024 0.000251138 0)
(-0.00984238 0.000277989 0)
(-0.0109059 0.000306973 0)
(-0.0120659 0.00033803 0)
(-0.0133271 0.000371034 0)
(-0.0146931 0.000405773 0)
(-0.0161664 0.000441933 0)
(-0.0177478 0.000479081 0)
(-0.0194362 0.000516647 0)
(-0.0212282 0.000553908 0)
(-0.0231174 0.000589968 0)
(-0.0250941 0.000623748 0)
(-0.027145 0.000653981 0)
(-0.0292524 0.000679203 0)
(-0.0313942 0.00069777 0)
(-0.0335432 0.000707872 0)
(-0.0356674 0.000707569 0)
(-0.0377294 0.000694844 0)
(-0.0396871 0.000667678 0)
(-0.0414936 0.000624144 0)
(-0.0430985 0.000562534 0)
(-0.0444485 0.0004815 0)
(-0.0454891 0.00038022 0)
(-0.0461664 0.000258517 0)
(-0.0464303 0.000117226 0)
(-0.0462346 -4.03463e-05 0)
(-0.0455422 -0.00021254 0)
(-0.0443294 -0.000394506 0)
(-0.0425866 -0.000580083 0)
(-0.0403224 -0.000762012 0)
(-0.0375662 -0.000932094 0)
(-0.0343694 -0.00108161 0)
(-0.0308058 -0.00120191 0)
(-0.0269702 -0.00128516 0)
(-0.0229751 -0.00132507 0)
(-0.0189461 -0.00131767 0)
(-0.015015 -0.00126184 0)
(-0.0113123 -0.00115961 0)
(-0.00795928 -0.00101609 0)
(-0.00506004 -0.000838996 0)
(-0.00269525 -0.00063799 0)
(-0.00091671 -0.000424012 0)
(0.000255484 -0.000209355 0)
(0.000837542 -8.20539e-06 0)
(0.000891512 0.000157298 0)
(0.000570172 0.000245345 0)
(0.00017145 0.000171664 0)
(3.20655e-05 -6.22996e-05 0)
(0.000131191 -0.000129762 0)
(0.000264325 -0.000138288 0)
(0.000372488 -0.00010782 0)
(0.000422149 -5.66855e-05 0)
(0.000398366 2.71142e-06 0)
(0.000296071 6.26722e-05 0)
(0.000116672 0.000118787 0)
(-0.000134482 0.000168931 0)
(-0.000450213 0.000212494 0)
(-0.000823022 0.00024984 0)
(-0.0012461 0.000281931 0)
(-0.00171395 0.000310045 0)
(-0.00222271 0.000335595 0)
(-0.00277034 0.000360009 0)
(-0.00335659 0.000384647 0)
(-0.00398292 0.000410758 0)
(-0.0046524 0.000439464 0)
(-0.00536954 0.000471762 0)
(-0.00614017 0.000508535 0)
(-0.00697125 0.000550566 0)
(-0.00787081 0.00059857 0)
(-0.00884786 0.000653207 0)
(-0.00991228 0.000715107 0)
(-0.0110748 0.000784878 0)
(-0.0123469 0.000863119 0)
(-0.013741 0.000950416 0)
(-0.0152699 0.00104734 0)
(-0.0169472 0.00115442 0)
(-0.0187871 0.00127215 0)
(-0.0208041 0.00140093 0)
(-0.0230128 0.00154105 0)
(-0.0254279 0.00169261 0)
(-0.0280635 0.00185554 0)
(-0.0309331 0.00202944 0)
(-0.0340488 0.0022136 0)
(-0.0374209 0.00240687 0)
(-0.0410571 0.00260763 0)
(-0.0449619 0.00281367 0)
(-0.0491355 0.00302213 0)
(-0.0535731 0.00322944 0)
(-0.058264 0.00343122 0)
(-0.0631903 0.00362229 0)
(-0.0683259 0.00379656 0)
(-0.0736361 0.00394712 0)
(-0.0790759 0.0040662 0)
(-0.0845899 0.00414533 0)
(-0.0901118 0.00417541 0)
(-0.0955637 0.00414695 0)
(-0.100857 0.00405038 0)
(-0.105892 0.00387632 0)
(-0.110561 0.00361611 0)
(-0.114748 0.0032623 0)
(-0.11833 0.00280926 0)
(-0.121186 0.00225388 0)
(-0.123194 0.00159632 0)
(-0.124238 0.000840652 0)
(-0.124214 -4.37832e-06 0)
(-0.123037 -0.00092291 0)
(-0.120643 -0.00189658 0)
(-0.116998 -0.00289932 0)
(-0.112103 -0.00389942 0)
(-0.105999 -0.00486047 0)
(-0.098772 -0.00574267 0)
(-0.0905533 -0.00650482 0)
(-0.0815196 -0.00710689 0)
(-0.0718901 -0.00751308 0)
(-0.0619197 -0.00769505 0)
(-0.0518891 -0.00763498 0)
(-0.0420921 -0.00732808 0)
(-0.0328204 -0.00678404 0)
(-0.0243473 -0.00602718 0)
(-0.0169106 -0.00509529 0)
(-0.0106977 -0.00403737 0)
(-0.00583169 -0.00291147 0)
(-0.00235958 -0.00178451 0)
(-0.00024097 -0.000735203 0)
(0.000668029 0.000131516 0)
(0.000663561 0.000656303 0)
(0.000240965 0.000562169 0)
(3.77805e-05 -0.000143654 0)
(0.000141752 -0.000264034 0)
(0.000260315 -0.000258782 0)
(0.000325028 -0.000171423 0)
(0.000297426 -3.74709e-05 0)
(0.000159789 0.000117108 0)
(-9.42081e-05 0.000274834 0)
(-0.00046296 0.000425018 0)
(-0.000939783 0.000562033 0)
(-0.00151551 0.000683891 0)
(-0.00218043 0.00079108 0)
(-0.00292567 0.000885699 0)
(-0.00374412 0.000970795 0)
(-0.00463091 0.00104988 0)
(-0.00558375 0.00112662 0)
(-0.0066029 0.00120455 0)
(-0.00769118 0.00128703 0)
(-0.00885376 0.00137711 0)
(-0.010098 0.00147753 0)
(-0.0114332 0.00159077 0)
(-0.0128706 0.00171904 0)
(-0.0144229 0.00186436 0)
(-0.0161043 0.00202858 0)
(-0.0179304 0.00221345 0)
(-0.019918 0.0024206 0)
(-0.0220851 0.0026516 0)
(-0.0244508 0.00290791 0)
(-0.0270348 0.00319089 0)
(-0.0298577 0.0035017 0)
(-0.0329407 0.0038413 0)
(-0.0363048 0.0042103 0)
(-0.0399712 0.00460888 0)
(-0.0439602 0.00503666 0)
(-0.0482908 0.00549252 0)
(-0.05298 0.00597447 0)
(-0.0580422 0.00647947 0)
(-0.0634877 0.00700321 0)
(-0.0693221 0.00753997 0)
(-0.0755451 0.0080824 0)
(-0.0821487 0.00862139 0)
(-0.0891167 0.0091459 0)
(-0.0964225 0.0096429 0)
(-0.104029 0.0100973 0)
(-0.111885 0.010492 0)
(-0.119928 0.0108081 0)
(-0.128079 0.0110251 0)
(-0.136246 0.0111209 0)
(-0.144322 0.0110732 0)
(-0.152185 0.0108591 0)
(-0.1597 0.0104566 0)
(-0.166721 0.00984553 0)
(-0.173092 0.00900825 0)
(-0.178652 0.00793132 0)
(-0.183238 0.00660672 0)
(-0.186687 0.00503331 0)
(-0.188847 0.00321842 0)
(-0.189575 0.00117913 0)
(-0.188751 -0.00105698 0)
(-0.186279 -0.00344929 0)
(-0.182097 -0.00594513 0)
(-0.176183 -0.0084797 0)
(-0.168558 -0.0109766 0)
(-0.159297 -0.0133498 0)
(-0.148526 -0.0155071 0)
(-0.136431 -0.0173543 0)
(-0.123252 -0.0188005 0)
(-0.109282 -0.0197649 0)
(-0.0948561 -0.0201835 0)
(-0.0803459 -0.0200154 0)
(-0.06614 -0.019249 0)
(-0.0526273 -0.0179055 0)
(-0.0401765 -0.0160401 0)
(-0.029114 -0.0137408 0)
(-0.0197023 -0.0111251 0)
(-0.0121203 -0.00833568 0)
(-0.00644498 -0.00553903 0)
(-0.00263569 -0.00293034 0)
(-0.000517338 -0.000749385 0)
(0.000246441 0.000686145 0)
(0.000171458 0.00089082 0)
(3.32421e-05 -0.000220586 0)
(0.000108496 -0.000371093 0)
(0.000159792 -0.000321427 0)
(0.000120302 -0.000143214 0)
(-4.72226e-05 0.000109109 0)
(-0.000359676 0.000394988 0)
(-0.000822199 0.000686296 0)
(-0.00143174 0.000965324 0)
(-0.00218007 0.00122246 0)
(-0.00305642 0.00145411 0)
(-0.00404967 0.00166096 0)
(-0.0051498 0.00184655 0)
(-0.00634894 0.0020162 0)
(-0.00764204 0.00217613 0)
(-0.00902719 0.00233291 0)
(-0.0105056 0.00249301 0)
(-0.0120818 0.00266258 0)
(-0.0137632 0.00284729 0)
(-0.0155598 0.0030523 0)
(-0.0174845 0.00328226 0)
(-0.0195521 0.00354139 0)
(-0.0217797 0.00383349 0)
(-0.0241862 0.00416205 0)
(-0.0267922 0.0045303 0)
(-0.0296198 0.00494122 0)
(-0.0326924 0.00539759 0)
(-0.0360344 0.00590187 0)
(-0.0396713 0.00645624 0)
(-0.043629 0.00706241 0)
(-0.0479335 0.00772152 0)
(-0.0526106 0.00843394 0)
(-0.057685 0.00919907 0)
(-0.0631798 0.010015 0)
(-0.0691156 0.0108785 0)
(-0.0755094 0.0117842 0)
(-0.0823734 0.0127249 0)
(-0.0897139 0.0136907 0)
(-0.0975297 0.0146692 0)
(-0.105811 0.0156447 0)
(-0.114537 0.0165985 0)
(-0.123675 0.0175082 0)
(-0.133179 0.0183483 0)
(-0.142989 0.0190899 0)
(-0.15303 0.0197008 0)
(-0.163207 0.0201465 0)
(-0.173413 0.02039 0)
(-0.183522 0.0203936 0)
(-0.193392 0.0201191 0)
(-0.20287 0.0195298 0)
(-0.211788 0.0185912 0)
(-0.21997 0.0172734 0)
(-0.227234 0.0155525 0)
(-0.233396 0.0134129 0)
(-0.238275 0.0108488 0)
(-0.241697 0.00786682 0)
(-0.2435 0.00448765 0)
(-0.243544 0.000748133 0)
(-0.24171 -0.00329618 0)
(-0.237909 -0.0075737 0)
(-0.232092 -0.0119918 0)
(-0.224252 -0.0164397 0)
(-0.214427 -0.0207893 0)
(-0.202711 -0.024899 0)
(-0.189254 -0.0286177 0)
(-0.174267 -0.0317916 0)
(-0.158017 -0.0342725 0)
(-0.140833 -0.0359276 0)
(-0.12309 -0.0366502 0)
(-0.105206 -0.0363702 0)
(-0.0876242 -0.0350641 0)
(-0.0707942 -0.032762 0)
(-0.0551494 -0.0295512 0)
(-0.0410816 -0.0255758 0)
(-0.0289156 -0.0210329 0)
(-0.0188834 -0.0161666 0)
(-0.0111024 -0.011264 0)
(-0.0055558 -0.00665778 0)
(-0.00207682 -0.00273837 0)
(-0.000350968 1.59083e-05 0)
(6.07823e-05 0.000941454 0)
(2.27147e-05 -0.000271139 0)
(4.5128e-05 -0.000407327 0)
(-1.29245e-05 -0.000271762 0)
(-0.000206844 3.59256e-05 0)
(-0.000567564 0.000442251 0)
(-0.00110825 0.000892374 0)
(-0.00183067 0.00134793 0)
(-0.00272887 0.00178453 0)
(-0.00379235 0.00218888 0)
(-0.00500861 0.00255609 0)
(-0.00636528 0.00288739 0)
(-0.00785161 0.00318819 0)
(-0.00945955 0.00346652 0)
(-0.0111843 0.00373183 0)
(-0.0130249 0.00399413 0)
(-0.0149838 0.00426334 0)
(-0.0170673 0.00454896 0)
(-0.0192851 0.00485977 0)
(-0.0216501 0.00520381 0)
(-0.0241781 0.00558837 0)
(-0.0268876 0.00602004 0)
(-0.0297994 0.00650475 0)
(-0.0329364 0.00704794 0)
(-0.0363235 0.00765451 0)
(-0.0399871 0.00832895 0)
(-0.0439548 0.00907523 0)
(-0.0482555 0.00989679 0)
(-0.0529184 0.0107964 0)
(-0.0579731 0.0117759 0)
(-0.0634485 0.0128361 0)
(-0.0693726 0.0139763 0)
(-0.0757712 0.0151941 0)
(-0.0826674 0.0164849 0)
(-0.0900801 0.0178414 0)
(-0.0980226 0.0192533 0)
(-0.106502 0.020707 0)
(-0.115516 0.0221845 0)
(-0.125053 0.0236638 0)
(-0.13509 0.0251182 0)
(-0.14559 0.0265162 0)
(-0.156503 0.0278213 0)
(-0.167761 0.0289924 0)
(-0.179282 0.0299843 0)
(-0.190963 0.0307476 0)
(-0.202689 0.0312305 0)
(-0.214323 0.0313794 0)
(-0.225716 0.0311407 0)
(-0.236704 0.030462 0)
(-0.247113 0.0292945 0)
(-0.256759 0.0275949 0)
(-0.265454 0.0253278 0)
(-0.273009 0.0224677 0)
(-0.279236 0.0190018 0)
(-0.283958 0.014932 0)
(-0.287005 0.0102776 0)
(-0.288228 0.00507712 0)
(-0.287494 -0.000609378 0)
(-0.284699 -0.00669775 0)
(-0.279767 -0.013082 0)
(-0.272658 -0.0196299 0)
(-0.26337 -0.0261854 0)
(-0.251949 -0.0325704 0)
(-0.238489 -0.0385882 0)
(-0.223141 -0.0440294 0)
(-0.206112 -0.0486801 0)
(-0.187674 -0.052332 0)
(-0.168156 -0.0547959 0)
(-0.147948 -0.0559158 0)
(-0.127487 -0.0555846 0)
(-0.107248 -0.0537584 0)
(-0.0877205 -0.050468 0)
(-0.0693912 -0.045827 0)
(-0.0527103 -0.0400333 0)
(-0.0380638 -0.0333653 0)
(-0.025744 -0.0261743 0)
(-0.0159226 -0.0188765 0)
(-0.00862867 -0.0119497 0)
(-0.0037321 -0.00593736 0)
(-0.000977675 -0.00146858 0)
(-4.93909e-05 0.00065474 0)
(8.54529e-06 -0.000282398 0)
(-3.95472e-05 -0.000342675 0)
(-0.000240524 -6.93485e-05 0)
(-0.000630602 0.000412345 0)
(-0.00123004 0.00101098 0)
(-0.00204564 0.00165851 0)
(-0.00307372 0.00230738 0)
(-0.00430395 0.00292747 0)
(-0.00572257 0.00350265 0)
(-0.00731488 0.00402746 0)
(-0.0090671 0.00450435 0)
(-0.0109679 0.00494117 0)
(-0.0130091 0.00534923 0)
(-0.0151867 0.00574171 0)
(-0.0175005 0.00613256 0)
(-0.0199547 0.0065356 0)
(-0.0225574 0.00696406 0)
(-0.0253207 0.00743026 0)
(-0.02826 0.00794547 0)
(-0.0313939 0.00851991 0)
(-0.034744 0.00916279 0)
(-0.0383343 0.00988242 0)
(-0.0421911 0.0106863 0)
(-0.0463425 0.011581 0)
(-0.0508183 0.0125726 0)
(-0.0556492 0.013666 0)
(-0.0608667 0.0148654 0)
(-0.0665027 0.0161737 0)
(-0.0725881 0.0175923 0)
(-0.0791531 0.0191208 0)
(-0.0862252 0.0207564 0)
(-0.0938291 0.0224936 0)
(-0.101985 0.0243234 0)
(-0.110706 0.026233 0)
(-0.120001 0.028205 0)
(-0.129867 0.0302168 0)
(-0.140291 0.0322403 0)
(-0.151249 0.0342415 0)
(-0.162703 0.0361798 0)
(-0.174598 0.0380089 0)
(-0.186864 0.0396761 0)
(-0.199416 0.0411233 0)
(-0.21215 0.0422875 0)
(-0.224943 0.0431025 0)
(-0.23766 0.0434997 0)
(-0.25015 0.0434104 0)
(-0.262247 0.0427675 0)
(-0.27378 0.0415082 0)
(-0.284566 0.0395759 0)
(-0.294422 0.036923 0)
(-0.303164 0.0335135 0)
(-0.310611 0.0293254 0)
(-0.316588 0.024353 0)
(-0.320933 0.0186095 0)
(-0.323495 0.0121292 0)
(-0.324139 0.00496956 0)
(-0.32275 -0.0027866 0)
(-0.319234 -0.0110304 0)
(-0.313525 -0.0196232 0)
(-0.305582 -0.028398 0)
(-0.2954 -0.0371588 0)
(-0.283013 -0.0456824 0)
(-0.268497 -0.0537217 0)
(-0.251982 -0.0610116 0)
(-0.233652 -0.0672779 0)
(-0.213754 -0.0722502 0)
(-0.192603 -0.0756766 0)
(-0.170577 -0.0773432 0)
(-0.148117 -0.0770941 0)
(-0.125715 -0.0748518 0)
(-0.103896 -0.0706353 0)
(-0.0831943 -0.0645731 0)
(-0.0641222 -0.056909 0)
(-0.0471357 -0.0479992 0)
(-0.0325999 -0.0383033 0)
(-0.0207586 -0.0283705 0)
(-0.0117065 -0.0188278 0)
(-0.00537168 -0.0103725 0)
(-0.00157838 -0.00377681 0)
(-0.000146466 4.4902e-05 0)
(-8.11524e-06 -0.000245252 0)
(-0.000140191 -0.000153451 0)
(-0.00051118 0.000319412 0)
(-0.00113232 0.00102564 0)
(-0.00200943 0.00185786 0)
(-0.00314054 0.00273659 0)
(-0.00451452 0.00360669 0)
(-0.00611513 0.00443378 0)
(-0.00792435 0.00520014 0)
(-0.00992456 0.0059009 0)
(-0.0121003 0.00654061 0)
(-0.0144393 0.00713037 0)
(-0.0169335 0.00768542 0)
(-0.0195795 0.00822324 0)
(-0.0223783 0.00876214 0)
(-0.0253356 0.00932027 0)
(-0.0284614 0.00991492 0)
(-0.0317698 0.0105622 0)
(-0.0352785 0.0112768 0)
(-0.0390088 0.0120722 0)
(-0.0429847 0.0129602 0)
(-0.0472327 0.0139515 0)
(-0.0517817 0.0150558 0)
(-0.0566622 0.0162812 0)
(-0.061906 0.0176351 0)
(-0.0675456 0.0191231 0)
(-0.0736141 0.0207495 0)
(-0.0801436 0.0225169 0)
(-0.0871651 0.0244252 0)
(-0.0947075 0.0264719 0)
(-0.102796 0.0286508 0)
(-0.111452 0.0309518 0)
(-0.120689 0.0333602 0)
(-0.130515 0.0358554 0)
(-0.140929 0.0384109 0)
(-0.151917 0.0409935 0)
(-0.163454 0.0435626 0)
(-0.175502 0.0460703 0)
(-0.188006 0.0484608 0)
(-0.200897 0.0506714 0)
(-0.214087 0.0526325 0)
(-0.227475 0.054269 0)
(-0.24094 0.0555013 0)
(-0.254349 0.0562474 0)
(-0.267555 0.056425 0)
(-0.280399 0.0559535 0)
(-0.292715 0.0547569 0)
(-0.304333 0.0527662 0)
(-0.315078 0.0499222 0)
(-0.32478 0.0461781 0)
(-0.333271 0.0415018 0)
(-0.340389 0.0358781 0)
(-0.345982 0.0293111 0)
(-0.349909 0.0218261 0)
(-0.352042 0.0134717 0)
(-0.352263 0.00432179 0)
(-0.350471 -0.00552271 0)
(-0.34658 -0.0159317 0)
(-0.340523 -0.0267434 0)
(-0.33225 -0.0377632 0)
(-0.32174 -0.0487634 0)
(-0.308999 -0.0594827 0)
(-0.294071 -0.0696296 0)
(-0.277044 -0.0788869 0)
(-0.258062 -0.0869212 0)
(-0.23733 -0.093396 0)
(-0.215126 -0.09799 0)
(-0.191804 -0.100419 0)
(-0.167793 -0.100464 0)
(-0.143595 -0.0979945 0)
(-0.119762 -0.0930006 0)
(-0.0968805 -0.0856086 0)
(-0.0755316 -0.0760948 0)
(-0.0562545 -0.0648855 0)
(-0.0395051 -0.052546 0)
(-0.0256188 -0.0397606 0)
(-0.0147761 -0.0273101 0)
(-0.00698106 -0.0160492 0)
(-0.00214819 -0.00689308 0)
(-0.000230985 -0.000862687 0)
(-2.66625e-05 -0.000152646 0)
(-0.000253554 0.000179704 0)
(-0.000817011 0.000922756 0)
(-0.00169878 0.0019097 0)
(-0.00288701 0.00301973 0)
(-0.00436871 0.0041642 0)
(-0.00612346 0.00528246 0)
(-0.00812765 0.00633777 0)
(-0.0103579 0.00731251 0)
(-0.0127928 0.00820378 0)
(-0.0154148 0.00901944 0)
(-0.0182106 0.00977481 0)
(-0.0211719 0.0104898 0)
(-0.0242957 0.0111868 0)
(-0.0275841 0.0118889 0)
(-0.0310444 0.0126189 0)
(-0.0346882 0.0133984 0)
(-0.0385314 0.0142476 0)
(-0.0425939 0.0151847 0)
(-0.0468986 0.0162262 0)
(-0.0514716 0.0173868 0)
(-0.0563412 0.0186795 0)
(-0.0615379 0.0201157 0)
(-0.0670935 0.0217052 0)
(-0.0730407 0.023456 0)
(-0.0794127 0.025374 0)
(-0.086242 0.0274631 0)
(-0.0935599 0.0297244 0)
(-0.101395 0.0321558 0)
(-0.109774 0.0347512 0)
(-0.118718 0.0374998 0)
(-0.128241 0.0403855 0)
(-0.138351 0.0433858 0)
(-0.149046 0.0464711 0)
(-0.160315 0.0496041 0)
(-0.172132 0.0527392 0)
(-0.184461 0.0558219 0)
(-0.197249 0.0587894 0)
(-0.210427 0.06157 0)
(-0.223913 0.0640848 0)
(-0.237605 0.0662478 0)
(-0.251392 0.0679685 0)
(-0.265144 0.0691532 0)
(-0.278723 0.0697073 0)
(-0.291981 0.0695386 0)
(-0.304763 0.0685594 0)
(-0.316912 0.0666896 0)
(-0.32827 0.0638591 0)
(-0.33868 0.0600108 0)
(-0.347995 0.0551027 0)
(-0.356069 0.0491094 0)
(-0.362767 0.0420245 0)
(-0.367965 0.0338621 0)
(-0.371545 0.0246581 0)
(-0.373398 0.0144718 0)
(-0.373425 0.00338829 0)
(-0.371534 -0.00847958 0)
(-0.36764 -0.0209889 0)
(-0.361668 -0.0339635 0)
(-0.353552 -0.0471911 0)
(-0.343244 -0.0604214 0)
(-0.330712 -0.0733642 0)
(-0.315955 -0.0856905 0)
(-0.299009 -0.097036 0)
(-0.27996 -0.107009 0)
(-0.258956 -0.115205 0)
(-0.236224 -0.121223 0)
(-0.212074 -0.124698 0)
(-0.186913 -0.125325 0)
(-0.161236 -0.122903 0)
(-0.135622 -0.117367 0)
(-0.110706 -0.108816 0)
(-0.0871483 -0.0975425 0)
(-0.0655847 -0.0840277 0)
(-0.0465818 -0.0689374 0)
(-0.0305892 -0.0530926 0)
(-0.0178949 -0.0374346 0)
(-0.00859582 -0.0229846 0)
(-0.00270588 -0.0108107 0)
(-0.0003086 -0.00205123 0)
(-4.6781e-05 1.23751e-06 0)
(-0.000377714 0.000672891 0)
(-0.00115285 0.00176459 0)
(-0.00232064 0.00309354 0)
(-0.00384882 0.00452832 0)
(-0.0057113 0.00597372 0)
(-0.00787664 0.0073661 0)
(-0.0103124 0.00866862 0)
(-0.0129888 0.00986574 0)
(-0.0158799 0.0109582 0)
(-0.0189654 0.0119587 0)
(-0.0222304 0.0128877 0)
(-0.0256664 0.0137708 0)
(-0.0292706 0.0146358 0)
(-0.033046 0.0155112 0)
(-0.0370009 0.0164245 0)
(-0.0411484 0.0174021 0)
(-0.0455059 0.018468 0)
(-0.0500948 0.0196441 0)
(-0.0549393 0.0209499 0)
(-0.0600668 0.0224028 0)
(-0.0655066 0.0240179 0)
(-0.0712898 0.025808 0)
(-0.0774484 0.027784 0)
(-0.0840149 0.0299541 0)
(-0.0910216 0.0323241 0)
(-0.0984992 0.0348964 0)
(-0.106477 0.0376699 0)
(-0.114979 0.0406391 0)
(-0.124028 0.0437934 0)
(-0.133639 0.047116 0)
(-0.143819 0.0505832 0)
(-0.154567 0.0541637 0)
(-0.165873 0.0578173 0)
(-0.177713 0.0614947 0)
(-0.190052 0.0651369 0)
(-0.202841 0.0686752 0)
(-0.216014 0.0720314 0)
(-0.229493 0.0751188 0)
(-0.243185 0.0778431 0)
(-0.256983 0.0801044 0)
(-0.270768 0.0817993 0)
(-0.284412 0.0828235 0)
(-0.297778 0.0830743 0)
(-0.310726 0.0824541 0)
(-0.323114 0.0808729 0)
(-0.334801 0.0782512 0)
(-0.345651 0.0745225 0)
(-0.355532 0.0696351 0)
(-0.364321 0.0635542 0)
(-0.371904 0.0562629 0)
(-0.378172 0.0477633 0)
(-0.383027 0.0380774 0)
(-0.386374 0.0272483 0)
(-0.388124 0.0153415 0)
(-0.388191 0.00244679 0)
(-0.386487 -0.011319 0)
(-0.382926 -0.0258089 0)
(-0.377422 -0.040842 0)
(-0.369888 -0.0561986 0)
(-0.360243 -0.0716159 0)
(-0.348414 -0.0867847 0)
(-0.334346 -0.101347 0)
(-0.318016 -0.114898 0)
(-0.299441 -0.126992 0)
(-0.2787 -0.137151 0)
(-0.25595 -0.144893 0)
(-0.231444 -0.149753 0)
(-0.205544 -0.151325 0)
(-0.178729 -0.149307 0)
(-0.151587 -0.143549 0)
(-0.124801 -0.134097 0)
(-0.0991101 -0.121226 0)
(-0.0752625 -0.105456 0)
(-0.0539549 -0.0875421 0)
(-0.0357753 -0.0684421 0)
(-0.0211433 -0.0492676 0)
(-0.010269 -0.0312224 0)
(-0.00327769 -0.015546 0)
(-0.000386091 -0.00351861 0)
(-6.83658e-05 0.000221478 0)
(-0.000511538 0.00134004 0)
(-0.00151524 0.00286562 0)
(-0.00299127 0.00460229 0)
(-0.00488441 0.00641094 0)
(-0.00715359 0.00819279 0)
(-0.00975467 0.00988403 0)
(-0.012645 0.0114503 0)
(-0.0157873 0.0128804 0)
(-0.0191506 0.0141808 0)
(-0.0227108 0.0153703 0)
(-0.0264515 0.0164761 0)
(-0.0303631 0.0175302 0)
(-0.0344429 0.0185665 0)
(-0.0386945 0.0196193 0)
(-0.043127 0.0207215 0)
(-0.0477546 0.0219037 0)
(-0.0525956 0.0231941 0)
(-0.0576721 0.0246182 0)
(-0.0630095 0.0261983 0)
(-0.0686353 0.027954 0)
(-0.0745791 0.0299024 0)
(-0.0808715 0.0320574 0)
(-0.0875439 0.0344302 0)
(-0.0946273 0.0370288 0)
(-0.102152 0.0398578 0)
(-0.110145 0.0429177 0)
(-0.118633 0.0462039 0)
(-0.127635 0.0497067 0)
(-0.137166 0.0534096 0)
(-0.147236 0.0572888 0)
(-0.157844 0.061312 0)
(-0.16898 0.0654378 0)
(-0.180623 0.0696145 0)
(-0.192742 0.0737803 0)
(-0.205289 0.0778628 0)
(-0.218206 0.0817789 0)
(-0.23142 0.0854365 0)
(-0.244845 0.088735 0)
(-0.258383 0.0915674 0)
(-0.271926 0.0938226 0)
(-0.285356 0.0953881 0)
(-0.298551 0.096153 0)
(-0.311385 0.096011 0)
(-0.323732 0.0948638 0)
(-0.335469 0.0926234 0)
(-0.346478 0.089215 0)
(-0.356646 0.0845785 0)
(-0.365872 0.0786701 0)
(-0.374059 0.0714634 0)
(-0.381121 0.0629493 0)
(-0.386978 0.0531369 0)
(-0.391555 0.0420534 0)
(-0.394779 0.029745 0)
(-0.396576 0.0162778 0)
(-0.39687 0.00174008 0)
(-0.395579 -0.013755 0)
(-0.392615 -0.0300651 0)
(-0.387877 -0.0470135 0)
(-0.38126 -0.064383 0)
(-0.372651 -0.0819095 0)
(-0.361935 -0.0992751 0)
(-0.349005 -0.116104 0)
(-0.333771 -0.131958 0)
(-0.316178 -0.146344 0)
(-0.296224 -0.158716 0)
(-0.273982 -0.168501 0)
(-0.249627 -0.175127 0)
(-0.223456 -0.178065 0)
(-0.195907 -0.176885 0)
(-0.167562 -0.171317 0)
(-0.139136 -0.161311 0)
(-0.111445 -0.147094 0)
(-0.0853545 -0.12919 0)
(-0.0617105 -0.108428 0)
(-0.0412644 -0.0859005 0)
(-0.0245954 -0.0628998 0)
(-0.0120516 -0.0408339 0)
(-0.00388854 -0.0211418 0)
(-0.000469519 -0.0052779 0)
(-9.13737e-05 0.000512769 0)
(-0.000654366 0.00219375 0)
(-0.00190192 0.00424424 0)
(-0.00370599 0.00645796 0)
(-0.00598601 0.00869121 0)
(-0.00868409 0.0108448 0)
(-0.0117418 0.012858 0)
(-0.015105 0.0147016 0)
(-0.0187279 0.0163716 0)
(-0.0225736 0.0178821 0)
(-0.026614 0.0192599 0)
(-0.0308303 0.0205403 0)
(-0.0352116 0.0217625 0)
(-0.039755 0.0229674 0)
(-0.0444641 0.0241954 0)
(-0.0493486 0.0254847 0)
(-0.054423 0.0268707 0)
(-0.0597062 0.0283857 0)
(-0.0652208 0.0300581 0)
(-0.0709919 0.0319131 0)
(-0.0770469 0.0339723 0)
(-0.0834146 0.0362539 0)
(-0.0901244 0.0387726 0)
(-0.0972059 0.0415395 0)
(-0.104688 0.0445616 0)
(-0.112596 0.0478414 0)
(-0.120956 0.0513765 0)
(-0.129787 0.0551584 0)
(-0.139104 0.0591718 0)
(-0.148916 0.0633936 0)
(-0.159224 0.0677918 0)
(-0.170019 0.072325 0)
(-0.181284 0.0769409 0)
(-0.192989 0.0815764 0)
(-0.205092 0.086157 0)
(-0.217542 0.0905972 0)
(-0.23027 0.0948014 0)
(-0.243201 0.0986648 0)
(-0.256244 0.102075 0)
(-0.269304 0.104916 0)
(-0.282275 0.107069 0)
(-0.295048 0.108416 0)
(-0.307512 0.108843 0)
(-0.319556 0.108246 0)
(-0.331074 0.106528 0)
(-0.341964 0.103608 0)
(-0.352134 0.0994184 0)
(-0.361499 0.0939066 0)
(-0.369983 0.0870381 0)
(-0.377518 0.0787943 0)
(-0.384044 0.069173 0)
(-0.389504 0.0581879 0)
(-0.393846 0.0458682 0)
(-0.397016 0.0322593 0)
(-0.398953 0.0174231 0)
(-0.399593 0.00144059 0)
(-0.398858 -0.0155848 0)
(-0.396658 -0.0335225 0)
(-0.392887 -0.0522086 0)
(-0.387422 -0.0714378 0)
(-0.380125 -0.090955 0)
(-0.370844 -0.110446 0)
(-0.359422 -0.129527 0)
(-0.345708 -0.147743 0)
(-0.329568 -0.164559 0)
(-0.310914 -0.179369 0)
(-0.289723 -0.191514 0)
(-0.266072 -0.200304 0)
(-0.240169 -0.205071 0)
(-0.212383 -0.205229 0)
(-0.183259 -0.200348 0)
(-0.153524 -0.190238 0)
(-0.124056 -0.175026 0)
(-0.0958365 -0.155202 0)
(-0.069873 -0.13164 0)
(-0.0471053 -0.105556 0)
(-0.0283031 -0.0784339 0)
(-0.0139827 -0.0519119 0)
(-0.00455804 -0.0276631 0)
(-0.000563569 -0.00735476 0)
(-0.0001158 0.000879596 0)
(-0.000805849 0.00324569 0)
(-0.0023115 0.00591718 0)
(-0.00446164 0.00868016 0)
(-0.00714797 0.0113896 0)
(-0.010294 0.0139495 0)
(-0.0138254 0.0163053 0)
(-0.0176754 0.0184368 0)
(-0.0217888 0.0203492 0)
(-0.0261217 0.0220671 0)
(-0.0306418 0.0236272 0)
(-0.0353272 0.0250739 0)
(-0.0401656 0.0264551 0)
(-0.0451531 0.0278192 0)
(-0.0502932 0.029213 0)
(-0.0555953 0.0306803 0)
(-0.0610743 0.0322614 0)
(-0.0667489 0.033992 0)
(-0.0726412 0.0359038 0)
(-0.0787758 0.0380242 0)
(-0.085179 0.0403765 0)
(-0.0918781 0.0429796 0)
(-0.0989005 0.0458484 0)
(-0.106273 0.048993 0)
(-0.114021 0.0524189 0)
(-0.122168 0.0561259 0)
(-0.130732 0.0601078 0)
(-0.139728 0.0643512 0)
(-0.149166 0.0688347 0)
(-0.159047 0.0735278 0)
(-0.169364 0.0783899 0)
(-0.180104 0.0833699 0)
(-0.191239 0.0884048 0)
(-0.202733 0.0934201 0)
(-0.21454 0.0983296 0)
(-0.226601 0.103036 0)
(-0.238846 0.107433 0)
(-0.251198 0.111405 0)
(-0.26357 0.114832 0)
(-0.275869 0.117591 0)
(-0.287999 0.119559 0)
(-0.299863 0.120617 0)
(-0.311366 0.120653 0)
(-0.322416 0.119565 0)
(-0.332927 0.117264 0)
(-0.342823 0.113676 0)
(-0.352035 0.108742 0)
(-0.360503 0.102419 0)
(-0.368178 0.0946813 0)
(-0.375016 0.0855167 0)
(-0.38098 0.0749284 0)
(-0.386035 0.0629323 0)
(-0.390147 0.0495572 0)
(-0.393279 0.0348441 0)
(-0.395385 0.0188475 0)
(-0.396412 0.00163705 0)
(-0.396289 -0.0166984 0)
(-0.39493 -0.0360456 0)
(-0.392226 -0.0562602 0)
(-0.388048 -0.0771573 0)
(-0.382239 -0.0985009 0)
(-0.37462 -0.119992 0)
(-0.364993 -0.141256 0)
(-0.353151 -0.16183 0)
(-0.338886 -0.181157 0)
(-0.32202 -0.198583 0)
(-0.302425 -0.213368 0)
(-0.280064 -0.224708 0)
(-0.255032 -0.231784 0)
(-0.227595 -0.233827 0)
(-0.198228 -0.230208 0)
(-0.167633 -0.220545 0)
(-0.136725 -0.204806 0)
(-0.106589 -0.183391 0)
(-0.0783976 -0.157173 0)
(-0.0532999 -0.127473 0)
(-0.0322885 -0.09597 0)
(-0.0160855 -0.0645598 0)
(-0.00529917 -0.0351899 0)
(-0.000671508 -0.00978392 0)
(-0.000141674 0.00132636 0)
(-0.000965888 0.00450699 0)
(-0.00274328 0.0079 0)
(-0.00525632 0.0112867 0)
(-0.00836649 0.0145241 0)
(-0.0119768 0.0175232 0)
(-0.0159957 0.0202397 0)
(-0.0203425 0.0226653 0)
(-0.0249515 0.0248181 0)
(-0.0297715 0.0267353 0)
(-0.0347651 0.0284656 0)
(-0.0399071 0.0300641 0)
(-0.0451831 0.0315884 0)
(-0.0505882 0.033095 0)
(-0.056125 0.0346377 0)
(-0.0618026 0.0362658 0)
(-0.0676352 0.0380243 0)
(-0.0736409 0.0399525 0)
(-0.079841 0.0420848 0)
(-0.0862588 0.0444507 0)
(-0.0929189 0.0470743 0)
(-0.0998463 0.0499751 0)
(-0.107066 0.0531673 0)
(-0.114601 0.0566598 0)
(-0.122474 0.0604556 0)
(-0.130702 0.0645513 0)
(-0.1393 0.0689363 0)
(-0.148276 0.0735916 0)
(-0.157635 0.0784891 0)
(-0.167371 0.0835907 0)
(-0.177472 0.088847 0)
(-0.187915 0.0941972 0)
(-0.198671 0.0995683 0)
(-0.209698 0.104875 0)
(-0.220945 0.110021 0)
(-0.232351 0.114899 0)
(-0.243848 0.119394 0)
(-0.255361 0.123383 0)
(-0.266809 0.12674 0)
(-0.278108 0.129339 0)
(-0.289175 0.131057 0)
(-0.299927 0.131776 0)
(-0.310287 0.131389 0)
(-0.320183 0.129801 0)
(-0.329551 0.126929 0)
(-0.338338 0.12271 0)
(-0.346497 0.117093 0)
(-0.353993 0.110044 0)
(-0.360798 0.101546 0)
(-0.366889 0.0915914 0)
(-0.372249 0.0801875 0)
(-0.376863 0.067351 0)
(-0.380711 0.0531078 0)
(-0.383773 0.037493 0)
(-0.386019 0.0205513 0)
(-0.387405 0.00233902 0)
(-0.387875 -0.0170725 0)
(-0.38735 -0.0375913 0)
(-0.385728 -0.0590975 0)
(-0.382878 -0.0814337 0)
(-0.378638 -0.104392 0)
(-0.372814 -0.127702 0)
(-0.365177 -0.151009 0)
(-0.355474 -0.173864 0)
(-0.343435 -0.195706 0)
(-0.328793 -0.215851 0)
(-0.311313 -0.233493 0)
(-0.290832 -0.247725 0)
(-0.267309 -0.257573 0)
(-0.240879 -0.262068 0)
(-0.211903 -0.260348 0)
(-0.181015 -0.251779 0)
(-0.149128 -0.236104 0)
(-0.117403 -0.213557 0)
(-0.0871702 -0.184951 0)
(-0.0598011 -0.151672 0)
(-0.0365436 -0.11559 0)
(-0.0183666 -0.0788802 0)
(-0.00611854 -0.0438092 0)
(-0.000795388 -0.0126054 0)
(-0.000169057 0.0018575 0)
(-0.00113461 0.00598858 0)
(-0.00319721 0.0102076 0)
(-0.0060893 0.0142939 0)
(-0.00963952 0.0181106 0)
(-0.0137285 0.0215797 0)
(-0.0182459 0.0246713 0)
(-0.0230958 0.0273927 0)
(-0.0282015 0.0297784 0)
(-0.0335036 0.0318809 0)
(-0.0389591 0.0337628 0)
(-0.0445392 0.0354919 0)
(-0.0502272 0.0371362 0)
(-0.0560164 0.038761 0)
(-0.0619084 0.0404273 0)
(-0.0679115 0.0421905 0)
(-0.0740388 0.0440996 0)
(-0.0803073 0.0461977 0)
(-0.0867369 0.0485215 0)
(-0.093349 0.0511019 0)
(-0.100166 0.0539638 0)
(-0.10721 0.0571264 0)
(-0.114504 0.0606029 0)
(-0.122066 0.0644003 0)
(-0.129914 0.0685188 0)
(-0.138062 0.0729511 0)
(-0.14652 0.0776817 0)
(-0.15529 0.0826857 0)
(-0.164371 0.0879282 0)
(-0.173752 0.0933633 0)
(-0.183416 0.0989331 0)
(-0.193337 0.104568 0)
(-0.20348 0.110185 0)
(-0.213801 0.115691 0)
(-0.224248 0.120979 0)
(-0.234763 0.125936 0)
(-0.245281 0.130439 0)
(-0.255733 0.134362 0)
(-0.266046 0.137575 0)
(-0.27615 0.139952 0)
(-0.285975 0.141373 0)
(-0.295454 0.141724 0)
(-0.30453 0.140903 0)
(-0.313149 0.138824 0)
(-0.32127 0.135415 0)
(-0.328859 0.130618 0)
(-0.335891 0.124394 0)
(-0.34235 0.116717 0)
(-0.348226 0.107575 0)
(-0.353515 0.0969665 0)
(-0.358216 0.0849005 0)
(-0.362329 0.0713933 0)
(-0.365852 0.0564674 0)
(-0.368777 0.0401512 0)
(-0.37109 0.022479 0)
(-0.372761 0.00349285 0)
(-0.373749 -0.0167544 0)
(-0.373989 -0.0381939 0)
(-0.373391 -0.0607339 0)
(-0.371833 -0.0842492 0)
(-0.369158 -0.108568 0)
(-0.365167 -0.133458 0)
(-0.359617 -0.158602 0)
(-0.352224 -0.18358 0)
(-0.342666 -0.20785 0)
(-0.330601 -0.230721 0)
(-0.315691 -0.251348 0)
(-0.297644 -0.268737 0)
(-0.276268 -0.281769 0)
(-0.251535 -0.289271 0)
(-0.223655 -0.290114 0)
(-0.193143 -0.283366 0)
(-0.160858 -0.268462 0)
(-0.127994 -0.245387 0)
(-0.0960147 -0.214808 0)
(-0.066517 -0.178114 0)
(-0.0410313 -0.137341 0)
(-0.0208174 -0.094962 0)
(-0.00701713 -0.053607 0)
(-0.000936322 -0.0158614 0)
(-0.000198044 0.00247758 0)
(-0.00131241 0.00770151 0)
(-0.00367395 0.0128548 0)
(-0.00696112 0.0177178 0)
(-0.0109669 0.0221638 0)
(-0.0155474 0.0261307 0)
(-0.0205719 0.0296072 0)
(-0.0259284 0.0326209 0)
(-0.0315278 0.035226 0)
(-0.0373025 0.037493 0)
(-0.0432034 0.0395012 0)
(-0.0491976 0.0413321 0)
(-0.0552656 0.0430655 0)
(-0.0613992 0.0447762 0)
(-0.0675984 0.0465327 0)
(-0.07387 0.0483961 0)
(-0.080226 0.0504199 0)
(-0.0866819 0.0526504 0)
(-0.0932555 0.0551263 0)
(-0.0999662 0.0578796 0)
(-0.106834 0.0609355 0)
(-0.113878 0.0643125 0)
(-0.121116 0.0680224 0)
(-0.128565 0.0720698 0)
(-0.136238 0.0764517 0)
(-0.144144 0.0811564 0)
(-0.152288 0.0861635 0)
(-0.160669 0.091442 0)
(-0.169279 0.0969504 0)
(-0.178106 0.102635 0)
(-0.187127 0.108431 0)
(-0.196314 0.114259 0)
(-0.20563 0.12003 0)
(-0.215032 0.125641 0)
(-0.22447 0.130981 0)
(-0.23389 0.13593 0)
(-0.243233 0.14036 0)
(-0.252439 0.144145 0)
(-0.261448 0.147154 0)
(-0.270201 0.149264 0)
(-0.278644 0.150357 0)
(-0.286729 0.150328 0)
(-0.294415 0.149081 0)
(-0.301667 0.146538 0)
(-0.308464 0.142637 0)
(-0.314788 0.137329 0)
(-0.320633 0.130582 0)
(-0.326 0.122379 0)
(-0.330894 0.112711 0)
(-0.335325 0.101583 0)
(-0.339308 0.0890042 0)
(-0.342854 0.0749898 0)
(-0.345976 0.0595592 0)
(-0.348679 0.0427343 0)
(-0.350965 0.0245395 0)
(-0.352819 0.00500317 0)
(-0.354217 -0.0158401 0)
(-0.355111 -0.0379449 0)
(-0.355429 -0.0612487 0)
(-0.355066 -0.0856618 0)
(-0.353879 -0.111054 0)
(-0.351676 -0.137239 0)
(-0.348215 -0.16395 0)
(-0.343196 -0.190816 0)
(-0.336264 -0.217332 0)
(-0.32702 -0.242832 0)
(-0.315037 -0.266461 0)
(-0.299899 -0.287166 0)
(-0.281256 -0.303709 0)
(-0.2589 -0.314717 0)
(-0.232852 -0.318783 0)
(-0.203456 -0.314627 0)
(-0.171455 -0.301306 0)
(-0.138019 -0.278451 0)
(-0.104703 -0.246473 0)
(-0.0733162 -0.20668 0)
(-0.0456889 -0.161221 0)
(-0.023416 -0.11287 0)
(-0.00799125 -0.0646612 0)
(-0.00109472 -0.0195935 0)
(-0.000228785 0.00319145 0)
(-0.00149996 0.00965735 0)
(-0.00417494 0.0158565 0)
(-0.00787374 0.0215738 0)
(-0.0123504 0.0266974 0)
(-0.0174345 0.031186 0)
(-0.022973 0.0350523 0)
(-0.0288366 0.0383485 0)
(-0.0349236 0.0411525 0)
(-0.0411571 0.0435563 0)
(-0.0474819 0.0456578 0)
(-0.0538609 0.0475541 0)
(-0.0602717 0.0493377 0)
(-0.0667039 0.0510935 0)
(-0.073156 0.052898 0)
(-0.0796333 0.054818 0)
(-0.086146 0.0569113 0)
(-0.0927079 0.0592269 0)
(-0.0993346 0.0618056 0)
(-0.106043 0.0646799 0)
(-0.112851 0.067875 0)
(-0.119773 0.0714084 0)
(-0.126826 0.0752901 0)
(-0.134021 0.079522 0)
(-0.141369 0.0840974 0)
(-0.148873 0.0890007 0)
(-0.156536 0.0942059 0)
(-0.164352 0.0996766 0)
(-0.172311 0.105365 0)
(-0.180397 0.11121 0)
(-0.188586 0.11714 0)
(-0.196849 0.123069 0)
(-0.20515 0.128902 0)
(-0.213449 0.13453 0)
(-0.2217 0.139836 0)
(-0.229855 0.144697 0)
(-0.237864 0.148986 0)
(-0.245678 0.152574 0)
(-0.253249 0.155334 0)
(-0.260534 0.157146 0)
(-0.267493 0.157899 0)
(-0.274095 0.157492 0)
(-0.280315 0.15584 0)
(-0.286138 0.152873 0)
(-0.291557 0.148535 0)
(-0.29657 0.142788 0)
(-0.301186 0.135607 0)
(-0.305419 0.12698 0)
(-0.309288 0.116904 0)
(-0.312815 0.105385 0)
(-0.316024 0.0924345 0)
(-0.318941 0.0780675 0)
(-0.321588 0.0622999 0)
(-0.323985 0.045148 0)
(-0.326147 0.0266277 0)
(-0.328076 0.00675504 0)
(-0.329763 -0.0144522 0)
(-0.331182 -0.036971 0)
(-0.332279 -0.0607675 0)
(-0.332973 -0.0857881 0)
(-0.33314 -0.111947 0)
(-0.332609 -0.13911 0)
(-0.33115 -0.167071 0)
(-0.328466 -0.195521 0)
(-0.324191 -0.224017 0)
(-0.317887 -0.251944 0)
(-0.30906 -0.27847 0)
(-0.297188 -0.302525 0)
(-0.281771 -0.322785 0)
(-0.262411 -0.337704 0)
(-0.238912 -0.3456 0)
(-0.211401 -0.344816 0)
(-0.180438 -0.333961 0)
(-0.147098 -0.312202 0)
(-0.112969 -0.279571 0)
(-0.0800352 -0.237164 0)
(-0.0504324 -0.18717 0)
(-0.0261292 -0.132636 0)
(-0.00903333 -0.0770351 0)
(-0.00127046 -0.0238405 0)
(-0.000261491 0.00400445 0)
(-0.00169835 0.0118686 0)
(-0.00470265 0.0192288 0)
(-0.00883079 0.0258782 0)
(-0.0137942 0.031725 0)
(-0.0193935 0.0367545 0)
(-0.0254517 0.0410093 0)
(-0.031821 0.0445713 0)
(-0.0383861 0.0475463 0)
(-0.0450608 0.0500512 0)
(-0.0517836 0.0522048 0)
(-0.058513 0.0541217 0)
(-0.0652239 0.0559083 0)
(-0.0719036 0.0576603 0)
(-0.0785489 0.0594618 0)
(-0.0851635 0.0613859 0)
(-0.0917559 0.0634943 0)
(-0.0983378 0.0658387 0)
(-0.104923 0.0684613 0)
(-0.111525 0.0713953 0)
(-0.11816 0.0746654 0)
(-0.12484 0.0782877 0)
(-0.131577 0.0822703 0)
(-0.138381 0.0866122 0)
(-0.145257 0.0913033 0)
(-0.152207 0.0963235 0)
(-0.15923 0.101642 0)
(-0.166319 0.107217 0)
(-0.173461 0.112995 0)
(-0.180638 0.11891 0)
(-0.187828 0.124882 0)
(-0.195002 0.130822 0)
(-0.202127 0.136629 0)
(-0.209168 0.14219 0)
(-0.216085 0.147386 0)
(-0.222839 0.152093 0)
(-0.22939 0.156182 0)
(-0.235701 0.159528 0)
(-0.241737 0.162008 0)
(-0.247469 0.163506 0)
(-0.252874 0.163917 0)
(-0.257936 0.16315 0)
(-0.262645 0.161125 0)
(-0.267001 0.157781 0)
(-0.27101 0.15307 0)
(-0.274686 0.146961 0)
(-0.278049 0.139435 0)
(-0.281124 0.130485 0)
(-0.28394 0.120113 0)
(-0.286529 0.108326 0)
(-0.288925 0.095138 0)
(-0.291164 0.0805629 0)
(-0.293278 0.0646144 0)
(-0.295298 0.0473047 0)
(-0.297251 0.0286424 0)
(-0.299154 0.00863321 0)
(-0.301015 -0.0127197 0)
(-0.302826 -0.0354135 0)
(-0.304557 -0.0594409 0)
(-0.306147 -0.0847835 0)
(-0.307502 -0.1114 0)
(-0.308474 -0.13921 0)
(-0.308861 -0.168073 0)
(-0.308383 -0.197755 0)
(-0.306683 -0.227893 0)
(-0.30331 -0.257947 0)
(-0.297729 -0.287148 0)
(-0.289338 -0.314449 0)
(-0.277508 -0.33849 0)
(-0.261657 -0.357593 0)
(-0.241358 -0.369828 0)
(-0.216481 -0.373153 0)
(-0.187343 -0.365675 0)
(-0.154844 -0.345995 0)
(-0.120523 -0.313614 0)
(-0.0864869 -0.269269 0)
(-0.0551605 -0.215057 0)
(-0.0289142 -0.154247 0)
(-0.0101326 -0.0907727 0)
(-0.00146296 -0.0286371 0)
(-0.000296462 0.00492255 0)
(-0.00190915 0.0143492 0)
(-0.00526072 0.0229894 0)
(-0.00983797 0.0306484 0)
(-0.0153055 0.0372606 0)
(-0.021432 0.0428448 0)
(-0.0280147 0.0474795 0)
(-0.0348859 0.0512825 0)
(-0.0419167 0.0543921 0)
(-0.0490112 0.0569536 0)
(-0.0561015 0.0591097 0)
(-0.0631422 0.0609941 0)
(-0.0701053 0.062728 0)
(-0.0769762 0.0644183 0)
(-0.0837502 0.0661576 0)
(-0.0904292 0.0680247 0)
(-0.0970202 0.0700853 0)
(-0.103533 0.0723937 0)
(-0.109979 0.0749931 0)
(-0.116371 0.077917 0)
(-0.122721 0.0811895 0)
(-0.129038 0.0848255 0)
(-0.135334 0.0888307 0)
(-0.141613 0.0932015 0)
(-0.14788 0.0979241 0)
(-0.154134 0.102975 0)
(-0.160373 0.108318 0)
(-0.166587 0.113907 0)
(-0.172763 0.119684 0)
(-0.178885 0.125577 0)
(-0.184932 0.131503 0)
(-0.190878 0.137368 0)
(-0.196695 0.143068 0)
(-0.202354 0.148487 0)
(-0.207823 0.153507 0)
(-0.213073 0.158002 0)
(-0.218076 0.161848 0)
(-0.222805 0.16492 0)
(-0.227241 0.167102 0)
(-0.231368 0.168283 0)
(-0.235178 0.168365 0)
(-0.238668 0.167263 0)
(-0.241844 0.164906 0)
(-0.244718 0.16124 0)
(-0.247309 0.156224 0)
(-0.249641 0.149832 0)
(-0.251746 0.14205 0)
(-0.253656 0.132877 0)
(-0.25541 0.122316 0)
(-0.257048 0.110379 0)
(-0.258612 0.0970794 0)
(-0.260144 0.082431 0)
(-0.261687 0.0664465 0)
(-0.263279 0.0491346 0)
(-0.264959 0.0304987 0)
(-0.266756 0.0105361 0)
(-0.268692 -0.0107624 0)
(-0.270776 -0.033411 0)
(-0.272997 -0.0574264 0)
(-0.275322 -0.0828217 0)
(-0.277681 -0.109597 0)
(-0.279959 -0.137727 0)
(-0.281985 -0.167136 0)
(-0.283513 -0.197672 0)
(-0.284211 -0.229064 0)
(-0.283642 -0.26087 0)
(-0.281261 -0.292417 0)
(-0.276416 -0.322726 0)
(-0.26838 -0.350454 0)
(-0.256409 -0.373856 0)
(-0.23985 -0.390797 0)
(-0.218292 -0.398875 0)
(-0.191755 -0.395663 0)
(-0.160881 -0.379106 0)
(-0.127069 -0.348023 0)
(-0.0924712 -0.302598 0)
(-0.0597597 -0.244675 0)
(-0.0317214 -0.177647 0)
(-0.0112756 -0.105895 0)
(-0.00167128 -0.0340117 0)
(-0.000334119 0.00595273 0)
(-0.00213458 0.0171153 0)
(-0.00585436 0.0271583 0)
(-0.0109034 0.0359038 0)
(-0.0168945 0.0433194 0)
(-0.0235611 0.049465 0)
(-0.0306725 0.0544629 0)
(-0.0380404 0.0584729 0)
(-0.0455214 0.0616712 0)
(-0.0530102 0.0642356 0)
(-0.060433 0.0663354 0)
(-0.0677407 0.0681251 0)
(-0.0749031 0.069742 0)
(-0.081904 0.0713048 0)
(-0.0887373 0.0729145 0)
(-0.095404 0.0746556 0)
(-0.10191 0.0765979 0)
(-0.108262 0.0787977 0)
(-0.114472 0.0812993 0)
(-0.120549 0.0841365 0)
(-0.126503 0.0873325 0)
(-0.132343 0.0909008 0)
(-0.138076 0.094845 0)
(-0.143708 0.0991587 0)
(-0.149239 0.103825 0)
(-0.154668 0.108817 0)
(-0.159992 0.114095 0)
(-0.165202 0.119608 0)
(-0.170287 0.125294 0)
(-0.17523 0.131079 0)
(-0.180015 0.136875 0)
(-0.184622 0.142586 0)
(-0.189027 0.148105 0)
(-0.19321 0.153318 0)
(-0.197148 0.158106 0)
(-0.200823 0.162345 0)
(-0.204216 0.165914 0)
(-0.207316 0.168694 0)
(-0.210116 0.170571 0)
(-0.212613 0.171443 0)
(-0.214812 0.171218 0)
(-0.216724 0.169817 0)
(-0.218368 0.167177 0)
(-0.219766 0.163249 0)
(-0.220949 0.157998 0)
(-0.221951 0.151403 0)
(-0.22281 0.143456 0)
(-0.223569 0.134157 0)
(-0.224271 0.123513 0)
(-0.224964 0.111538 0)
(-0.225696 0.098245 0)
(-0.226515 0.0836495 0)
(-0.227469 0.0677628 0)
(-0.228607 0.0505914 0)
(-0.229971 0.0321347 0)
(-0.231604 0.0123835 0)
(-0.233537 -0.00868124 0)
(-0.235794 -0.0310879 0)
(-0.238382 -0.054873 0)
(-0.241287 -0.0800772 0)
(-0.244469 -0.106738 0)
(-0.247844 -0.134879 0)
(-0.251279 -0.164489 0)
(-0.254568 -0.195497 0)
(-0.25742 -0.227731 0)
(-0.259435 -0.260862 0)
(-0.260085 -0.294339 0)
(-0.258707 -0.327296 0)
(-0.254514 -0.358469 0)
(-0.246636 -0.386107 0)
(-0.234213 -0.407948 0)
(-0.216552 -0.421279 0)
(-0.193335 -0.423145 0)
(-0.164873 -0.410768 0)
(-0.132325 -0.382135 0)
(-0.0977851 -0.336671 0)
(-0.0641104 -0.275745 0)
(-0.0344964 -0.202723 0)
(-0.012447 -0.122395 0)
(-0.00189412 -0.0399859 0)
(-0.000375035 0.00710329 0)
(-0.00237766 0.0201859 0)
(-0.00649072 0.0317592 0)
(-0.0120385 0.0416671 0)
(-0.0185755 0.0499186 0)
(-0.0257966 0.0566241 0)
(-0.0334407 0.0619584 0)
(-0.0412979 0.0661308 0)
(-0.0492101 0.0693613 0)
(-0.0570634 0.0718647 0)
(-0.0647784 0.0738397 0)
(-0.0723034 0.0754637 0)
(-0.0796066 0.0768908 0)
(-0.0866711 0.0782522 0)
(-0.0934902 0.0796574 0)
(-0.100064 0.0811967 0)
(-0.106398 0.0829433 0)
(-0.112498 0.0849559 0)
(-0.118374 0.0872797 0)
(-0.124034 0.0899482 0)
(-0.129487 0.092984 0)
(-0.134741 0.0963992 0)
(-0.139801 0.100196 0)
(-0.144671 0.104364 0)
(-0.149352 0.108886 0)
(-0.153844 0.113729 0)
(-0.158141 0.118853 0)
(-0.162239 0.124203 0)
(-0.166126 0.129713 0)
(-0.169792 0.135307 0)
(-0.173224 0.140895 0)
(-0.176406 0.146381 0)
(-0.179326 0.151657 0)
(-0.181968 0.156609 0)
(-0.184321 0.16112 0)
(-0.186376 0.16507 0)
(-0.188129 0.168342 0)
(-0.189579 0.17082 0)
(-0.190731 0.172398 0)
(-0.191597 0.17298 0)
(-0.192193 0.172478 0)
(-0.192542 0.170821 0)
(-0.192674 0.167951 0)
(-0.192621 0.163825 0)
(-0.192424 0.158413 0)
(-0.192124 0.151698 0)
(-0.191768 0.143675 0)
(-0.191403 0.134346 0)
(-0.19108 0.123721 0)
(-0.190851 0.111814 0)
(-0.190768 0.0986412 0)
(-0.190885 0.0842169 0)
(-0.191255 0.068552 0)
(-0.19193 0.0516515 0)
(-0.19296 0.0335117 0)
(-0.194391 0.0141184 0)
(-0.196265 -0.00655467 0)
(-0.198616 -0.0285473 0)
(-0.201465 -0.0519119 0)
(-0.204817 -0.0767119 0)
(-0.208654 -0.103016 0)
(-0.212925 -0.130891 0)
(-0.217533 -0.160383 0)
(-0.22232 -0.191498 0)
(-0.227043 -0.224161 0)
(-0.231356 -0.258167 0)
(-0.234777 -0.293102 0)
(-0.236665 -0.328252 0)
(-0.236218 -0.362483 0)
(-0.232484 -0.394123 0)
(-0.224435 -0.420865 0)
(-0.211112 -0.439764 0)
(-0.191842 -0.447387 0)
(-0.166545 -0.440201 0)
(-0.136035 -0.415234 0)
(-0.102235 -0.370927 0)
(-0.0680933 -0.307914 0)
(-0.0371834 -0.229316 0)
(-0.0136309 -0.140239 0)
(-0.00212999 -0.0465738 0)
(-0.000420001 0.00838436 0)
(-0.00264251 0.0235844 0)
(-0.00717946 0.0368205 0)
(-0.0132581 0.0479647 0)
(-0.0203677 0.0570778 0)
(-0.0281594 0.0643316 0)
(-0.0363399 0.0699636 0)
(-0.0446764 0.0742415 0)
(-0.0529968 0.0774359 0)
(-0.0611789 0.0798032 0)
(-0.0691397 0.0815748 0)
(-0.0768257 0.0829527 0)
(-0.0842049 0.0841092 0)
(-0.0912608 0.085188 0)
(-0.0979871 0.0863073 0)
(-0.104384 0.0875629 0)
(-0.110457 0.0890316 0)
(-0.116212 0.0907738 0)
(-0.121659 0.0928355 0)
(-0.126804 0.0952502 0)
(-0.131656 0.0980397 0)
(-0.136222 0.101215 0)
(-0.140508 0.104775 0)
(-0.144516 0.108711 0)
(-0.148249 0.112999 0)
(-0.151707 0.117608 0)
(-0.154887 0.122491 0)
(-0.157784 0.127594 0)
(-0.160394 0.132849 0)
(-0.162708 0.138178 0)
(-0.16472 0.14349 0)
(-0.166422 0.148688 0)
(-0.167807 0.153667 0)
(-0.168871 0.158314 0)
(-0.169612 0.162515 0)
(-0.170033 0.166154 0)
(-0.170139 0.169118 0)
(-0.169942 0.171297 0)
(-0.169459 0.17259 0)
(-0.168713 0.172906 0)
(-0.167733 0.172165 0)
(-0.166551 0.170301 0)
(-0.165207 0.16726 0)
(-0.163744 0.163003 0)
(-0.162208 0.157506 0)
(-0.160649 0.150753 0)
(-0.159118 0.142742 0)
(-0.157671 0.133477 0)
(-0.156361 0.12297 0)
(-0.155244 0.111236 0)
(-0.154378 0.0982904 0)
(-0.153817 0.0841483 0)
(-0.153619 0.0688201 0)
(-0.153837 0.0523092 0)
(-0.154525 0.03461 0)
(-0.155735 0.0157043 0)
(-0.157512 -0.00443998 0)
(-0.159897 -0.0258708 0)
(-0.162922 -0.048653 0)
(-0.166607 -0.0728674 0)
(-0.170954 -0.0986081 0)
(-0.175937 -0.125976 0)
(-0.181497 -0.155068 0)
(-0.187519 -0.185956 0)
(-0.19382 -0.218659 0)
(-0.200115 -0.253089 0)
(-0.205986 -0.288985 0)
(-0.210851 -0.325805 0)
(-0.213931 -0.362598 0)
(-0.214245 -0.39784 0)
(-0.21065 -0.429284 0)
(-0.201954 -0.45386 0)
(-0.18714 -0.467739 0)
(-0.16569 -0.466651 0)
(-0.137983 -0.446575 0)
(-0.105644 -0.404747 0)
(-0.0715959 -0.34076 0)
(-0.0397287 -0.257211 0)
(-0.0148113 -0.159367 0)
(-0.00237733 -0.0537813 0)
(-0.000470093 0.00980858 0)
(-0.00293473 0.0273394 0)
(-0.00793351 0.0423767 0)
(-0.0145826 0.0548287 0)
(-0.022296 0.0648201 0)
(-0.0306767 0.0725978 0)
(-0.0393961 0.0784745 0)
(-0.0481982 0.0827866 0)
(-0.0568977 0.0858629 0)
(-0.065366 0.0880068 0)
(-0.0735178 0.0894857 0)
(-0.0813002 0.0905282 0)
(-0.0886827 0.0913254 0)
(-0.0956507 0.092034 0)
(-0.1022 0.0927805 0)
(-0.108332 0.0936664 0)
(-0.114053 0.0947714 0)
(-0.11937 0.0961575 0)
(-0.124293 0.0978713 0)
(-0.128829 0.0999461 0)
(-0.132987 0.102403 0)
(-0.136774 0.105252 0)
(-0.140196 0.10849 0)
(-0.143257 0.112107 0)
(-0.14596 0.116078 0)
(-0.148306 0.120368 0)
(-0.150296 0.124932 0)
(-0.15193 0.129711 0)
(-0.153204 0.134639 0)
(-0.154118 0.139635 0)
(-0.15467 0.14461 0)
(-0.154861 0.149469 0)
(-0.154691 0.154107 0)
(-0.154166 0.158415 0)
(-0.153294 0.162283 0)
(-0.152087 0.165598 0)
(-0.150562 0.168252 0)
(-0.148743 0.170142 0)
(-0.146658 0.171171 0)
(-0.144338 0.171255 0)
(-0.141824 0.170318 0)
(-0.139159 0.168298 0)
(-0.136388 0.165147 0)
(-0.133565 0.16083 0)
(-0.130742 0.155323 0)
(-0.127975 0.148615 0)
(-0.125321 0.140703 0)
(-0.122838 0.131595 0)
(-0.120586 0.121303 0)
(-0.118623 0.10984 0)
(-0.117008 0.0972238 0)
(-0.115799 0.0834682 0)
(-0.115054 0.0685828 0)
(-0.114828 0.0525701 0)
(-0.115177 0.0354221 0)
(-0.116152 0.0171179 0)
(-0.117804 -0.00237871 0)
(-0.120177 -0.0231221 0)
(-0.12331 -0.0451858 0)
(-0.127233 -0.0686636 0)
(-0.131964 -0.0936681 0)
(-0.1375 -0.120327 0)
(-0.143812 -0.148777 0)
(-0.150831 -0.179147 0)
(-0.158426 -0.211534 0)
(-0.166382 -0.245964 0)
(-0.17436 -0.282322 0)
(-0.181857 -0.320256 0)
(-0.18816 -0.359031 0)
(-0.192308 -0.397343 0)
(-0.193102 -0.4331 0)
(-0.189175 -0.463239 0)
(-0.17919 -0.483655 0)
(-0.162176 -0.489417 0)
(-0.138003 -0.475409 0)
(-0.107864 -0.437467 0)
(-0.074519 -0.373809 0)
(-0.0420845 -0.286151 0)
(-0.0159744 -0.179691 0)
(-0.00263485 -0.0616076 0)
(-0.000526796 0.0113919 0)
(-0.00326187 0.0314869 0)
(-0.00877017 0.0484709 0)
(-0.0160381 0.0622977 0)
(-0.0243927 0.0731721 0)
(-0.0333826 0.0814332 0)
(-0.0426411 0.0874841 0)
(-0.0518894 0.0917417 0)
(-0.0609305 0.0946025 0)
(-0.0696318 0.0964223 0)
(-0.077909 0.097508 0)
(-0.085712 0.0981168 0)
(-0.0930145 0.0984591 0)
(-0.0998059 0.0987045 0)
(-0.106085 0.0989879 0)
(-0.111858 0.0994155 0)
(-0.117132 0.10007 0)
(-0.121918 0.101014 0)
(-0.126224 0.102295 0)
(-0.130062 0.103945 0)
(-0.13344 0.105986 0)
(-0.136366 0.108424 0)
(-0.138847 0.111259 0)
(-0.140889 0.114476 0)
(-0.142497 0.11805 0)
(-0.143675 0.121946 0)
(-0.144426 0.126117 0)
(-0.144753 0.130504 0)
(-0.144659 0.13504 0)
(-0.144149 0.139646 0)
(-0.143226 0.144234 0)
(-0.1419 0.14871 0)
(-0.14018 0.152974 0)
(-0.138078 0.156918 0)
(-0.135615 0.160437 0)
(-0.13281 0.163424 0)
(-0.129693 0.165775 0)
(-0.126296 0.167393 0)
(-0.122656 0.168186 0)
(-0.118816 0.168074 0)
(-0.114825 0.166987 0)
(-0.110733 0.164867 0)
(-0.106596 0.161669 0)
(-0.102471 0.15736 0)
(-0.098419 0.15192 0)
(-0.0944997 0.145337 0)
(-0.0907755 0.137611 0)
(-0.0873082 0.128749 0)
(-0.0841596 0.118762 0)
(-0.0813908 0.107666 0)
(-0.079062 0.0954748 0)
(-0.0772324 0.0822028 0)
(-0.0759599 0.0678583 0)
(-0.075301 0.0524421 0)
(-0.0753104 0.0359445 0)
(-0.0760408 0.0183423 0)
(-0.0775426 -0.00040401 0)
(-0.0798627 -0.020353 0)
(-0.0830444 -0.0415843 0)
(-0.0871248 -0.0642005 0)
(-0.0921328 -0.0883272 0)
(-0.098085 -0.114111 0)
(-0.104979 -0.141718 0)
(-0.112781 -0.17132 0)
(-0.121415 -0.203081 0)
(-0.130732 -0.237123 0)
(-0.140479 -0.273469 0)
(-0.150247 -0.311956 0)
(-0.159418 -0.352088 0)
(-0.167102 -0.392831 0)
(-0.172104 -0.432349 0)
(-0.172948 -0.467716 0)
(-0.168031 -0.494714 0)
(-0.155939 -0.507874 0)
(-0.135974 -0.501007 0)
(-0.108776 -0.468394 0)
(-0.076781 -0.406538 0)
(-0.0442132 -0.315839 0)
(-0.0171105 -0.201104 0)
(-0.0029019 -0.0700457 0)
(-0.000592187 0.013155 0)
(-0.00363428 0.0360726 0)
(-0.00971268 0.0551566 0)
(-0.0176593 0.0704186 0)
(-0.0266993 0.0821647 0)
(-0.0363193 0.0908476 0)
(-0.0461126 0.0969799 0)
(-0.0557783 0.101074 0)
(-0.0651107 0.103604 0)
(-0.0739774 0.104984 0)
(-0.0822987 0.105565 0)
(-0.0900311 0.105633 0)
(-0.0971558 0.105418 0)
(-0.103669 0.105104 0)
(-0.109576 0.104832 0)
(-0.114887 0.104713 0)
(-0.119614 0.104831 0)
(-0.12377 0.10525 0)
(-0.127369 0.106016 0)
(-0.130421 0.107162 0)
(-0.132939 0.108708 0)
(-0.134931 0.11066 0)
(-0.136407 0.113015 0)
(-0.137374 0.115759 0)
(-0.13784 0.118865 0)
(-0.137811 0.122299 0)
(-0.137294 0.126012 0)
(-0.136295 0.129947 0)
(-0.134824 0.134036 0)
(-0.132889 0.138204 0)
(-0.130503 0.142364 0)
(-0.127679 0.146424 0)
(-0.124436 0.150287 0)
(-0.120795 0.153852 0)
(-0.116783 0.157016 0)
(-0.112432 0.159677 0)
(-0.107778 0.161738 0)
(-0.102862 0.163105 0)
(-0.097732 0.163693 0)
(-0.0924383 0.163425 0)
(-0.0870367 0.162236 0)
(-0.081586 0.160071 0)
(-0.0761478 0.156888 0)
(-0.0707859 0.152656 0)
(-0.0655651 0.147355 0)
(-0.060551 0.140975 0)
(-0.055809 0.133517 0)
(-0.0514043 0.124985 0)
(-0.0474007 0.115391 0)
(-0.043861 0.104749 0)
(-0.0408463 0.0930723 0)
(-0.0384163 0.0803734 0)
(-0.0366287 0.0666591 0)
(-0.0355395 0.0519285 0)
(-0.0352026 0.03617 0)
(-0.0356703 0.0193584 0)
(-0.0369926 0.00145163 0)
(-0.0392174 -0.0176115 0)
(-0.0423908 -0.0379143 0)
(-0.0465548 -0.0595651 0)
(-0.051747 -0.082697 0)
(-0.0579982 -0.107469 0)
(-0.0653273 -0.134067 0)
(-0.0737342 -0.162693 0)
(-0.0831867 -0.193562 0)
(-0.0935997 -0.226873 0)
(-0.104803 -0.262773 0)
(-0.116492 -0.301273 0)
(-0.128164 -0.34212 0)
(-0.139039 -0.384589 0)
(-0.147984 -0.427177 0)
(-0.153492 -0.467238 0)
(-0.153758 -0.500615 0)
(-0.146965 -0.521482 0)
(-0.131817 -0.522674 0)
(-0.108289 -0.496826 0)
(-0.0783207 -0.438385 0)
(-0.0460907 -0.345944 0)
(-0.018216 -0.223483 0)
(-0.00317903 -0.0790863 0)
(-0.000669223 0.0151247 0)
(-0.00406636 0.0411557 0)
(-0.0107925 0.0625011 0)
(-0.0194922 0.0792483 0)
(-0.0292686 0.0918322 0)
(-0.0395383 0.100848 0)
(-0.0498533 0.106941 0)
(-0.0598927 0.110737 0)
(-0.0694475 0.112799 0)
(-0.0783908 0.113608 0)
(-0.0866528 0.11356 0)
(-0.0942021 0.112972 0)
(-0.101031 0.112096 0)
(-0.107146 0.111124 0)
(-0.112562 0.110205 0)
(-0.117296 0.109453 0)
(-0.121366 0.108953 0)
(-0.124791 0.108769 0)
(-0.127586 0.108946 0)
(-0.129769 0.109516 0)
(-0.13135 0.110496 0)
(-0.132344 0.111894 0)
(-0.132761 0.113704 0)
(-0.132611 0.115911 0)
(-0.131903 0.118489 0)
(-0.130647 0.121402 0)
(-0.128853 0.124603 0)
(-0.126533 0.128037 0)
(-0.123697 0.131636 0)
(-0.120362 0.135326 0)
(-0.116545 0.139025 0)
(-0.112266 0.142645 0)
(-0.107551 0.146091 0)
(-0.102428 0.149267 0)
(-0.0969333 0.152075 0)
(-0.0911045 0.154419 0)
(-0.0849866 0.156206 0)
(-0.0786289 0.157348 0)
(-0.0720856 0.157763 0)
(-0.0654151 0.15738 0)
(-0.0586795 0.156136 0)
(-0.0519438 0.15398 0)
(-0.0452752 0.150871 0)
(-0.0387424 0.14678 0)
(-0.0324147 0.141687 0)
(-0.0263613 0.135584 0)
(-0.0206507 0.128468 0)
(-0.0153503 0.120345 0)
(-0.0105259 0.111224 0)
(-0.00624134 0.101116 0)
(-0.00255839 0.0900355 0)
(0.000463359 0.0779908 0)
(0.00276652 0.0649872 0)
(0.00429597 0.0510218 0)
(0.00499851 0.0360812 0)
(0.00482274 0.0201384 0)
(0.0037189 0.00314954 0)
(0.00163891 -0.0149483 0)
(-0.00146549 -0.0342406 0)
(-0.00564054 -0.0548375 0)
(-0.0109301 -0.076876 0)
(-0.0173767 -0.100522 0)
(-0.0250171 -0.125971 0)
(-0.0338776 -0.153448 0)
(-0.0439652 -0.183199 0)
(-0.0552507 -0.215485 0)
(-0.0676414 -0.250548 0)
(-0.0809364 -0.288557 0)
(-0.0947589 -0.329491 0)
(-0.108466 -0.372945 0)
(-0.121042 -0.417816 0)
(-0.131019 -0.461857 0)
(-0.13648 -0.501168 0)
(-0.135263 -0.529791 0)
(-0.125476 -0.53976 0)
(-0.106333 -0.52205 0)
(-0.079096 -0.46876 0)
(-0.0477099 -0.376111 0)
(-0.0192967 -0.246696 0)
(-0.00346883 -0.0887206 0)
(-0.000762225 0.0173369 0)
(-0.00457837 0.0468131 0)
(-0.012053 0.0705897 0)
(-0.0215973 0.0888547 0)
(-0.0321676 0.102211 0)
(-0.0431014 0.111433 0)
(-0.0539091 0.117332 0)
(-0.0642555 0.120665 0)
(-0.0739355 0.122099 0)
(-0.0828358 0.122186 0)
(-0.0909044 0.121373 0)
(-0.0981277 0.120009 0)
(-0.104515 0.118361 0)
(-0.110087 0.116634 0)
(-0.114871 0.114981 0)
(-0.118894 0.113516 0)
(-0.122183 0.112325 0)
(-0.124763 0.11147 0)
(-0.126655 0.110994 0)
(-0.127878 0.110927 0)
(-0.128451 0.111284 0)
(-0.128386 0.112072 0)
(-0.127698 0.113283 0)
(-0.126399 0.114902 0)
(-0.1245 0.116904 0)
(-0.122015 0.119251 0)
(-0.118954 0.121899 0)
(-0.115334 0.124793 0)
(-0.111169 0.127868 0)
(-0.10648 0.131053 0)
(-0.101287 0.134269 0)
(-0.0956184 0.137431 0)
(-0.0895037 0.14045 0)
(-0.0829788 0.143235 0)
(-0.0760841 0.145692 0)
(-0.0688654 0.147731 0)
(-0.0613735 0.149262 0)
(-0.0536641 0.150204 0)
(-0.0457976 0.150479 0)
(-0.0378381 0.150019 0)
(-0.0298531 0.148765 0)
(-0.0219126 0.146667 0)
(-0.0140884 0.143687 0)
(-0.00645304 0.139796 0)
(0.000920647 0.134975 0)
(0.00796049 0.129213 0)
(0.0145955 0.122508 0)
(0.0207565 0.114863 0)
(0.0263762 0.106285 0)
(0.03139 0.0967848 0)
(0.0357356 0.0863713 0)
(0.0393536 0.0750523 0)
(0.0421868 0.0628304 0)
(0.0441807 0.0497004 0)
(0.0452826 0.0356472 0)
(0.0454417 0.0206419 0)
(0.0446079 0.00464 0)
(0.0427321 -0.0124224 0)
(0.0397646 -0.0306313 0)
(0.0356552 -0.0500964 0)
(0.0303531 -0.0709555 0)
(0.0238063 -0.0933761 0)
(0.015963 -0.117558 0)
(0.00677453 -0.143735 0)
(-0.00379878 -0.172176 0)
(-0.0157759 -0.20318 0)
(-0.0291332 -0.237064 0)
(-0.0437662 -0.274123 0)
(-0.0594259 -0.314546 0)
(-0.0756234 -0.358244 0)
(-0.0915025 -0.404545 0)
(-0.105704 -0.451707 0)
(-0.116289 -0.496279 0)
(-0.120839 -0.532433 0)
(-0.116896 -0.551652 0)
(-0.102844 -0.543349 0)
(-0.0790788 -0.497034 0)
(-0.0490825 -0.405958 0)
(-0.0203715 -0.270614 0)
(-0.00377726 -0.0989476 0)
(-0.000877698 0.0198402 0)
(-0.00519963 0.0531466 0)
(-0.013554 0.0795306 0)
(-0.0240558 0.0993183 0)
(-0.0354813 0.113336 0)
(-0.0470805 0.12259 0)
(-0.0583251 0.128091 0)
(-0.0688755 0.130759 0)
(-0.0785418 0.131376 0)
(-0.0872358 0.130573 0)
(-0.0949328 0.128848 0)
(-0.101645 0.12658 0)
(-0.107406 0.124052 0)
(-0.112255 0.121477 0)
(-0.116235 0.11901 0)
(-0.119388 0.116764 0)
(-0.12175 0.114821 0)
(-0.123354 0.11324 0)
(-0.124229 0.112062 0)
(-0.124398 0.111312 0)
(-0.123882 0.111004 0)
(-0.122699 0.111142 0)
(-0.120865 0.111718 0)
(-0.118393 0.112715 0)
(-0.115297 0.114106 0)
(-0.111592 0.115858 0)
(-0.107291 0.117924 0)
(-0.102411 0.120253 0)
(-0.0969704 0.122783 0)
(-0.0909919 0.125446 0)
(-0.0845009 0.128165 0)
(-0.0775273 0.130862 0)
(-0.0701062 0.133452 0)
(-0.0622773 0.135847 0)
(-0.0540858 0.137962 0)
(-0.0455823 0.139708 0)
(-0.0368223 0.141004 0)
(-0.0278664 0.141771 0)
(-0.0187793 0.141936 0)
(-0.00962945 0.141434 0)
(-0.000488527 0.14021 0)
(0.00856977 0.138214 0)
(0.0174703 0.135411 0)
(0.0261375 0.131771 0)
(0.0344958 0.127274 0)
(0.0424709 0.12191 0)
(0.0499898 0.115673 0)
(0.0569819 0.108566 0)
(0.063379 0.100592 0)
(0.0691153 0.0917588 0)
(0.0741285 0.0820739 0)
(0.0783587 0.0715417 0)
(0.0817488 0.0601622 0)
(0.0842442 0.0479282 0)
(0.0857921 0.0348224 0)
(0.0863411 0.0208153 0)
(0.0858403 0.00586144 0)
(0.0842386 -0.0101026 0)
(0.0814835 -0.0271614 0)
(0.0775202 -0.0454233 0)
(0.0722911 -0.0650236 0)
(0.0657346 -0.0861276 0)
(0.0577851 -0.108934 0)
(0.0483748 -0.133678 0)
(0.0374358 -0.160638 0)
(0.0249087 -0.190135 0)
(0.0107577 -0.222537 0)
(-0.00499888 -0.258235 0)
(-0.0222336 -0.297593 0)
(-0.0406175 -0.340813 0)
(-0.0594812 -0.387659 0)
(-0.0776379 -0.436974 0)
(-0.0932207 -0.485926 0)
(-0.103659 -0.529104 0)
(-0.105996 -0.557769 0)
(-0.0977421 -0.559986 0)
(-0.0782439 -0.522539 0)
(-0.0502401 -0.435081 0)
(-0.0214778 -0.295119 0)
(-0.0041157 -0.109782 0)
(-0.0010258 0.022702 0)
(-0.00597343 0.0602925 0)
(-0.0153805 0.0894612 0)
(-0.0269762 0.110732 0)
(-0.0393158 0.125235 0)
(-0.051555 0.134276 0)
(-0.0631366 0.13912 0)
(-0.073732 0.140875 0)
(-0.0831843 0.140453 0)
(-0.0914458 0.138572 0)
(-0.0985317 0.135778 0)
(-0.104491 0.132477 0)
(-0.109386 0.128966 0)
(-0.113284 0.12546 0)
(-0.116247 0.122111 0)
(-0.118332 0.119029 0)
(-0.119591 0.11629 0)
(-0.120064 0.113947 0)
(-0.119787 0.112037 0)
(-0.118791 0.11058 0)
(-0.1171 0.109586 0)
(-0.114733 0.109055 0)
(-0.111709 0.108977 0)
(-0.108044 0.109336 0)
(-0.10375 0.110104 0)
(-0.0988434 0.111246 0)
(-0.0933386 0.112719 0)
(-0.0872529 0.114473 0)
(-0.0806061 0.11645 0)
(-0.0734213 0.118584 0)
(-0.0657257 0.120805 0)
(-0.0575514 0.123037 0)
(-0.0489353 0.1252 0)
(-0.0399197 0.127214 0)
(-0.0305524 0.128996 0)
(-0.0208867 0.130466 0)
(-0.0109811 0.131545 0)
(-0.000898776 0.132159 0)
(0.00929253 0.13224 0)
(0.0195216 0.131727 0)
(0.0297144 0.130564 0)
(0.0397946 0.128707 0)
(0.0496851 0.126118 0)
(0.059308 0.12277 0)
(0.0685862 0.118641 0)
(0.0774436 0.113719 0)
(0.085806 0.107997 0)
(0.0936015 0.101474 0)
(0.100761 0.0941519 0)
(0.107218 0.0860354 0)
(0.112909 0.0771284 0)
(0.117773 0.0674325 0)
(0.121754 0.0569454 0)
(0.124795 0.0456578 0)
(0.126843 0.0335509 0)
(0.127844 0.0205943 0)
(0.127746 0.00674317 0)
(0.126493 -0.0080648 0)
(0.12403 -0.0239117 0)
(0.120295 -0.0409024 0)
(0.115223 -0.0591674 0)
(0.108742 -0.0788666 0)
(0.100773 -0.100193 0)
(0.0912306 -0.123378 0)
(0.0800218 -0.148699 0)
(0.0670527 -0.176488 0)
(0.0522372 -0.207137 0)
(0.0355191 -0.241105 0)
(0.016916 -0.27889 0)
(-0.0033991 -0.320945 0)
(-0.0249594 -0.367451 0)
(-0.0467989 -0.417871 0)
(-0.0672158 -0.470141 0)
(-0.0836098 -0.519553 0)
(-0.0926251 -0.557547 0)
(-0.090901 -0.571185 0)
(-0.076549 -0.544532 0)
(-0.0512318 -0.463032 0)
(-0.0226793 -0.320111 0)
(-0.00450466 -0.121267 0)
(-0.00122301 0.0260184 0)
(-0.00696547 0.0684362 0)
(-0.0176537 0.100556 0)
(-0.0305042 0.123196 0)
(-0.0438002 0.137912 0)
(-0.0566041 0.146407 0)
(-0.0683498 0.150258 0)
(-0.0787462 0.150797 0)
(-0.0876943 0.14908 0)
(-0.0952078 0.145912 0)
(-0.101358 0.141886 0)
(-0.106243 0.137427 0)
(-0.109963 0.13284 0)
(-0.112617 0.128333 0)
(-0.114293 0.124055 0)
(-0.115067 0.120104 0)
(-0.115004 0.116549 0)
(-0.114155 0.113434 0)
(-0.112567 0.110787 0)
(-0.110272 0.108623 0)
(-0.1073 0.106946 0)
(-0.103673 0.105752 0)
(-0.0994095 0.105028 0)
(-0.0945249 0.104755 0)
(-0.0890332 0.104906 0)
(-0.0829479 0.105447 0)
(-0.0762832 0.106334 0)
(-0.069055 0.107521 0)
(-0.0612822 0.108952 0)
(-0.0529871 0.110565 0)
(-0.0441961 0.112295 0)
(-0.0349408 0.114071 0)
(-0.0252581 0.115819 0)
(-0.0151903 0.117463 0)
(-0.00478557 0.118927 0)
(0.00590229 0.120135 0)
(0.0168141 0.121014 0)
(0.0278859 0.121495 0)
(0.0390491 0.121513 0)
(0.0502315 0.12101 0)
(0.061358 0.119934 0)
(0.0723516 0.118241 0)
(0.0831338 0.115895 0)
(0.0936261 0.112867 0)
(0.10375 0.109136 0)
(0.113429 0.104688 0)
(0.122588 0.0995136 0)
(0.131153 0.0936092 0)
(0.139055 0.0869742 0)
(0.146226 0.0796099 0)
(0.152601 0.0715172 0)
(0.15812 0.0626954 0)
(0.162722 0.0531396 0)
(0.166351 0.0428387 0)
(0.16895 0.031773 0)
(0.170462 0.0199122 0)
(0.170832 0.00721223 0)
(0.17 -0.00638659 0)
(0.167902 -0.0209626 0)
(0.164472 -0.0366154 0)
(0.159634 -0.0534688 0)
(0.153306 -0.0716747 0)
(0.145393 -0.0914172 0)
(0.135792 -0.112919 0)
(0.124389 -0.136449 0)
(0.111057 -0.162336 0)
(0.0956698 -0.190984 0)
(0.0781063 -0.222887 0)
(0.0582887 -0.258639 0)
(0.0362458 -0.298887 0)
(0.0122384 -0.344189 0)
(-0.0130231 -0.394619 0)
(-0.0380873 -0.44899 0)
(-0.0604593 -0.503567 0)
(-0.0765252 -0.550421 0)
(-0.0821003 -0.576107 0)
(-0.0739024 -0.562167 0)
(-0.0521155 -0.489296 0)
(-0.0240772 -0.345515 0)
(-0.00498046 -0.133494 0)
(-0.00149724 0.0299306 0)
(-0.00827808 0.0778327 0)
(-0.0205486 0.113032 0)
(-0.034832 0.136809 0)
(-0.049082 0.151327 0)
(-0.0622847 0.158818 0)
(-0.0739041 0.161247 0)
(-0.0837281 0.160204 0)
(-0.0917515 0.156901 0)
(-0.0980769 0.152223 0)
(-0.102852 0.146802 0)
(-0.106236 0.141072 0)
(-0.108379 0.135333 0)
(-0.109417 0.129783 0)
(-0.109466 0.124555 0)
(-0.108623 0.119734 0)
(-0.106968 0.115374 0)
(-0.104567 0.111507 0)
(-0.101469 0.108151 0)
(-0.0977151 0.105311 0)
(-0.0933358 0.102985 0)
(-0.0883546 0.101163 0)
(-0.0827892 0.0998283 0)
(-0.0766538 0.0989588 0)
(-0.06996 0.0985258 0)
(-0.0627186 0.0984949 0)
(-0.0549406 0.0988257 0)
(-0.0466388 0.0994717 0)
(-0.0378287 0.100381 0)
(-0.0285292 0.101497 0)
(-0.0187639 0.102757 0)
(-0.00856115 0.104097 0)
(0.0020448 0.105448 0)
(0.013014 0.106739 0)
(0.0243006 0.107901 0)
(0.0358528 0.108863 0)
(0.047613 0.109558 0)
(0.0595187 0.109921 0)
(0.0715026 0.109891 0)
(0.0834935 0.109414 0)
(0.095417 0.10844 0)
(0.107197 0.106927 0)
(0.118754 0.10484 0)
(0.130011 0.10215 0)
(0.14089 0.0988344 0)
(0.151312 0.094878 0)
(0.161202 0.0902699 0)
(0.170487 0.0850039 0)
(0.179095 0.0790767 0)
(0.186957 0.0724866 0)
(0.194008 0.065232 0)
(0.200184 0.0573096 0)
(0.205422 0.0487128 0)
(0.209663 0.039429 0)
(0.212847 0.0294384 0)
(0.214913 0.018711 0)
(0.2158 0.00720521 0)
(0.215441 -0.00513539 0)
(0.213767 -0.0183839 0)
(0.2107 -0.0326332 0)
(0.206156 -0.0479983 0)
(0.200039 -0.0646209 0)
(0.19224 -0.0826732 0)
(0.182637 -0.102365 0)
(0.171094 -0.123952 0)
(0.157457 -0.147751 0)
(0.141562 -0.174163 0)
(0.123234 -0.203694 0)
(0.102313 -0.23699 0)
(0.0787001 -0.274843 0)
(0.0524596 -0.318112 0)
(0.0240228 -0.367442 0)
(-0.00548333 -0.422569 0)
(-0.0338093 -0.480966 0)
(-0.0572669 -0.535814 0)
(-0.0709637 -0.57381 0)
(-0.0701071 -0.574422 0)
(-0.0529364 -0.513226 0)
(-0.0258258 -0.371278 0)
(-0.00560715 -0.146634 0)
(-0.00189769 0.0346527 0)
(-0.0100746 0.0888372 0)
(-0.0243187 0.127156 0)
(-0.0402058 0.151642 0)
(-0.0553067 0.165349 0)
(-0.0685817 0.171212 0)
(-0.0795959 0.171677 0)
(-0.0882795 0.168621 0)
(-0.0947707 0.163408 0)
(-0.099296 0.156995 0)
(-0.102103 0.15003 0)
(-0.103426 0.142942 0)
(-0.103474 0.13601 0)
(-0.102424 0.129411 0)
(-0.100424 0.123253 0)
(-0.0975911 0.1176 0)
(-0.0940216 0.112487 0)
(-0.0897891 0.10793 0)
(-0.0849506 0.103932 0)
(-0.0795487 0.100487 0)
(-0.0736143 0.0975826 0)
(-0.0671695 0.0952027 0)
(-0.0602295 0.0933253 0)
(-0.0528045 0.0919243 0)
(-0.0449015 0.0909693 0)
(-0.0365263 0.0904253 0)
(-0.0276844 0.0902526 0)
(-0.0183829 0.0904071 0)
(-0.00863143 0.0908398 0)
(0.0015569 0.0914979 0)
(0.0121643 0.0923245 0)
(0.0231679 0.0932596 0)
(0.0345389 0.0942407 0)
(0.0462425 0.0952037 0)
(0.0582376 0.0960843 0)
(0.0704768 0.0968184 0)
(0.082907 0.0973438 0)
(0.0954693 0.0976008 0)
(0.1081 0.0975335 0)
(0.12073 0.0970905 0)
(0.133289 0.0962257 0)
(0.145701 0.0948988 0)
(0.157891 0.0930754 0)
(0.16978 0.0907271 0)
(0.181293 0.0878314 0)
(0.192351 0.0843714 0)
(0.202878 0.0803348 0)
(0.212801 0.0757131 0)
(0.222047 0.0705007 0)
(0.230546 0.0646937 0)
(0.23823 0.0582882 0)
(0.245031 0.0512791 0)
(0.250886 0.043658 0)
(0.25573 0.0354121 0)
(0.259498 0.0265218 0)
(0.262125 0.0169587 0)
(0.263542 0.00668418 0)
(0.263676 -0.00435351 0)
(0.262448 -0.016221 0)
(0.259772 -0.0290028 0)
(0.255551 -0.0428035 0)
(0.249675 -0.0577524 0)
(0.242022 -0.0740072 0)
(0.232451 -0.0917614 0)
(0.220803 -0.111254 0)
(0.206899 -0.132783 0)
(0.19054 -0.156733 0)
(0.171507 -0.183603 0)
(0.14957 -0.21406 0)
(0.124517 -0.248976 0)
(0.0962317 -0.289435 0)
(0.0648631 -0.336568 0)
(0.0311543 -0.39101 0)
(-0.00303825 -0.451608 0)
(-0.0341767 -0.513135 0)
(-0.0568661 -0.563221 0)
(-0.0647699 -0.580027 0)
(-0.0536751 -0.533947 0)
(-0.0281478 -0.397339 0)
(-0.00649675 -0.160986 0)
(-0.00251421 0.0405225 0)
(-0.0126206 0.101945 0)
(-0.0293262 0.143226 0)
(-0.0469151 0.167678 0)
(-0.0625545 0.179669 0)
(-0.075296 0.183075 0)
(-0.0849262 0.180906 0)
(-0.0916119 0.175344 0)
(-0.0957002 0.167888 0)
(-0.0975835 0.159531 0)
(-0.0976331 0.150911 0)
(-0.0961735 0.142427 0)
(-0.0934765 0.134317 0)
(-0.0897627 0.126721 0)
(-0.0852079 0.119712 0)
(-0.0799496 0.113324 0)
(-0.0740935 0.107565 0)
(-0.067719 0.10243 0)
(-0.0608843 0.0979056 0)
(-0.0536305 0.0939707 0)
(-0.045985 0.0906025 0)
(-0.0379646 0.0877751 0)
(-0.0295783 0.0854604 0)
(-0.0208292 0.0836281 0)
(-0.0117168 0.0822449 0)
(-0.00223889 0.081275 0)
(0.00760726 0.0806794 0)
(0.017823 0.0804156 0)
(0.0284071 0.0804379 0)
(0.0393548 0.0806975 0)
(0.0506567 0.0811424 0)
(0.0622979 0.0817182 0)
(0.0742578 0.0823685 0)
(0.0865092 0.0830356 0)
(0.0990182 0.0836615 0)
(0.111745 0.0841884 0)
(0.124641 0.0845601 0)
(0.137656 0.0847225 0)
(0.15073 0.0846245 0)
(0.1638 0.084219 0)
(0.176799 0.0834633 0)
(0.189655 0.0823195 0)
(0.202296 0.0807549 0)
(0.214647 0.0787422 0)
(0.226632 0.0762591 0)
(0.238175 0.0732878 0)
(0.249201 0.0698151 0)
(0.259634 0.065831 0)
(0.269401 0.0613283 0)
(0.278431 0.0563012 0)
(0.286653 0.0507443 0)
(0.293997 0.044651 0)
(0.300395 0.0380125 0)
(0.305777 0.030816 0)
(0.310074 0.023043 0)
(0.313214 0.0146677 0)
(0.31512 0.00565529 0)
(0.315713 -0.00404024 0)
(0.314905 -0.0144779 0)
(0.312598 -0.0257322 0)
(0.308685 -0.037896 0)
(0.303042 -0.0510841 0)
(0.295532 -0.0654376 0)
(0.285997 -0.0811309 0)
(0.274258 -0.0983813 0)
(0.260112 -0.117465 0)
(0.243328 -0.138739 0)
(0.223645 -0.162682 0)
(0.200776 -0.189948 0)
(0.174413 -0.221439 0)
(0.144277 -0.258371 0)
(0.110243 -0.302246 0)
(0.0726325 -0.354502 0)
(0.0327674 -0.415426 0)
(-0.00623625 -0.481802 0)
(-0.0387986 -0.543108 0)
(-0.0571489 -0.577352 0)
(-0.0541378 -0.550191 0)
(-0.0313354 -0.423554 0)
(-0.00784018 -0.177053 0)
(-0.00351531 0.0480933 0)
(-0.0163521 0.117843 0)
(-0.0360666 0.161523 0)
(-0.0552255 0.18469 0)
(-0.0706751 0.193661 0)
(-0.0817968 0.193525 0)
(-0.0887952 0.187932 0)
(-0.0922055 0.179344 0)
(-0.0926642 0.169339 0)
(-0.0907735 0.158895 0)
(-0.087049 0.148593 0)
(-0.0819111 0.138764 0)
(-0.0756922 0.129582 0)
(-0.0686496 0.121129 0)
(-0.0609791 0.113429 0)
(-0.0528272 0.106478 0)
(-0.0443007 0.10025 0)
(-0.0354755 0.094716 0)
(-0.0264028 0.0898392 0)
(-0.0171148 0.0855838 0)
(-0.00762889 0.0819137 0)
(0.00204907 0.0787933 0)
(0.0119214 0.0761872 0)
(0.0219963 0.0740601 0)
(0.0322857 0.0723761 0)
(0.0428033 0.071098 0)
(0.0535631 0.0701873 0)
(0.0645775 0.0696034 0)
(0.0758564 0.0693038 0)
(0.0874059 0.0692437 0)
(0.099227 0.0693762 0)
(0.111316 0.0696529 0)
(0.123661 0.0700235 0)
(0.136245 0.0704371 0)
(0.149044 0.0708424 0)
(0.162027 0.0711884 0)
(0.175155 0.0714253 0)
(0.188383 0.0715051 0)
(0.201661 0.0713824 0)
(0.214932 0.0710147 0)
(0.228133 0.0703635 0)
(0.2412 0.0693943 0)
(0.254065 0.0680767 0)
(0.266654 0.0663851 0)
(0.278896 0.064298 0)
(0.290715 0.0617982 0)
(0.302038 0.0588718 0)
(0.31279 0.0555085 0)
(0.322897 0.0516999 0)
(0.332285 0.0474393 0)
(0.340881 0.0427203 0)
(0.348612 0.0375361 0)
(0.355406 0.0318778 0)
(0.361189 0.0257335 0)
(0.365885 0.0190865 0)
(0.369417 0.0119146 0)
(0.371702 0.00418748 0)
(0.372651 -0.00413426 0)
(0.372169 -0.0131008 0)
(0.370149 -0.022776 0)
(0.366473 -0.0332392 0)
(0.361006 -0.0445893 0)
(0.353598 -0.0569488 0)
(0.344076 -0.0704703 0)
(0.332242 -0.0853464 0)
(0.317872 -0.101824 0)
(0.300708 -0.12023 0)
(0.280454 -0.141006 0)
(0.256769 -0.164769 0)
(0.229265 -0.192403 0)
(0.197523 -0.225167 0)
(0.161163 -0.264789 0)
(0.120067 -0.313343 0)
(0.0749016 -0.372485 0)
(0.0280561 -0.441311 0)
(-0.0151681 -0.512096 0)
(-0.0459044 -0.564286 0)
(-0.0537343 -0.560034 0)
(-0.0356924 -0.449502 0)
(-0.00994295 -0.195639 0)
(-0.00522 0.0583024 0)
(-0.0219765 0.137438 0)
(-0.0451376 0.182147 0)
(-0.0651477 0.201983 0)
(-0.0788768 0.206106 0)
(-0.0864864 0.20109 0)
(-0.0888955 0.191219 0)
(-0.0871752 0.179137 0)
(-0.0823348 0.166398 0)
(-0.0752177 0.153872 0)
(-0.0664857 0.142016 0)
(-0.0566414 0.131046 0)
(-0.0460579 0.121038 0)
(-0.0350072 0.111996 0)
(-0.0236833 0.103881 0)
(-0.0122212 0.0966393 0)
(-0.000711284 0.0902093 0)
(0.01079 0.08453 0)
(0.0222517 0.0795433 0)
(0.0336617 0.0751956 0)
(0.0450226 0.0714375 0)
(0.056347 0.0682237 0)
(0.0676551 0.0655119 0)
(0.0789722 0.063262 0)
(0.090326 0.0614356 0)
(0.101745 0.0599948 0)
(0.113258 0.0589018 0)
(0.124892 0.0581182 0)
(0.136668 0.0576048 0)
(0.148607 0.0573215 0)
(0.16072 0.0572268 0)
(0.173017 0.057278 0)
(0.185498 0.0574319 0)
(0.198156 0.0576445 0)
(0.210978 0.0578715 0)
(0.223943 0.0580694 0)
(0.237022 0.0581953 0)
(0.25018 0.0582079 0)
(0.263374 0.0580679 0)
(0.276556 0.0577386 0)
(0.28967 0.0571863 0)
(0.302659 0.0563805 0)
(0.315457 0.0552943 0)
(0.327999 0.0539046 0)
(0.340215 0.0521919 0)
(0.352032 0.0501399 0)
(0.363379 0.0477357 0)
(0.374181 0.0449688 0)
(0.384364 0.0418312 0)
(0.393854 0.0383158 0)
(0.402575 0.0344163 0)
(0.410452 0.0301261 0)
(0.417408 0.0254371 0)
(0.423367 0.0203391 0)
(0.428248 0.014818 0)
(0.431967 0.00885547 0)
(0.434437 0.0024266 0)
(0.435563 -0.00450093 0)
(0.435242 -0.0119679 0)
(0.433361 -0.0200264 0)
(0.429794 -0.0287418 0)
(0.424399 -0.0381958 0)
(0.417015 -0.0484907 0)
(0.407459 -0.0597552 0)
(0.39552 -0.0721539 0)
(0.380959 -0.0859012 0)
(0.363494 -0.101284 0)
(0.3428 -0.118696 0)
(0.318493 -0.1387 0)
(0.290116 -0.162115 0)
(0.257129 -0.190163 0)
(0.218925 -0.224642 0)
(0.174959 -0.268023 0)
(0.125158 -0.323106 0)
(0.0708719 -0.391372 0)
(0.0164998 -0.46877 0)
(-0.0286885 -0.538152 0)
(-0.051046 -0.56053 0)
(-0.0413059 -0.474065 0)
(-0.0132277 -0.217903 0)
(-0.00821668 0.0727637 0)
(-0.0305724 0.161804 0)
(-0.0569773 0.204614 0)
(-0.0757471 0.217892 0)
(-0.0847323 0.214751 0)
(-0.0856494 0.203368 0)
(-0.0805228 0.188475 0)
(-0.0711237 0.172675 0)
(-0.0588765 0.157306 0)
(-0.0448461 0.142994 0)
(-0.0297935 0.129983 0)
(-0.0142483 0.118315 0)
(0.00142902 0.107936 0)
(0.0170003 0.0987485 0)
(0.0323146 0.0906421 0)
(0.0472833 0.0835071 0)
(0.0618612 0.0772423 0)
(0.0760346 0.0717571 0)
(0.0898115 0.0669719 0)
(0.103215 0.0628172 0)
(0.11628 0.0592323 0)
(0.129047 0.0561638 0)
(0.141561 0.0535643 0)
(0.153871 0.0513906 0)
(0.166023 0.0496033 0)
(0.178067 0.0481647 0)
(0.190046 0.0470389 0)
(0.202002 0.0461907 0)
(0.213974 0.0455849 0)
(0.225993 0.0451865 0)
(0.238085 0.0449597 0)
(0.250271 0.0448688 0)
(0.262563 0.0448774 0)
(0.274967 0.0449489 0)
(0.287478 0.0450469 0)
(0.300088 0.0451353 0)
(0.312776 0.0451791 0)
(0.325518 0.045144 0)
(0.338279 0.0449977 0)
(0.351019 0.0447098 0)
(0.363692 0.0442522 0)
(0.376244 0.0435995 0)
(0.388618 0.042729 0)
(0.400753 0.0416211 0)
(0.412582 0.0402591 0)
(0.424039 0.0386289 0)
(0.435053 0.0367191 0)
(0.44555 0.0345205 0)
(0.455459 0.0320257 0)
(0.464704 0.0292285 0)
(0.473209 0.0261233 0)
(0.480898 0.0227046 0)
(0.487693 0.0189657 0)
(0.493512 0.0148984 0)
(0.498275 0.010492 0)
(0.501893 0.00573217 0)
(0.504276 0.000599083 0)
(0.505326 -0.00493059 0)
(0.504937 -0.010889 0)
(0.502993 -0.0173166 0)
(0.499363 -0.0242642 0)
(0.493905 -0.0317959 0)
(0.486452 -0.0399926 0)
(0.476819 -0.0489579 0)
(0.46479 -0.0588257 0)
(0.450115 -0.0697734 0)
(0.432502 -0.0820418 0)
(0.411605 -0.0959674 0)
(0.387006 -0.112036 0)
(0.358194 -0.130971 0)
(0.324529 -0.153881 0)
(0.285214 -0.182478 0)
(0.239315 -0.219353 0)
(0.185994 -0.268049 0)
(0.125293 -0.332185 0)
(0.0599754 -0.411948 0)
(-0.00147548 -0.495795 0)
(-0.0429884 -0.5473 0)
(-0.0473793 -0.494672 0)
(-0.0180571 -0.245264 0)
(-0.0134703 0.0942851 0)
(-0.0434236 0.191744 0)
(-0.0707565 0.226894 0)
(-0.0832026 0.228859 0)
(-0.0818434 0.215642 0)
(-0.0710769 0.196648 0)
(-0.0543704 0.176522 0)
(-0.0342118 0.157385 0)
(-0.0123298 0.140064 0)
(0.0101403 0.124765 0)
(0.0324863 0.111416 0)
(0.0542793 0.0998344 0)
(0.075276 0.0898088 0)
(0.0953548 0.0811333 0)
(0.114473 0.073623 0)
(0.132636 0.0671177 0)
(0.149883 0.061482 0)
(0.16627 0.0566021 0)
(0.181867 0.052383 0)
(0.196747 0.0487453 0)
(0.210988 0.0456221 0)
(0.224667 0.0429566 0)
(0.237862 0.0407 0)
(0.250646 0.0388095 0)
(0.263089 0.0372471 0)
(0.27526 0.035978 0)
(0.287221 0.0349699 0)
(0.299028 0.0341922 0)
(0.310732 0.033615 0)
(0.322379 0.0332092 0)
(0.334006 0.032946 0)
(0.345644 0.0327967 0)
(0.357316 0.0327324 0)
(0.369037 0.0327246 0)
(0.380812 0.0327449 0)
(0.392641 0.0327654 0)
(0.404514 0.0327588 0)
(0.416414 0.0326989 0)
(0.428314 0.0325606 0)
(0.440182 0.0323205 0)
(0.451978 0.0319567 0)
(0.463657 0.0314495 0)
(0.475168 0.0307814 0)
(0.486454 0.0299369 0)
(0.497455 0.0289029 0)
(0.508107 0.0276683 0)
(0.518343 0.0262242 0)
(0.528094 0.0245633 0)
(0.537289 0.0226798 0)
(0.545856 0.0205688 0)
(0.553718 0.0182262 0)
(0.560802 0.0156477 0)
(0.567029 0.0128289 0)
(0.572319 0.00976373 0)
(0.576591 0.0064449 0)
(0.579756 0.00286261 0)
(0.581726 -0.000998186 0)
(0.582405 -0.00515296 0)
(0.581687 -0.00962489 0)
(0.579457 -0.0144431 0)
(0.575592 -0.0196443 0)
(0.569948 -0.0252754 0)
(0.562368 -0.0313963 0)
(0.552669 -0.0380844 0)
(0.540642 -0.0454419 0)
(0.526039 -0.0536058 0)
(0.50857 -0.0627655 0)
(0.487883 -0.0731898 0)
(0.463544 -0.0852723 0)
(0.435005 -0.0996087 0)
(0.401556 -0.117129 0)
(0.36225 -0.139327 0)
(0.315835 -0.168612 0)
(0.260768 -0.208739 0)
(0.195649 -0.264802 0)
(0.120863 -0.341162 0)
(0.0424287 -0.433886 0)
(-0.0233029 -0.514195 0)
(-0.0507034 -0.506294 0)
(-0.0240023 -0.279437 0)
(-0.0220255 0.128023 0)
(-0.0604512 0.226038 0)
(-0.0803924 0.242739 0)
(-0.075585 0.227391 0)
(-0.0546717 0.202006 0)
(-0.025571 0.175536 0)
(0.00708826 0.151395 0)
(0.0405858 0.130544 0)
(0.0733624 0.112942 0)
(0.104605 0.0982075 0)
(0.133948 0.0858938 0)
(0.161279 0.0755836 0)
(0.186626 0.0669197 0)
(0.21009 0.0596084 0)
(0.231811 0.0534128 0)
(0.251941 0.0481433 0)
(0.270634 0.0436489 0)
(0.288041 0.0398087 0)
(0.304305 0.0365259 0)
(0.319559 0.0337222 0)
(0.333929 0.0313338 0)
(0.347529 0.0293079 0)
(0.360467 0.0276006 0)
(0.372842 0.0261744 0)
(0.384745 0.0249967 0)
(0.396259 0.0240389 0)
(0.407459 0.0232748 0)
(0.418414 0.0226803 0)
(0.429184 0.0222325 0)
(0.439823 0.0219096 0)
(0.450374 0.0216903 0)
(0.460877 0.0215535 0)
(0.471359 0.0214788 0)
(0.481842 0.0214457 0)
(0.492338 0.0214343 0)
(0.502852 0.0214248 0)
(0.513381 0.0213983 0)
(0.523913 0.0213364 0)
(0.534429 0.0212216 0)
(0.544901 0.0210377 0)
(0.555298 0.0207696 0)
(0.565579 0.0204035 0)
(0.5757 0.0199272 0)
(0.585609 0.0193303 0)
(0.595253 0.0186034 0)
(0.604573 0.0177393 0)
(0.613508 0.0167316 0)
(0.621993 0.0155756 0)
(0.629962 0.0142674 0)
(0.637347 0.0128041 0)
(0.644077 0.011183 0)
(0.650082 0.00940162 0)
(0.655289 0.00745731 0)
(0.659622 0.00534654 0)
(0.663005 0.00306456 0)
(0.665354 0.000604762 0)
(0.666588 -0.00203824 0)
(0.666618 -0.00487795 0)
(0.665345 -0.00792884 0)
(0.662666 -0.0112093 0)
(0.658466 -0.0147434 0)
(0.652617 -0.0185618 0)
(0.644974 -0.0227046 0)
(0.635371 -0.0272243 0)
(0.623616 -0.0321912 0)
(0.609482 -0.0377009 0)
(0.592696 -0.0438879 0)
(0.572922 -0.0509461 0)
(0.549735 -0.0591636 0)
(0.522584 -0.0689824 0)
(0.490726 -0.0811045 0)
(0.453129 -0.0966854 0)
(0.40832 -0.117685 0)
(0.354208 -0.14746 0)
(0.288044 -0.191497 0)
(0.20738 -0.25725 0)
(0.11382 -0.349356 0)
(0.0197605 -0.452922 0)
(-0.0429688 -0.499645 0)
(-0.027843 -0.322097 0)
(-0.0321936 0.182498 0)
(-0.0728141 0.255524 0)
(-0.0616929 0.235375 0)
(-0.0201051 0.198726 0)
(0.0314542 0.163474 0)
(0.0840189 0.133573 0)
(0.134015 0.109543 0)
(0.179952 0.0906196 0)
(0.22142 0.0757456 0)
(0.258563 0.0639847 0)
(0.291752 0.0546052 0)
(0.32142 0.0470531 0)
(0.348001 0.040913 0)
(0.37189 0.0358748 0)
(0.393444 0.0317067 0)
(0.412973 0.0282341 0)
(0.430749 0.0253248 0)
(0.447006 0.0228773 0)
(0.461951 0.0208134 0)
(0.475762 0.0190716 0)
(0.488598 0.0176035 0)
(0.500599 0.01637 0)
(0.511887 0.0153391 0)
(0.522574 0.0144844 0)
(0.532757 0.0137835 0)
(0.542525 0.0132169 0)
(0.551957 0.0127674 0)
(0.56112 0.0124193 0)
(0.570077 0.0121581 0)
(0.578879 0.0119701 0)
(0.587572 0.0118422 0)
(0.596193 0.0117616 0)
(0.60477 0.0117161 0)
(0.613326 0.0116934 0)
(0.621873 0.0116817 0)
(0.630417 0.0116695 0)
(0.638959 0.0116456 0)
(0.647488 0.0115994 0)
(0.655991 0.0115207 0)
(0.664444 0.0114002 0)
(0.67282 0.0112292 0)
(0.681086 0.011 0)
(0.689201 0.0107055 0)
(0.697125 0.0103399 0)
(0.704808 0.00989824 0)
(0.7122 0.00937634 0)
(0.719249 0.00877102 0)
(0.725897 0.00807982 0)
(0.732088 0.00730091 0)
(0.737762 0.00643295 0)
(0.742858 0.00547486 0)
(0.747316 0.00442569 0)
(0.751071 0.0032843 0)
(0.754059 0.00204913 0)
(0.756215 0.000717643 0)
(0.757471 -0.000713191 0)
(0.757756 -0.00224514 0)
(0.756992 -0.0038862 0)
(0.755101 -0.00564427 0)
(0.751995 -0.00752925 0)
(0.74758 -0.00955423 0)
(0.74175 -0.0117364 0)
(0.734386 -0.0140984 0)
(0.725351 -0.0166703 0)
(0.714485 -0.0194927 0)
(0.701598 -0.0226222 0)
(0.686455 -0.0261392 0)
(0.668766 -0.0301612 0)
(0.648152 -0.0348654 0)
(0.624107 -0.0405264 0)
(0.595926 -0.0475867 0)
(0.562589 -0.0567875 0)
(0.522566 -0.0694305 0)
(0.473484 -0.0879075 0)
(0.411667 -0.116724 0)
(0.332009 -0.163996 0)
(0.229981 -0.241336 0)
(0.107434 -0.353038 0)
(-0.00541219 -0.455956 0)
(-0.0177923 -0.364871 0)
(-0.0159886 0.246519 0)
(-0.0251955 0.248173 0)
(0.0633678 0.180024 0)
(0.160335 0.130793 0)
(0.242975 0.0968527 0)
(0.311971 0.0726394 0)
(0.369724 0.0554319 0)
(0.41804 0.0432121 0)
(0.458583 0.034409 0)
(0.492852 0.027935 0)
(0.522071 0.0230748 0)
(0.547204 0.0193551 0)
(0.569006 0.0164571 0)
(0.588074 0.0141628 0)
(0.60488 0.0123213 0)
(0.619802 0.0108262 0)
(0.633147 0.00960135 0)
(0.645165 0.00859104 0)
(0.656064 0.00775406 0)
(0.666016 0.00705923 0)
(0.67517 0.0064826 0)
(0.68365 0.00600543 0)
(0.691564 0.00561279 0)
(0.699006 0.00529251 0)
(0.706059 0.00503448 0)
(0.712793 0.00483004 0)
(0.719271 0.00467166 0)
(0.725548 0.00455258 0)
(0.731671 0.00446659 0)
(0.737679 0.00440791 0)
(0.743606 0.00437104 0)
(0.74948 0.00435068 0)
(0.755322 0.00434171 0)
(0.761146 0.00433917 0)
(0.766961 0.00433822 0)
(0.772771 0.00433422 0)
(0.778573 0.00432268 0)
(0.78436 0.00429937 0)
(0.790118 0.00426032 0)
(0.79583 0.00420186 0)
(0.801474 0.00412068 0)
(0.807023 0.00401383 0)
(0.812447 0.00387877 0)
(0.817712 0.00371338 0)
(0.822783 0.00351592 0)
(0.827622 0.00328509 0)
(0.832188 0.0030199 0)
(0.836439 0.00271973 0)
(0.840332 0.00238417 0)
(0.843825 0.00201303 0)
(0.846872 0.0016062 0)
(0.849429 0.00116358 0)
(0.85145 0.000684989 0)
(0.852889 0.000170084 0)
(0.8537 -0.000380807 0)
(0.853835 -0.000969029 0)
(0.853244 -0.00159786 0)
(0.851873 -0.00226818 0)
(0.849668 -0.00298279 0)
(0.846567 -0.00374577 0)
(0.842508 -0.00456238 0)
(0.837415 -0.00543956 0)
(0.831206 -0.00638649 0)
(0.823788 -0.00741557 0)
(0.815047 -0.00854388 0)
(0.804848 -0.00979545 0)
(0.793024 -0.011205 0)
(0.77936 -0.0128238 0)
(0.763572 -0.0147301 0)
(0.74527 -0.0170463 0)
(0.723896 -0.0199711 0)
(0.698615 -0.023841 0)
(0.66812 -0.0292587 0)
(0.630256 -0.037383 0)
(0.581301 -0.0506352 0)
(0.514796 -0.0744537 0)
(0.420282 -0.121043 0)
(0.281631 -0.21038 0)
(0.110863 -0.339263 0)
(0.0489344 -0.351679 0)
(0.275645 0.140935 0)
(0.349516 0.122469 0)
(0.491064 0.0777253 0)
(0.59978 0.04916 0)
(0.669625 0.0319709 0)
(0.717189 0.0211652 0)
(0.751898 0.0143284 0)
(0.778064 0.0100115 0)
(0.79826 0.00724773 0)
(0.814245 0.00543153 0)
(0.827198 0.00420148 0)
(0.837905 0.00334241 0)
(0.846903 0.0027241 0)
(0.854574 0.00226647 0)
(0.861195 0.00191938 0)
(0.866975 0.00165078 0)
(0.872072 0.00143965 0)
(0.87661 0.00127181 0)
(0.880687 0.00113743 0)
(0.884385 0.00102953 0)
(0.887768 0.000942985 0)
(0.890892 0.000873963 0)
(0.893803 0.000819495 0)
(0.896541 0.000777226 0)
(0.89914 0.000745227 0)
(0.901628 0.000721874 0)
(0.904031 0.000705754 0)
(0.90637 0.000695604 0)
(0.908664 0.000690268 0)
(0.910926 0.000688663 0)
(0.913169 0.000689758 0)
(0.915402 0.000692563 0)
(0.917631 0.000696124 0)
(0.919861 0.000699515 0)
(0.922092 0.000701847 0)
(0.924324 0.000702269 0)
(0.926552 0.000699976 0)
(0.928771 0.000694215 0)
(0.930972 0.000684299 0)
(0.933147 0.000669611 0)
(0.935282 0.000649613 0)
(0.937365 0.00062385 0)
(0.939381 0.000591955 0)
(0.941314 0.000553652 0)
(0.943147 0.000508749 0)
(0.944863 0.000457134 0)
(0.946444 0.000398769 0)
(0.947871 0.000333675 0)
(0.949126 0.000261915 0)
(0.95019 0.000183579 0)
(0.951044 9.87648e-05 0)
(0.95167 7.54214e-06 0)
(0.95205 -9.00558e-05 0)
(0.952166 -0.00019405 0)
(0.951997 -0.000303389 0)
(0.951526 -0.000419335 0)
(0.950732 -0.00054262 0)
(0.949594 -0.000673065 0)
(0.948092 -0.000811087 0)
(0.946201 -0.000957516 0)
(0.943895 -0.00111341 0)
(0.941146 -0.00128016 0)
(0.937919 -0.00145961 0)
(0.934175 -0.00165434 0)
(0.929869 -0.00186791 0)
(0.924943 -0.00210547 0)
(0.919324 -0.0023745 0)
(0.912917 -0.0026863 0)
(0.905593 -0.00305814 0)
(0.89717 -0.00351729 0)
(0.887381 -0.0041081 0)
(0.875822 -0.00490587 0)
(0.861838 -0.00604617 0)
(0.844309 -0.00779423 0)
(0.821131 -0.0107331 0)
(0.787914 -0.016318 0)
(0.735126 -0.028655 0)
(0.636207 -0.0584531 0)
(0.459207 -0.120519 0)
(0.329766 -0.156299 0)
)
;

boundaryField
{
    movingWall
    {
        type            fixedValue;
        value           uniform (1 0 0);
    }
    fixedWalls
    {
        type            noSlip;
    }
    frontAndBack
    {
        type            empty;
    }
}


// ************************************************************************* //
